#NUMBER OF AGES= 1
#----------------------------------------------------       
#MIX-LEN  Y      Z          Zeff        [Fe/H] [a/Fe]
# 1.9380  0.2846 2.4865E-02 2.4865E-02   0.20   0.00 
#----------------------------------------------------       
#**PHOTOMETRIC SYSTEM**: SDSS (AB)                          
#----------------------------------------------------       
#AGE= 1.000 EEPS=277
#EEP   M/Mo    LogTeff  LogG   LogL/Lo sdss_u  sdss_g  sdss_r  sdss_i  sdss_z
   2  0.113981  3.5006  5.2372 -2.7866 17.9109 14.8504 13.3561 12.0464 11.2886
   3  0.134887  3.5005  5.1685 -2.6452 17.5110 14.4920 13.0055 11.6964 10.9375
   4  0.175430  3.5038  5.0864 -2.4357 16.8478 13.9037 12.4381 11.1560 10.4105
   5  0.247448  3.5142  5.0135 -2.1726 15.9169 13.0759 11.6546 10.4444  9.7405
   6  0.304766  3.5215  4.9713 -2.0100 15.3497 12.5610 11.1694 10.0043  9.3284
   7  0.321269  3.5234  4.9547 -1.9631 15.1931 12.4176 11.0345  9.8793  9.2101
   8  0.331625  3.5245  4.9425 -1.9326 15.0936 12.3265 10.9489  9.7990  9.1337
   9  0.341263  3.5257  4.9321 -1.9054 15.0031 12.2435 10.8713  9.7266  9.0650
  10  0.349553  3.5268  4.9249 -1.8836 14.9296 12.1755 10.8080  9.6682  9.0105
  11  0.356722  3.5277  4.9190 -1.8653 14.8669 12.1173 10.7538  9.6186  8.9642
  12  0.363222  3.5287  4.9145 -1.8493 14.8115 12.0660 10.7060  9.5752  8.9241
  13  0.376185  3.5305  4.9031 -1.8157 14.6971 11.9593 10.6068  9.4844  8.8395
  14  0.435610  3.5404  4.8549 -1.6629 14.1683 11.4601 10.1380  9.0674  8.4575
  15  0.457328  3.5449  4.8368 -1.6055 13.9703 11.2674  9.9582  8.9082  8.3145
  16  0.476714  3.5496  4.8200 -1.5520 13.7865 11.0851  9.7869  8.7582  8.1817
  17  0.492563  3.5537  4.8057 -1.5073 13.6343 10.9309  9.6407  8.6316  8.0707
  18  0.505948  3.5573  4.7934 -1.4689 13.5045 10.7968  9.5125  8.5231  7.9762
  19  0.517738  3.5606  4.7828 -1.4349 13.3900 10.6766  9.3966  8.4268  7.8929
  20  0.527492  3.5635  4.7742 -1.4066 13.2941 10.5741  9.2970  8.3463  7.8240
  21  0.535861  3.5660  4.7666 -1.3822 13.2122 10.4862  9.2109  8.2773  7.7651
  22  0.544682  3.5687  4.7587 -1.3566 13.1263 10.3938  9.1205  8.2048  7.7032
  23  0.557072  3.5729  4.7487 -1.3199 13.0029 10.2565  8.9858  8.0986  7.6145
  24  0.575564  3.5795  4.7347 -1.2654 12.8187 10.0459  8.7767  7.9378  7.4828
  25  0.600594  3.5888  4.7168 -1.1918 12.5620  9.7470  8.4745  7.7148  7.3056
  26  0.607917  3.5903  4.7052 -1.1665 12.5488  9.6794  8.3948  7.6481  7.2474
  27  0.749048  3.6491  4.6459 -0.7895 10.7191  8.0336  6.9465  6.5337  6.3290
  28  0.767452  3.6567  4.6364 -0.7384 10.4945  7.8261  6.7639  6.3892  6.2083
  29  0.789611  3.6661  4.6257 -0.6766 10.2231  7.5720  6.5450  6.2151  6.0624
  30  0.912332  3.7173  4.5787 -0.3576  8.3863  6.2723  5.5394  5.3567  5.2936
  31  0.928745  3.7228  4.5711 -0.3198  8.1785  6.1389  5.4346  5.2621  5.2064
  32  0.945033  3.7282  4.5631 -0.2829  7.9822  6.0110  5.3342  5.1712  5.1225
  33  0.960612  3.7331  4.5549 -0.2484  7.8050  5.8943  5.2415  5.0870  5.0445
  34  0.973688  3.7370  4.5479 -0.2203  7.6591  5.7987  5.1655  5.0176  4.9803
  35  0.989201  3.7417  4.5394 -0.1862  7.4876  5.6865  5.0751  4.9348  4.9034
  36  1.005272  3.7463  4.5301 -0.1514  7.3171  5.5738  4.9837  4.8510  4.8251
  37  1.021021  3.7506  4.5205 -0.1175  7.1575  5.4659  4.8961  4.7704  4.7499
  38  1.036057  3.7547  4.5110 -0.0854  7.0114  5.3653  4.8139  4.6944  4.6788
  39  1.056670  3.7600  4.4979 -0.0426  6.8178  5.2312  4.7037  4.5925  4.5835
  40  1.103627  3.7713  4.4666  0.0532  6.3954  4.9351  4.4598  4.3664  4.3711
  41  1.111482  3.7730  4.4600  0.0693  6.3393  4.8905  4.4216  4.3306  4.3369
  42  1.127541  3.7765  4.4481  0.1014  6.2103  4.7947  4.3419  4.2564  4.2671
  43  1.215819  3.7933  4.3862  0.2621  5.6061  4.3308  3.9446  3.8820  3.9107
  44  1.241212  3.7977  4.3675  0.3069  5.4553  4.2071  3.8349  3.7777  3.8105
  45  1.306390  3.8097  4.3196  0.4261  5.0530  3.8735  3.5429  3.5019  3.5471
  46  1.399107  3.8246  4.2592  0.5764  4.5788  3.4466  3.1797  3.1656  3.2305
  47  1.459693  3.8338  4.2258  0.6651  4.3051  3.1985  2.9653  2.9659  3.0413
  48  1.504181  3.8404  4.2026  0.7278  4.1262  3.0248  2.8152  2.8271  2.9108
  49  1.543031  3.8453  4.1789  0.7822  3.9753  2.8738  2.6839  2.7056  2.7958
  50  1.604954  3.8532  4.1460  0.8635  3.7467  2.6515  2.4884  2.5234  2.6223
  51  1.673174  3.8610  4.1075  0.9512  3.5084  2.4139  2.2770  2.3255  2.4333
  52  1.684100  3.8621  4.1012  0.9650  3.4714  2.3767  2.2438  2.2943  2.4033
  53  1.694025  3.8631  4.0953  0.9773  3.4384  2.3434  2.2138  2.2661  2.3762
  54  1.703171  3.8640  4.0898  0.9888  3.4081  2.3127  2.1860  2.2399  2.3510
  55  1.712363  3.8648  4.0842  1.0001  3.3782  2.2824  2.1586  2.2140  2.3259
  56  1.721621  3.8657  4.0784  1.0115  3.3484  2.2520  2.1310  2.1879  2.3007
  57  1.731290  3.8665  4.0724  1.0233  3.3173  2.2204  2.1022  2.1607  2.2744
  58  1.741788  3.8674  4.0660  1.0360  3.2840  2.1866  2.0716  2.1317  2.2464
  59  1.752194  3.8682  4.0592  1.0486  3.2512  2.1531  2.0408  2.1025  2.2179
  60  1.762702  3.8690  4.0520  1.0614  3.2183  2.1195  2.0097  2.0728  2.1891
  61  1.773404  3.8696  4.0447  1.0742  3.1853  2.0856  1.9784  2.0428  2.1597
  62  1.784103  3.8704  4.0370  1.0871  3.1525  2.0519  1.9469  2.0125  2.1301
  63  1.795052  3.8709  4.0289  1.1000  3.1194  2.0179  1.9150  1.9818  2.0998
  64  1.806109  3.8714  4.0206  1.1132  3.0859  1.9835  1.8826  1.9505  2.0691
  65  1.817349  3.8718  4.0118  1.1265  3.0522  1.9488  1.8497  1.9185  2.0375
  66  1.828918  3.8723  4.0025  1.1402  3.0178  1.9133  1.8158  1.8855  2.0049
  67  1.840619  3.8726  3.9929  1.1540  2.9833  1.8775  1.7814  1.8520  1.9716
  68  1.852511  3.8730  3.9829  1.1680  2.9484  1.8413  1.7466  1.8178  1.9378
  69  1.863945  3.8732  3.9726  1.1817  2.9147  1.8062  1.7124  1.7842  1.9041
  70  1.875190  3.8732  3.9620  1.1951  2.8820  1.7721  1.6786  1.7507  1.8707
  71  1.886002  3.8731  3.9512  1.2081  2.8508  1.7393  1.6459  1.7182  1.8379
  72  1.896520  3.8729  3.9403  1.2207  2.8209  1.7077  1.6140  1.6861  1.8056
  73  1.906707  3.8726  3.9291  1.2329  2.7921  1.6773  1.5830  1.6547  1.7737
  74  1.916592  3.8722  3.9180  1.2446  2.7646  1.6481  1.5528  1.6241  1.7425
  75  1.926131  3.8716  3.9067  1.2559  2.7385  1.6204  1.5236  1.5942  1.7119
  76  1.935445  3.8710  3.8952  1.2668  2.7136  1.5937  1.4951  1.5649  1.6818
  77  1.944603  3.8703  3.8836  1.2775  2.6895  1.5680  1.4673  1.5360  1.6519
  78  1.953680  3.8694  3.8718  1.2880  2.6660  1.5428  1.4397  1.5071  1.6221
  79  1.962673  3.8684  3.8596  1.2983  2.6434  1.5185  1.4125  1.4784  1.5923
  80  1.971653  3.8673  3.8470  1.3085  2.6214  1.4947  1.3854  1.4497  1.5622
  81  1.980588  3.8662  3.8341  1.3186  2.6000  1.4715  1.3586  1.4210  1.5322
  82  1.986438  3.8653  3.8255  1.3251  2.5863  1.4564  1.3411  1.4021  1.5124
  83  1.992288  3.8644  3.8166  1.3317  2.5730  1.4416  1.3236  1.3833  1.4925
  84  1.998206  3.8634  3.8075  1.3381  2.5599  1.4271  1.3062  1.3644  1.4725
  85  2.004107  3.8624  3.7982  1.3445  2.5471  1.4127  1.2887  1.3453  1.4523
  86  2.009986  3.8613  3.7887  1.3510  2.5345  1.3984  1.2712  1.3261  1.4318
  87  2.015876  3.8601  3.7791  1.3574  2.5221  1.3845  1.2537  1.3069  1.4113
  88  2.021774  3.8590  3.7691  1.3637  2.5102  1.3707  1.2364  1.2877  1.3909
  89  2.027695  3.8577  3.7591  1.3699  2.4988  1.3575  1.2193  1.2686  1.3703
  90  2.033538  3.8563  3.7488  1.3762  2.4878  1.3445  1.2023  1.2494  1.3496
  91  2.039347  3.8549  3.7383  1.3823  2.4774  1.3321  1.1853  1.2301  1.3287
  92  2.045130  3.8535  3.7275  1.3884  2.4674  1.3200  1.1685  1.2109  1.3079
  93  2.050858  3.8519  3.7166  1.3944  2.4583  1.3085  1.1519  1.1917  1.2869
  94  2.056540  3.8503  3.7054  1.4001  2.4498  1.2975  1.1356  1.1728  1.2660
  95  2.062179  3.8486  3.6940  1.4059  2.4419  1.2869  1.1195  1.1538  1.2452
  96  2.067754  3.8468  3.6825  1.4116  2.4345  1.2767  1.1035  1.1350  1.2243
  97  2.073281  3.8450  3.6709  1.4172  2.4276  1.2668  1.0877  1.1162  1.2034
  98  2.078767  3.8432  3.6591  1.4227  2.4213  1.2573  1.0722  1.0977  1.1829
  99  2.084205  3.8413  3.6472  1.4282  2.4154  1.2481  1.0568  1.0793  1.1624
 100  2.089594  3.8394  3.6352  1.4336  2.4101  1.2391  1.0416  1.0609  1.1418
 101  2.094941  3.8375  3.6232  1.4391  2.4051  1.2303  1.0264  1.0426  1.1213
 102  2.100276  3.8355  3.6111  1.4446  2.4002  1.2214  1.0110  1.0241  1.1006
 103  2.105622  3.8337  3.5991  1.4502  2.3950  1.2120  0.9953  1.0054  1.0798
 104  2.110971  3.8319  3.5872  1.4562  2.3892  1.2019  0.9791  0.9863  1.0587
 105  2.116276  3.8304  3.5758  1.4625  2.3814  1.1902  0.9621  0.9668  1.0374
 106  2.121357  3.8293  3.5657  1.4693  2.3706  1.1761  0.9443  0.9472  1.0166
 107  2.125788  3.8288  3.5579  1.4762  2.3561  1.1599  0.9266  0.9289  0.9977
 108  2.129299  3.8291  3.5531  1.4828  2.3390  1.1424  0.9103  0.9131  0.9822
 109  2.131900  3.8299  3.5507  1.4888  2.3207  1.1251  0.8958  0.9000  0.9699
 110  2.133867  3.8310  3.5502  1.4942  2.3019  1.1081  0.8829  0.8890  0.9603
 111  2.135369  3.8324  3.5510  1.4993  2.2832  1.0914  0.8713  0.8798  0.9525
 112  2.135641  3.8327  3.5513  1.5003  2.2793  1.0881  0.8689  0.8780  0.9510
 113  2.135913  3.8331  3.5518  1.5015  2.2744  1.0839  0.8662  0.8760  0.9494
 114  2.136185  3.8335  3.5521  1.5026  2.2701  1.0801  0.8637  0.8741  0.9479
 115  2.136456  3.8338  3.5526  1.5037  2.2658  1.0764  0.8612  0.8722  0.9464
 116  2.136728  3.8342  3.5530  1.5048  2.2614  1.0725  0.8586  0.8703  0.9450
 117  2.136999  3.8347  3.5537  1.5061  2.2557  1.0677  0.8556  0.8681  0.9434
 118  2.137270  3.8351  3.5545  1.5075  2.2505  1.0631  0.8527  0.8661  0.9418
 119  2.137541  3.8357  3.5551  1.5088  2.2451  1.0585  0.8498  0.8640  0.9403
 120  2.137811  3.8361  3.5559  1.5101  2.2397  1.0537  0.8468  0.8618  0.9387
 121  2.138081  3.8368  3.5570  1.5117  2.2331  1.0480  0.8433  0.8595  0.9370
 122  2.138350  3.8375  3.5580  1.5133  2.2260  1.0421  0.8398  0.8570  0.9353
 123  2.138618  3.8382  3.5591  1.5149  2.2193  1.0363  0.8362  0.8547  0.9336
 124  2.138885  3.8389  3.5605  1.5167  2.2119  1.0299  0.8324  0.8521  0.9319
 125  2.139151  3.8398  3.5620  1.5187  2.2035  1.0226  0.8281  0.8493  0.9301
 126  2.139417  3.8407  3.5635  1.5206  2.1955  1.0156  0.8240  0.8466  0.9283
 127  2.139680  3.8417  3.5655  1.5228  2.1860  1.0074  0.8193  0.8437  0.9264
 128  2.139942  3.8427  3.5675  1.5251  2.1763  0.9989  0.8144  0.8407  0.9246
 129  2.140200  3.8438  3.5696  1.5274  2.1662  0.9901  0.8094  0.8376  0.9227
 130  2.140456  3.8452  3.5722  1.5302  2.1546  0.9798  0.8036  0.8341  0.9206
 131  2.140708  3.8465  3.5748  1.5329  2.1429  0.9695  0.7979  0.8307  0.9187
 132  2.140954  3.8480  3.5779  1.5362  2.1293  0.9574  0.7912  0.8268  0.9165
 133  2.141193  3.8497  3.5812  1.5395  2.1154  0.9450  0.7844  0.8229  0.9144
 134  2.141426  3.8515  3.5849  1.5432  2.1000  0.9312  0.7770  0.8187  0.9122
 135  2.141650  3.8535  3.5889  1.5471  2.0837  0.9165  0.7690  0.8143  0.9098
 136  2.141863  3.8556  3.5932  1.5514  2.0664  0.9007  0.7605  0.8095  0.9074
 137  2.142065  3.8579  3.5978  1.5560  2.0480  0.8841  0.7514  0.8044  0.9046
 138  2.142253  3.8603  3.6026  1.5609  2.0286  0.8664  0.7416  0.7987  0.9015
 139  2.142424  3.8629  3.6077  1.5661  2.0084  0.8477  0.7313  0.7927  0.8980
 140  2.142577  3.8655  3.6126  1.5717  1.9875  0.8282  0.7202  0.7863  0.8941
 141  2.142714  3.8682  3.6176  1.5776  1.9662  0.8081  0.7089  0.7796  0.8902
 142  2.142832  3.8709  3.6224  1.5836  1.9445  0.7871  0.6971  0.7728  0.8860
 143  2.142935  3.8736  3.6269  1.5899  1.9227  0.7657  0.6850  0.7658  0.8816
 144  2.143025  3.8763  3.6312  1.5963  1.9008  0.7441  0.6728  0.7585  0.8769
 145  2.143104  3.8789  3.6352  1.6028  1.8789  0.7225  0.6604  0.7509  0.8720
 146  2.143174  3.8815  3.6391  1.6094  1.8569  0.7013  0.6478  0.7431  0.8664
 147  2.143237  3.8841  3.6426  1.6160  1.8349  0.6803  0.6350  0.7347  0.8604
 148  2.143293  3.8866  3.6459  1.6227  1.8130  0.6595  0.6222  0.7261  0.8540
 149  2.143344  3.8890  3.6488  1.6296  1.7912  0.6387  0.6092  0.7173  0.8472
 150  2.143398  3.8915  3.6519  1.6366  1.7686  0.6172  0.5960  0.7085  0.8405
 151  2.143480  3.8936  3.6569  1.6397  1.7571  0.6068  0.5920  0.7080  0.8417
 152  2.143531  3.8940  3.6604  1.6380  1.7599  0.6100  0.5968  0.7136  0.8479
 153  2.143569  3.8926  3.6633  1.6296  1.7836  0.6338  0.6156  0.7298  0.8630
 154  2.143588  3.8910  3.6645  1.6219  1.8056  0.6558  0.6320  0.7433  0.8752
 155  2.143605  3.8892  3.6652  1.6142  1.8280  0.6779  0.6482  0.7563  0.8869
 156  2.143619  3.8874  3.6652  1.6067  1.8504  0.6998  0.6640  0.7688  0.8978
 157  2.143634  3.8855  3.6646  1.5998  1.8716  0.7205  0.6785  0.7800  0.9073
 158  2.143652  3.8833  3.6632  1.5928  1.8934  0.7418  0.6929  0.7906  0.9160
 159  2.143676  3.8806  3.6594  1.5857  1.9167  0.7642  0.7064  0.7993  0.9222
 160  2.143712  3.8765  3.6484  1.5802  1.9389  0.7854  0.7138  0.7993  0.9182
 161  2.143763  3.8716  3.6294  1.5797  1.9512  0.7957  0.7079  0.7846  0.8987
 162  2.143812  3.8676  3.6036  1.5892  1.9387  0.7794  0.6788  0.7486  0.8584
 163  2.143888  3.8627  3.5754  1.5979  1.9314  0.7669  0.6511  0.7129  0.8176
 164  2.143983  3.8573  3.5454  1.6062  1.9277  0.7572  0.6242  0.6770  0.7760
 165  2.144114  3.8509  3.5140  1.6123  1.9335  0.7560  0.6022  0.6442  0.7364
 166  2.144283  3.8440  3.4830  1.6156  1.9512  0.7644  0.5877  0.6180  0.7027
 167  2.144478  3.8372  3.4546  1.6168  1.9762  0.7788  0.5793  0.5980  0.6753
 168  2.144687  3.8309  3.4296  1.6166  2.0061  0.7964  0.5752  0.5833  0.6536
 169  2.144905  3.8251  3.4075  1.6155  2.0382  0.8160  0.5741  0.5723  0.6361
 170  2.145127  3.8198  3.3879  1.6138  2.0718  0.8364  0.5752  0.5643  0.6222
 171  2.145353  3.8148  3.3703  1.6117  2.1056  0.8569  0.5784  0.5593  0.6117
 172  2.145581  3.8102  3.3544  1.6092  2.1419  0.8785  0.5827  0.5557  0.6029
 173  2.145809  3.8058  3.3398  1.6063  2.1812  0.9010  0.5878  0.5534  0.5956
 174  2.146037  3.8016  3.3265  1.6031  2.2207  0.9220  0.5948  0.5539  0.5918
 175  2.146264  3.7978  3.3148  1.5994  2.2610  0.9435  0.6031  0.5563  0.5898
 176  2.146489  3.7943  3.3049  1.5954  2.3028  0.9673  0.6118  0.5590  0.5886
 177  2.146712  3.7910  3.2964  1.5909  2.3451  0.9912  0.6220  0.5638  0.5896
 178  2.146929  3.7880  3.2887  1.5861  2.3875  1.0149  0.6338  0.5706  0.5929
 179  2.147139  3.7849  3.2820  1.5809  2.4306  1.0399  0.6470  0.5788  0.5975
 180  2.147341  3.7820  3.2761  1.5752  2.4746  1.0664  0.6611  0.5880  0.6032
 181  2.147535  3.7792  3.2710  1.5691  2.5194  1.0938  0.6763  0.5985  0.6105
 182  2.147760  3.7759  3.2659  1.5612  2.5738  1.1276  0.6966  0.6132  0.6212
 183  2.147979  3.7728  3.2619  1.5525  2.6315  1.1637  0.7192  0.6304  0.6345
 184  2.148191  3.7696  3.2589  1.5430  2.6933  1.2021  0.7439  0.6499  0.6502
 185  2.148396  3.7666  3.2571  1.5325  2.7582  1.2428  0.7711  0.6717  0.6684
 186  2.148593  3.7635  3.2563  1.5212  2.8255  1.2857  0.8006  0.6960  0.6890
 187  2.148781  3.7605  3.2565  1.5092  2.8950  1.3306  0.8322  0.7226  0.7119
 188  2.148960  3.7576  3.2576  1.4963  2.9670  1.3774  0.8659  0.7513  0.7370
 189  2.149130  3.7548  3.2598  1.4829  3.0405  1.4258  0.9013  0.7819  0.7639
 190  2.149293  3.7520  3.2626  1.4689  3.1154  1.4753  0.9382  0.8140  0.7926
 191  2.149449  3.7492  3.2662  1.4545  3.1916  1.5260  0.9765  0.8475  0.8227
 192  2.149601  3.7465  3.2703  1.4397  3.2689  1.5775  1.0157  0.8822  0.8540
 193  2.149748  3.7439  3.2747  1.4246  3.3480  1.6302  1.0559  0.9179  0.8863
 194  2.149893  3.7412  3.2796  1.4092  3.4282  1.6834  1.0970  0.9545  0.9195
 195  2.150040  3.7385  3.2843  1.3935  3.5121  1.7384  1.1391  0.9920  0.9534
 196  2.150193  3.7357  3.2890  1.3779  3.5974  1.7937  1.1815  1.0296  0.9875
 197  2.150351  3.7328  3.2925  1.3625  3.6867  1.8499  1.2239  1.0669  1.0208
 198  2.150526  3.7296  3.2940  1.3483  3.7770  1.9041  1.2635  1.1010  1.0508
 199  2.150717  3.7262  3.2916  1.3372  3.8645  1.9525  1.2963  1.1280  1.0732
 200  2.150924  3.7227  3.2837  1.3309  3.9450  1.9899  1.3176  1.1434  1.0837
 201  2.151129  3.7193  3.2715  1.3297  4.0112  2.0136  1.3265  1.1464  1.0821
 202  2.151329  3.7162  3.2568  1.3321  4.0653  2.0274  1.3266  1.1412  1.0724
 203  2.151530  3.7132  3.2399  1.3369  4.1118  2.0350  1.3205  1.1297  1.0566
 204  2.151741  3.7103  3.2202  1.3450  4.1505  2.0353  1.3068  1.1106  1.0331
 205  2.151953  3.7075  3.1977  1.3566  4.1766  2.0254  1.2841  1.0827  1.0013
 206  2.152148  3.7052  3.1744  1.3707  4.1879  2.0061  1.2542  1.0485  0.9634
 207  2.152326  3.7034  3.1512  1.3865  4.1874  1.9805  1.2197  1.0103  0.9223
 208  2.152490  3.7017  3.1284  1.4029  4.1794  1.9509  1.1827  0.9702  0.8798
 209  2.152644  3.7004  3.1061  1.4198  4.1651  1.9186  1.1440  0.9288  0.8363
 210  2.152788  3.6992  3.0844  1.4368  4.1465  1.8848  1.1048  0.8874  0.7928
 211  2.152925  3.6982  3.0636  1.4536  4.1252  1.8504  1.0655  0.8460  0.7499
 212  2.153060  3.6972  3.0431  1.4700  4.1044  1.8166  1.0271  0.8056  0.7079
 213  2.153195  3.6962  3.0231  1.4859  4.0858  1.7847  0.9902  0.7668  0.6673
 214  2.153335  3.6950  3.0034  1.5014  4.0684  1.7540  0.9545  0.7289  0.6276
 215  2.153476  3.6940  2.9836  1.5168  4.0514  1.7235  0.9191  0.6913  0.5882
 216  2.153618  3.6929  2.9637  1.5324  4.0347  1.6932  0.8834  0.6534  0.5485
 217  2.153632  3.6928  2.9618  1.5339  4.0328  1.6902  0.8800  0.6498  0.5447
 218  2.153645  3.6927  2.9599  1.5354  4.0310  1.6872  0.8766  0.6462  0.5410
 219  2.153658  3.6926  2.9580  1.5369  4.0292  1.6842  0.8732  0.6425  0.5372
 220  2.153671  3.6925  2.9562  1.5384  4.0274  1.6813  0.8698  0.6390  0.5334
 221  2.153685  3.6924  2.9543  1.5398  4.0256  1.6783  0.8663  0.6354  0.5297
 222  2.153698  3.6923  2.9525  1.5412  4.0240  1.6754  0.8631  0.6319  0.5260
 223  2.153712  3.6922  2.9507  1.5427  4.0223  1.6726  0.8597  0.6284  0.5223
 224  2.153725  3.6921  2.9488  1.5441  4.0206  1.6697  0.8564  0.6249  0.5186
 225  2.153738  3.6920  2.9470  1.5456  4.0189  1.6668  0.8531  0.6214  0.5149
 226  2.153752  3.6919  2.9452  1.5470  4.0175  1.6640  0.8497  0.6178  0.5113
 227  2.153887  3.6908  2.9265  1.5617  4.0014  1.6352  0.8162  0.5821  0.4739
 228  2.154071  3.6894  2.8995  1.5827  3.9801  1.5942  0.7681  0.5309  0.4202
 229  2.154193  3.6885  2.8823  1.5962  3.9655  1.5677  0.7373  0.4983  0.3859
 230  2.154375  3.6870  2.8561  1.6167  3.9465  1.5283  0.6909  0.4487  0.3339
 231  2.154540  3.6858  2.8326  1.6351  3.9291  1.4925  0.6489  0.4040  0.2871
 232  2.154641  3.6850  2.8185  1.6462  3.9186  1.4709  0.6237  0.3772  0.2590
 233  2.154805  3.6837  2.7941  1.6655  3.9012  1.4338  0.5801  0.3306  0.2103
 234  2.154996  3.6823  2.7670  1.6868  3.8820  1.3924  0.5316  0.2789  0.1562
 235  2.155131  3.6813  2.7476  1.7022  3.8675  1.3623  0.4964  0.2415  0.1172
 236  2.155311  3.6799  2.7218  1.7225  3.8505  1.3235  0.4507  0.1927  0.0661
 237  2.155449  3.6788  2.7017  1.7384  3.8369  1.2929  0.4147  0.1542  0.0258
 238  2.155610  3.6776  2.6787  1.7566  3.8214  1.2580  0.3736  0.1103 -0.0201
 239  2.155775  3.6764  2.6556  1.7750  3.8050  1.2224  0.3319  0.0659 -0.0666
 240  2.155962  3.6750  2.6287  1.7962  3.7872  1.1819  0.2842  0.0149 -0.1200
 241  2.156108  3.6739  2.6079  1.8128  3.7730  1.1501  0.2468 -0.0251 -0.1617
 242  2.156273  3.6727  2.5842  1.8315  3.7575  1.1144  0.2048 -0.0699 -0.2087
 243  2.156413  3.6716  2.5643  1.8473  3.7443  1.0842  0.1693 -0.1080 -0.2485
 244  2.156608  3.6702  2.5364  1.8693  3.7267  1.0423  0.1199 -0.1608 -0.3039
 245  2.156773  3.6689  2.5125  1.8881  3.7125  1.0069  0.0779 -0.2058 -0.3512
 246  2.156929  3.6677  2.4896  1.9062  3.6994  0.9731  0.0378 -0.2489 -0.3965
 247  2.157089  3.6664  2.4659  1.9247  3.6868  0.9389 -0.0032 -0.2931 -0.4429
 248  2.157265  3.6649  2.4397  1.9452  3.6740  0.9016 -0.0482 -0.3418 -0.4940
 249  2.157417  3.6637  2.4177  1.9624  3.6633  0.8700 -0.0863 -0.3826 -0.5371
 250  2.157587  3.6622  2.3916  1.9827  3.6520  0.8339 -0.1303 -0.4305 -0.5877
 251  2.157723  3.6611  2.3715  1.9983  3.6433  0.8057 -0.1646 -0.4676 -0.6267
 252  2.157882  3.6597  2.3470  2.0172  3.6338  0.7722 -0.2058 -0.5124 -0.6739
 253  2.158037  3.6584  2.3230  2.0359  3.6249  0.7396 -0.2460 -0.5561 -0.7203
 254  2.158201  3.6569  2.2976  2.0555  3.6157  0.7053 -0.2885 -0.6025 -0.7692
 255  2.158347  3.6556  2.2749  2.0731  3.6079  0.6749 -0.3262 -0.6436 -0.8127
 256  2.158499  3.6542  2.2504  2.0919  3.6002  0.6426 -0.3665 -0.6879 -0.8596
 257  2.158651  3.6529  2.2265  2.1104  3.5925  0.6109 -0.4060 -0.7311 -0.9054
 258  2.158790  3.6515  2.2042  2.1274  3.5861  0.5819 -0.4424 -0.7710 -0.9478
 259  2.158933  3.6502  2.1812  2.1452  3.5798  0.5518 -0.4801 -0.8125 -0.9917
 260  2.159060  3.6490  2.1603  2.1613  3.5741  0.5247 -0.5142 -0.8500 -1.0315
 261  2.159213  3.6476  2.1356  2.1804  3.5672  0.4927 -0.5543 -0.8943 -1.0786
 262  2.159332  3.6465  2.1160  2.1954  3.5625  0.4677 -0.5859 -0.9292 -1.1157
 263  2.159471  3.6451  2.0930  2.2131  3.5565  0.4382 -0.6231 -0.9703 -1.1594
 264  2.159594  3.6439  2.0723  2.2290  3.5521  0.4123 -0.6560 -1.0070 -1.1985
 265  2.159720  3.6426  2.0515  2.2448  3.5485  0.3869 -0.6883 -1.0433 -1.2375
 266  2.159847  3.6414  2.0302  2.2611  3.5441  0.3608 -0.7218 -1.0808 -1.2776
 267  2.159958  3.6403  2.0119  2.2752  3.5404  0.3379 -0.7508 -1.1132 -1.3123
 268  2.160071  3.6391  1.9910  2.2914  3.5346  0.3111 -0.7842 -1.1506 -1.3523
 269  2.160205  3.6377  1.9673  2.3094  3.5305  0.2830 -0.8200 -1.1915 -1.3964
 270  2.160321  3.6364  1.9469  2.3248  3.5280  0.2596 -0.8502 -1.2263 -1.4344
 271  2.160375  3.6353  1.9297  2.3375  3.5277  0.2416 -0.8740 -1.2547 -1.4655
 272  2.160491  3.6342  1.9113  2.3513  3.5267  0.2205 -0.9016 -1.2861 -1.4994
 273  2.160606  3.6331  1.8930  2.3653  3.5233  0.1986 -0.9294 -1.3178 -1.5338
 274  2.160709  3.6321  1.8766  2.3778  3.5195  0.1787 -0.9543 -1.3463 -1.5646
 275  2.160392  3.6307  1.8535  2.3950  3.5142  0.1552 -0.9837 -1.3837 -1.6068
 276  2.160555  3.6297  1.8376  2.4069  3.5139  0.1378 -1.0065 -1.4103 -1.6359
 277  2.160671  3.6287  1.8221  2.4183  3.5142  0.1216 -1.0279 -1.4357 -1.6639
 278  2.160722  3.6287  1.8200  2.4206  3.5090  0.1156 -1.0339 -1.4413 -1.6695
