#NUMBER OF AGES= 1
#----------------------------------------------------       
#MIX-LEN  Y      Z          Zeff        [Fe/H] [a/Fe]
# 1.9380  0.2846 2.4865E-02 2.4865E-02   0.20   0.00 
#----------------------------------------------------       
#**PHOTOMETRIC SYSTEM**: SDSS (AB)                          
#----------------------------------------------------       
#AGE= 1.250 EEPS=270
#EEP   M/Mo    LogTeff  LogG   LogL/Lo sdss_u  sdss_g  sdss_r  sdss_i  sdss_z
   3  0.114620  3.5006  5.2350 -2.7819 17.8979 14.8387 13.3446 12.0350 11.2772
   4  0.135900  3.5005  5.1655 -2.6390 17.4930 14.4759 12.9898 11.6809 10.9219
   5  0.176841  3.5040  5.0844 -2.4293 16.8251 13.8838 12.4192 11.1388 10.3942
   6  0.244987  3.5139  5.0149 -2.1794 15.9402 13.0971 11.6745 10.4626  9.7575
   7  0.300573  3.5210  4.9734 -2.0202 15.3850 12.5934 11.2000 10.0319  9.3542
   8  0.318025  3.5230  4.9557 -1.9699 15.2171 12.4399 11.0554  9.8981  9.2275
   9  0.328213  3.5241  4.9431 -1.9392 15.1173 12.3486 10.9695  9.8174  9.1504
  10  0.337808  3.5252  4.9322 -1.9116 15.0265 12.2653 10.8916  9.7443  9.0810
  11  0.346121  3.5263  4.9248 -1.8897 14.9523 12.1970 10.8279  9.6854  9.0258
  12  0.348413  3.5267  4.9246 -1.8850 14.9341 12.1799 10.8121  9.6719  9.0139
  13  0.353005  3.5270  4.9221 -1.8758 14.9060 12.1534 10.7867  9.6480  8.9910
  14  0.363329  3.5287  4.9133 -1.8481 14.8081 12.0628 10.7031  9.5722  8.9210
  15  0.381875  3.5314  4.8954 -1.7987 14.6417 11.9076 10.5590  9.4393  8.7971
  16  0.445367  3.5423  4.8451 -1.6359 14.0775 11.3726 10.0563  8.9938  8.3905
  17  0.466218  3.5469  4.8271 -1.5796 13.8839 11.1825  9.8785  8.8370  8.2502
  18  0.484555  3.5515  4.8109 -1.5286 13.7092 11.0077  9.7136  8.6932  8.1234
  19  0.499701  3.5554  4.7972 -1.4855 13.5637 10.8588  9.5720  8.5716  8.0172
  20  0.512616  3.5591  4.7857 -1.4484 13.4386 10.7284  9.4466  8.4666  7.9262
  21  0.523594  3.5622  4.7760 -1.4168 13.3313 10.6145  9.3365  8.3764  7.8487
  22  0.532523  3.5649  4.7681 -1.3907 13.2429 10.5195  9.2438  8.3022  7.7854
  23  0.540842  3.5674  4.7604 -1.3665 13.1620 10.4326  9.1585  8.2340  7.7271
  24  0.551335  3.5708  4.7515 -1.3357 13.0582 10.3191  9.0473  8.1455  7.6526
  25  0.567018  3.5763  4.7395 -1.2892 12.9018 10.1419  8.8726  8.0096  7.5402
  26  0.589233  3.5844  4.7231 -1.2238 12.6769  9.8823  8.6119  7.8137  7.3825
  27  0.594004  3.5849  4.7127 -1.2058 12.6766  9.8451  8.5634  7.7698  7.3419
  28  0.624430  3.5972  4.6941 -1.1168 12.3743  9.4704  8.1857  7.4962  7.1292
  29  0.755797  3.6522  4.6398 -0.7665 10.6294  7.9421  6.8619  6.4679  6.2748
  30  0.776420  3.6608  4.6294 -0.7088 10.3801  7.7073  6.6570  6.3051  6.1387
  31  0.896553  3.7121  4.5828 -0.3899  8.5709  6.3904  5.6305  5.4382  5.3682
  32  0.911925  3.7176  4.5757 -0.3536  8.3691  6.2599  5.5289  5.3467  5.2839
  33  0.927881  3.7231  4.5681 -0.3166  8.1668  6.1297  5.4263  5.2541  5.1986
  34  0.943705  3.7283  4.5600 -0.2805  7.9758  6.0049  5.3281  5.1652  5.1165
  35  0.956790  3.7323  4.5530 -0.2519  7.8266  5.9067  5.2505  5.0948  5.0512
  36  0.972169  3.7371  4.5446 -0.2173  7.6499  5.7908  5.1579  5.0102  4.9729
  37  0.987383  3.7416  4.5358 -0.1835  7.4802  5.6797  5.0683  4.9280  4.8966
  38  1.003043  3.7462  4.5265 -0.1492  7.3125  5.5686  4.9782  4.8454  4.8194
  39  1.018461  3.7505  4.5168 -0.1156  7.1547  5.4618  4.8914  4.7654  4.7446
  40  1.033021  3.7544  4.5071 -0.0841  7.0117  5.3630  4.8105  4.6905  4.6747
  41  1.052658  3.7595  4.4942 -0.0426  6.8256  5.2338  4.7042  4.5921  4.5824
  42  1.100728  3.7712  4.4609  0.0566  6.3900  4.9274  4.4511  4.3574  4.3617
  43  1.107944  3.7726  4.4544  0.0719  6.3379  4.8855  4.4151  4.3234  4.3293
  44  1.125330  3.7764  4.4410  0.1072  6.1970  4.7807  4.3275  4.2418  4.2523
  45  1.217747  3.7936  4.3729  0.2772  5.5661  4.2915  3.9073  3.8456  3.8749
  46  1.239306  3.7971  4.3555  0.3157  5.4392  4.1852  3.8130  3.7560  3.7887
  47  1.305825  3.8093  4.3040  0.4397  5.0239  3.8405  3.5088  3.4675  3.5124
  48  1.409768  3.8255  4.2321  0.6102  4.4942  3.3593  3.0958  3.0834  3.1493
  49  1.467107  3.8333  4.1975  0.6935  4.2426  3.1287  2.8940  2.8943  2.9692
  50  1.510678  3.8378  4.1661  0.7559  4.0727  2.9606  2.7422  2.7505  2.8308
  51  1.549035  3.8406  4.1341  0.8098  3.9266  2.8156  2.6096  2.6236  2.7077
  52  1.557247  3.8412  4.1276  0.8210  3.8961  2.7857  2.5822  2.5973  2.6823
  53  1.565945  3.8419  4.1208  0.8327  3.8641  2.7542  2.5534  2.5698  2.6555
  54  1.575183  3.8426  4.1138  0.8451  3.8306  2.7210  2.5231  2.5407  2.6274
  55  1.584926  3.8433  4.1066  0.8582  3.7955  2.6861  2.4911  2.5103  2.5979
  56  1.594847  3.8442  4.0992  0.8714  3.7599  2.6506  2.4585  2.4792  2.5677
  57  1.604834  3.8449  4.0918  0.8848  3.7244  2.6150  2.4259  2.4480  2.5374
  58  1.614524  3.8457  4.0843  0.8978  3.6901  2.5804  2.3939  2.4174  2.5077
  59  1.623999  3.8463  4.0768  0.9105  3.6568  2.5468  2.3627  2.3874  2.4783
  60  1.633596  3.8469  4.0689  0.9233  3.6236  2.5132  2.3312  2.3569  2.4486
  61  1.643662  3.8474  4.0604  0.9367  3.5890  2.4782  2.2983  2.3250  2.4173
  62  1.654108  3.8479  4.0513  0.9504  3.5534  2.4422  2.2641  2.2918  2.3846
  63  1.664559  3.8484  4.0421  0.9642  3.5182  2.4065  2.2301  2.2588  2.3519
  64  1.674713  3.8488  4.0329  0.9774  3.4846  2.3722  2.1972  2.2265  2.3201
  65  1.684519  3.8491  4.0241  0.9900  3.4526  2.3395  2.1658  2.1957  2.2895
  66  1.693896  3.8493  4.0155  1.0020  3.4224  2.3085  2.1358  2.1663  2.2604
  67  1.703065  3.8496  4.0070  1.0138  3.3934  2.2785  2.1067  2.1377  2.2320
  68  1.712023  3.8497  3.9984  1.0252  3.3653  2.2494  2.0782  2.1095  2.2040
  69  1.721050  3.8497  3.9895  1.0365  3.3375  2.2204  2.0496  2.0811  2.1755
  70  1.730168  3.8497  3.9801  1.0480  3.3099  2.1915  2.0207  2.0523  2.1466
  71  1.739393  3.8495  3.9703  1.0595  3.2823  2.1626  1.9915  2.0231  2.1172
  72  1.748682  3.8494  3.9604  1.0710  3.2548  2.1337  1.9623  1.9936  2.0875
  73  1.757982  3.8491  3.9502  1.0826  3.2278  2.1052  1.9332  1.9643  2.0578
  74  1.767235  3.8487  3.9397  1.0939  3.2014  2.0772  1.9042  1.9349  2.0280
  75  1.776460  3.8483  3.9288  1.1053  3.1756  2.0496  1.8752  1.9053  1.9978
  76  1.785808  3.8477  3.9173  1.1167  3.1503  2.0222  1.8461  1.8752  1.9670
  77  1.795364  3.8470  3.9052  1.1281  3.1249  1.9946  1.8164  1.8445  1.9354
  78  1.805025  3.8462  3.8926  1.1397  3.0996  1.9671  1.7863  1.8133  1.9032
  79  1.814945  3.8452  3.8797  1.1515  3.0743  1.9394  1.7559  1.7815  1.8703
  80  1.824744  3.8442  3.8661  1.1632  3.0501  1.9125  1.7258  1.7497  1.8374
  81  1.834368  3.8430  3.8523  1.1744  3.0272  1.8866  1.6961  1.7183  1.8044
  82  1.840149  3.8422  3.8436  1.1813  3.0141  1.8715  1.6784  1.6994  1.7846
  83  1.845880  3.8413  3.8348  1.1879  3.0014  1.8566  1.6608  1.6805  1.7647
  84  1.851543  3.8404  3.8259  1.1946  2.9891  1.8420  1.6435  1.6617  1.7448
  85  1.857123  3.8394  3.8167  1.2011  2.9775  1.8280  1.6262  1.6430  1.7250
  86  1.862620  3.8384  3.8075  1.2075  2.9664  1.8144  1.6092  1.6244  1.7051
  87  1.868063  3.8373  3.7980  1.2138  2.9561  1.8013  1.5925  1.6059  1.6854
  88  1.873443  3.8361  3.7885  1.2199  2.9463  1.7885  1.5760  1.5877  1.6658
  89  1.878785  3.8349  3.7789  1.2260  2.9369  1.7762  1.5597  1.5695  1.6463
  90  1.884104  3.8338  3.7692  1.2321  2.9278  1.7640  1.5434  1.5513  1.6267
  91  1.889402  3.8325  3.7595  1.2381  2.9191  1.7520  1.5273  1.5332  1.6072
  92  1.894654  3.8312  3.7496  1.2441  2.9108  1.7405  1.5114  1.5153  1.5877
  93  1.899891  3.8299  3.7396  1.2499  2.9031  1.7294  1.4958  1.4975  1.5684
  94  1.905081  3.8285  3.7294  1.2557  2.8959  1.7185  1.4802  1.4797  1.5490
  95  1.910233  3.8270  3.7191  1.2613  2.8896  1.7082  1.4649  1.4620  1.5296
  96  1.915365  3.8255  3.7087  1.2669  2.8840  1.6984  1.4497  1.4445  1.5104
  97  1.920501  3.8240  3.6981  1.2725  2.8788  1.6887  1.4348  1.4269  1.4910
  98  1.925643  3.8224  3.6874  1.2780  2.8740  1.6792  1.4197  1.4094  1.4717
  99  1.930793  3.8208  3.6767  1.2836  2.8695  1.6698  1.4047  1.3920  1.4523
 100  1.935963  3.8192  3.6658  1.2892  2.8652  1.6605  1.3898  1.3744  1.4330
 101  1.941159  3.8176  3.6549  1.2947  2.8610  1.6511  1.3747  1.3568  1.4134
 102  1.946390  3.8160  3.6440  1.3006  2.8563  1.6412  1.3593  1.3389  1.3936
 103  1.951644  3.8144  3.6330  1.3066  2.8507  1.6307  1.3432  1.3203  1.3733
 104  1.956840  3.8131  3.6224  1.3130  2.8434  1.6189  1.3265  1.3013  1.3526
 105  1.961787  3.8120  3.6125  1.3197  2.8339  1.6056  1.3091  1.2822  1.3323
 106  1.966156  3.8114  3.6040  1.3265  2.8214  1.5906  1.2918  1.2638  1.3131
 107  1.969724  3.8112  3.5975  1.3330  2.8067  1.5748  1.2754  1.2471  1.2962
 108  1.972466  3.8114  3.5930  1.3389  2.7904  1.5588  1.2605  1.2326  1.2820
 109  1.974545  3.8119  3.5902  1.3445  2.7735  1.5433  1.2470  1.2201  1.2700
 110  1.976155  3.8128  3.5885  1.3495  2.7562  1.5280  1.2347  1.2091  1.2598
 111  1.977436  3.8137  3.5878  1.3543  2.7388  1.5129  1.2232  1.1993  1.2511
 112  1.977695  3.8139  3.5876  1.3554  2.7346  1.5095  1.2206  1.1971  1.2491
 113  1.977954  3.8142  3.5876  1.3566  2.7297  1.5052  1.2177  1.1946  1.2470
 114  1.978212  3.8144  3.5876  1.3578  2.7252  1.5014  1.2149  1.1922  1.2450
 115  1.978471  3.8148  3.5876  1.3589  2.7207  1.4976  1.2121  1.1900  1.2430
 116  1.978729  3.8150  3.5876  1.3602  2.7159  1.4936  1.2092  1.1876  1.2410
 117  1.978987  3.8154  3.5878  1.3616  2.7099  1.4886  1.2057  1.1848  1.2387
 118  1.979245  3.8158  3.5880  1.3630  2.7041  1.4839  1.2024  1.1822  1.2365
 119  1.979503  3.8162  3.5882  1.3644  2.6983  1.4791  1.1991  1.1795  1.2342
 120  1.979759  3.8166  3.5884  1.3659  2.6922  1.4741  1.1956  1.1767  1.2319
 121  1.980016  3.8171  3.5889  1.3676  2.6847  1.4679  1.1915  1.1735  1.2293
 122  1.980272  3.8177  3.5893  1.3693  2.6775  1.4621  1.1876  1.1705  1.2268
 123  1.980527  3.8182  3.5897  1.3711  2.6702  1.4561  1.1836  1.1673  1.2243
 124  1.980781  3.8188  3.5905  1.3731  2.6611  1.4488  1.1788  1.1637  1.2215
 125  1.981035  3.8195  3.5912  1.3751  2.6525  1.4419  1.1742  1.1603  1.2188
 126  1.981287  3.8203  3.5921  1.3771  2.6434  1.4345  1.1695  1.1566  1.2160
 127  1.981537  3.8211  3.5932  1.3796  2.6322  1.4255  1.1637  1.1524  1.2128
 128  1.981785  3.8220  3.5943  1.3821  2.6214  1.4168  1.1581  1.1483  1.2097
 129  1.982030  3.8231  3.5959  1.3849  2.6086  1.4065  1.1517  1.1436  1.2062
 130  1.982272  3.8242  3.5975  1.3878  2.5953  1.3957  1.1451  1.1388  1.2028
 131  1.982510  3.8256  3.5996  1.3911  2.5802  1.3836  1.1377  1.1337  1.1992
 132  1.982744  3.8270  3.6019  1.3946  2.5640  1.3707  1.1300  1.1285  1.1955
 133  1.982971  3.8286  3.6047  1.3984  2.5462  1.3563  1.1215  1.1228  1.1917
 134  1.983190  3.8304  3.6079  1.4026  2.5272  1.3407  1.1123  1.1167  1.1876
 135  1.983400  3.8324  3.6115  1.4071  2.5064  1.3237  1.1024  1.1102  1.1835
 136  1.983598  3.8347  3.6154  1.4120  2.4843  1.3053  1.0918  1.1034  1.1791
 137  1.983781  3.8371  3.6197  1.4173  2.4608  1.2853  1.0802  1.0958  1.1741
 138  1.983947  3.8396  3.6241  1.4231  2.4363  1.2643  1.0678  1.0877  1.1687
 139  1.984098  3.8423  3.6288  1.4291  2.4108  1.2421  1.0547  1.0792  1.1632
 140  1.984228  3.8450  3.6334  1.4356  2.3848  1.2190  1.0409  1.0701  1.1571
 141  1.984343  3.8479  3.6380  1.4422  2.3582  1.1951  1.0267  1.0608  1.1509
 142  1.984442  3.8507  3.6424  1.4491  2.3316  1.1708  1.0121  1.0512  1.1444
 143  1.984528  3.8535  3.6467  1.4562  2.3050  1.1463  0.9973  1.0413  1.1376
 144  1.984604  3.8563  3.6507  1.4633  2.2788  1.1219  0.9822  1.0311  1.1303
 145  1.984671  3.8590  3.6543  1.4706  2.2530  1.0975  0.9668  1.0204  1.1224
 146  1.984729  3.8616  3.6575  1.4780  2.2273  1.0732  0.9511  1.0093  1.1139
 147  1.984782  3.8643  3.6604  1.4857  2.2013  1.0485  0.9349  0.9977  1.1049
 148  1.984849  3.8671  3.6642  1.4932  2.1757  1.0242  0.9196  0.9872  1.0972
 149  1.984911  3.8689  3.6677  1.4969  2.1616  1.0111  0.9124  0.9831  1.0949
 150  1.984986  3.8689  3.6725  1.4922  2.1724  1.0228  0.9241  0.9948  1.1068
 151  1.985008  3.8674  3.6744  1.4845  2.1952  1.0455  0.9420  1.0100  1.1206
 152  1.985028  3.8657  3.6760  1.4762  2.2199  1.0702  0.9609  1.0259  1.1348
 153  1.985045  3.8639  3.6768  1.4679  2.2451  1.0950  0.9797  1.0414  1.1485
 154  1.985062  3.8618  3.6768  1.4595  2.2714  1.1207  0.9985  1.0565  1.1615
 155  1.985079  3.8593  3.6753  1.4510  2.2992  1.1474  1.0170  1.0708  1.1733
 156  1.985108  3.8560  3.6692  1.4435  2.3273  1.1737  1.0322  1.0800  1.1790
 157  1.985146  3.8518  3.6570  1.4393  2.3499  1.1932  1.0383  1.0790  1.1735
 158  1.985203  3.8461  3.6352  1.4385  2.3726  1.2090  1.0350  1.0661  1.1543
 159  1.985264  3.8414  3.6099  1.4448  2.3760  1.2044  1.0148  1.0380  1.1210
 160  1.985327  3.8373  3.5864  1.4519  2.3761  1.1970  0.9937  1.0103  1.0885
 161  1.985409  3.8329  3.5622  1.4584  2.3797  1.1921  0.9737  0.9829  1.0562
 162  1.985626  3.8234  3.5178  1.4649  2.4124  1.2027  0.9509  0.9442  1.0067
 163  1.985892  3.8152  3.4814  1.4683  2.4529  1.2194  0.9380  0.9176  0.9707
 164  1.986207  3.8081  3.4533  1.4685  2.4992  1.2417  0.9342  0.9022  0.9473
 165  1.986544  3.8024  3.4322  1.4668  2.5477  1.2641  0.9363  0.8953  0.9340
 166  1.986890  3.7975  3.4156  1.4639  2.5966  1.2867  0.9420  0.8937  0.9272
 167  1.987237  3.7931  3.4018  1.4602  2.6454  1.3126  0.9499  0.8943  0.9228
 168  1.987582  3.7891  3.3902  1.4558  2.6953  1.3380  0.9601  0.8981  0.9220
 169  1.987921  3.7853  3.3805  1.4506  2.7458  1.3646  0.9727  0.9049  0.9244
 170  1.988254  3.7819  3.3724  1.4448  2.7966  1.3940  0.9873  0.9136  0.9289
 171  1.988576  3.7785  3.3657  1.4382  2.8488  1.4251  1.0039  0.9246  0.9360
 172  1.988884  3.7753  3.3602  1.4308  2.9025  1.4575  1.0228  0.9381  0.9456
 173  1.989176  3.7722  3.3559  1.4228  2.9582  1.4913  1.0435  0.9536  0.9573
 174  1.989451  3.7692  3.3522  1.4146  3.0156  1.5257  1.0649  0.9699  0.9700
 175  1.989709  3.7663  3.3494  1.4060  3.0738  1.5608  1.0873  0.9875  0.9842
 176  1.989951  3.7635  3.3475  1.3968  3.1330  1.5970  1.1113  1.0067  0.9999
 177  1.990176  3.7609  3.3465  1.3872  3.1926  1.6341  1.1365  1.0275  1.0174
 178  1.990386  3.7583  3.3464  1.3772  3.2527  1.6720  1.1631  1.0496  1.0365
 179  1.990582  3.7559  3.3471  1.3667  3.3135  1.7108  1.1907  1.0732  1.0569
 180  1.990765  3.7535  3.3485  1.3560  3.3742  1.7500  1.2192  1.0976  1.0784
 181  1.990937  3.7512  3.3504  1.3450  3.4350  1.7894  1.2481  1.1228  1.1007
 182  1.991157  3.7481  3.3541  1.3287  3.5232  1.8472  1.2916  1.1608  1.1347
 183  1.991364  3.7451  3.3581  1.3127  3.6095  1.9037  1.3342  1.1982  1.1684
 184  1.991577  3.7419  3.3629  1.2951  3.7047  1.9659  1.3814  1.2400  1.2060
 185  1.991784  3.7386  3.3664  1.2786  3.7996  2.0260  1.4263  1.2794  1.2411
 186  1.991986  3.7355  3.3709  1.2618  3.8922  2.0853  1.4715  1.3195  1.2772
 187  1.992187  3.7323  3.3747  1.2450  3.9904  2.1468  1.5179  1.3602  1.3136
 188  1.992392  3.7289  3.3761  1.2305  4.0841  2.2027  1.5587  1.3953  1.3443
 189  1.992598  3.7257  3.3751  1.2186  4.1715  2.2522  1.5931  1.4243  1.3689
 190  1.992806  3.7225  3.3713  1.2095  4.2540  2.2951  1.6212  1.4468  1.3870
 191  1.993022  3.7192  3.3648  1.2028  4.3327  2.3324  1.6436  1.4635  1.3992
 192  1.993254  3.7158  3.3549  1.1993  4.4068  2.3631  1.6590  1.4730  1.4039
 193  1.993506  3.7124  3.3402  1.2002  4.4728  2.3842  1.6639  1.4716  1.3975
 194  1.993768  3.7091  3.3203  1.2071  4.5214  2.3898  1.6540  1.4557  1.3766
 195  1.994013  3.7063  3.2970  1.2191  4.5473  2.3789  1.6303  1.4266  1.3434
 196  1.994237  3.7040  3.2720  1.2352  4.5532  2.3548  1.5957  1.3877  1.3011
 197  1.994443  3.7022  3.2460  1.2538  4.5452  2.3218  1.5542  1.3426  1.2531
 198  1.994640  3.7005  3.2214  1.2718  4.5339  2.2887  1.5135  1.2986  1.2066
 199  1.994835  3.6990  3.1991  1.2881  4.5238  2.2591  1.4767  1.2590  1.1645
 200  1.995021  3.6976  3.1766  1.3053  4.5092  2.2267  1.4379  1.2173  1.1207
 201  1.995199  3.6963  3.1534  1.3233  4.4897  2.1910  1.3963  1.1732  1.0745
 202  1.995372  3.6951  3.1306  1.3413  4.4696  2.1552  1.3549  1.1293  1.0286
 203  1.995547  3.6939  3.1080  1.3592  4.4492  2.1197  1.3137  1.0856  0.9829
 204  1.995721  3.6928  3.0856  1.3769  4.4284  2.0844  1.2727  1.0424  0.9377
 205  1.995895  3.6916  3.0635  1.3944  4.4080  2.0496  1.2325  0.9998  0.8932
 206  1.996068  3.6904  3.0415  1.4119  4.3876  2.0146  1.1922  0.9571  0.8486
 207  1.996241  3.6894  3.0196  1.4295  4.3669  1.9796  1.1518  0.9144  0.8041
 208  1.996414  3.6883  2.9977  1.4470  4.3461  1.9446  1.1116  0.8719  0.7597
 209  1.996587  3.6872  2.9759  1.4644  4.3255  1.9097  1.0714  0.8294  0.7152
 210  1.996758  3.6861  2.9540  1.4819  4.3051  1.8747  1.0313  0.7868  0.6709
 211  1.996929  3.6850  2.9320  1.4996  4.2855  1.8394  0.9907  0.7439  0.6261
 212  1.997101  3.6839  2.9099  1.5173  4.2662  1.8043  0.9501  0.7009  0.5813
 213  1.997271  3.6828  2.8884  1.5345  4.2489  1.7706  0.9110  0.6594  0.5380
 214  1.997440  3.6817  2.8675  1.5511  4.2332  1.7384  0.8734  0.6192  0.4960
 215  1.997611  3.6806  2.8465  1.5676  4.2182  1.7065  0.8358  0.5792  0.4540
 216  1.997780  3.6794  2.8251  1.5845  4.2027  1.6738  0.7975  0.5384  0.4114
 217  1.997796  3.6793  2.8232  1.5861  4.2013  1.6708  0.7941  0.5347  0.4075
 218  1.997811  3.6792  2.8212  1.5876  4.1999  1.6679  0.7906  0.5309  0.4036
 219  1.997825  3.6791  2.8193  1.5892  4.1985  1.6649  0.7871  0.5272  0.3997
 220  1.997841  3.6791  2.8174  1.5907  4.1965  1.6617  0.7835  0.5234  0.3957
 221  1.997856  3.6789  2.8154  1.5922  4.1958  1.6590  0.7802  0.5198  0.3920
 222  1.997871  3.6788  2.8136  1.5937  4.1944  1.6561  0.7768  0.5162  0.3882
 223  1.997886  3.6788  2.8116  1.5953  4.1930  1.6532  0.7733  0.5124  0.3843
 224  1.997901  3.6786  2.8097  1.5968  4.1916  1.6502  0.7699  0.5088  0.3804
 225  1.997916  3.6785  2.8077  1.5983  4.1902  1.6472  0.7664  0.5051  0.3766
 226  1.997932  3.6784  2.8058  1.5998  4.1888  1.6443  0.7629  0.5014  0.3727
 227  1.998069  3.6776  2.7888  1.6133  4.1768  1.6184  0.7325  0.4689  0.3388
 228  1.998201  3.6767  2.7727  1.6262  4.1650  1.5935  0.7034  0.4379  0.3063
 229  1.998379  3.6756  2.7503  1.6440  4.1493  1.5593  0.6632  0.3949  0.2613
 230  1.998524  3.6747  2.7329  1.6578  4.1365  1.5326  0.6319  0.3616  0.2266
 231  1.998664  3.6738  2.7153  1.6718  4.1240  1.5058  0.6005  0.3281  0.1914
 232  1.998802  3.6729  2.6988  1.6849  4.1126  1.4806  0.5710  0.2965  0.1584
 233  1.998966  3.6719  2.6783  1.7012  4.0983  1.4495  0.5344  0.2573  0.1174
 234  1.999113  3.6710  2.6603  1.7156  4.0857  1.4220  0.5021  0.2229  0.0814
 235  1.999258  3.6700  2.6420  1.7301  4.0734  1.3946  0.4698  0.1882  0.0451
 236  1.999414  3.6690  2.6229  1.7454  4.0602  1.3655  0.4356  0.1516  0.0067
 237  1.999563  3.6680  2.6043  1.7601  4.0480  1.3376  0.4028  0.1164 -0.0302
 238  1.999684  3.6672  2.5893  1.7719  4.0383  1.3152  0.3763  0.0880 -0.0601
 239  1.999833  3.6662  2.5705  1.7868  4.0264  1.2872  0.3431  0.0523 -0.0975
 240  1.999978  3.6653  2.5520  1.8014  4.0150  1.2599  0.3108  0.0176 -0.1339
 241  2.000157  3.6641  2.5290  1.8197  4.0012  1.2260  0.2705 -0.0259 -0.1795
 242  2.000278  3.6633  2.5137  1.8317  3.9924  1.2037  0.2439 -0.0545 -0.2096
 243  2.000416  3.6623  2.4958  1.8458  3.9821  1.1777  0.2129 -0.0880 -0.2449
 244  2.000567  3.6612  2.4760  1.8614  3.9716  1.1493  0.1788 -0.1248 -0.2837
 245  2.000705  3.6603  2.4579  1.8755  3.9624  1.1237  0.1478 -0.1584 -0.3191
 246  2.000855  3.6591  2.4378  1.8913  3.9525  1.0954  0.1135 -0.1956 -0.3584
 247  2.000996  3.6581  2.4177  1.9069  3.9427  1.0672  0.0795 -0.2326 -0.3974
 248  2.001129  3.6570  2.3978  1.9226  3.9328  1.0392  0.0454 -0.2696 -0.4363
 249  2.001255  3.6559  2.3792  1.9372  3.9241  1.0132  0.0139 -0.3039 -0.4726
 250  2.001377  3.6549  2.3608  1.9515  3.9159  0.9878 -0.0172 -0.3377 -0.5084
 251  2.001504  3.6539  2.3432  1.9651  3.9094  0.9645 -0.0462 -0.3695 -0.5420
 252  2.001621  3.6530  2.3268  1.9778  3.9033  0.9426 -0.0733 -0.3994 -0.5737
 253  2.001752  3.6519  2.3086  1.9919  3.8967  0.9185 -0.1032 -0.4322 -0.6085
 254  2.001870  3.6510  2.2927  2.0043  3.8912  0.8975 -0.1293 -0.4609 -0.6391
 255  2.001990  3.6501  2.2759  2.0172  3.8852  0.8754 -0.1567 -0.4912 -0.6712
 256  2.002123  3.6490  2.2573  2.0316  3.8789  0.8513 -0.1869 -0.5246 -0.7068
 257  2.002238  3.6481  2.2410  2.0442  3.8734  0.8302 -0.2133 -0.5539 -0.7380
 258  2.002346  3.6472  2.2257  2.0560  3.8682  0.8102 -0.2381 -0.5813 -0.7671
 259  2.002469  3.6462  2.2086  2.0693  3.8621  0.7878 -0.2660 -0.6122 -0.8000
 260  2.002589  3.6453  2.1916  2.0826  3.8558  0.7655 -0.2936 -0.6429 -0.8326
 261  2.002699  3.6445  2.1763  2.0945  3.8499  0.7452 -0.3186 -0.6705 -0.8619
 262  2.002819  3.6435  2.1593  2.1077  3.8436  0.7229 -0.3461 -0.7010 -0.8946
 263  2.002937  3.6426  2.1425  2.1207  3.8376  0.7012 -0.3729 -0.7311 -0.9267
 264  2.003041  3.6418  2.1279  2.1320  3.8331  0.6827 -0.3962 -0.7571 -0.9545
 265  2.003158  3.6408  2.1119  2.1442  3.8290  0.6629 -0.4212 -0.7853 -0.9847
 266  2.003263  3.6399  2.0978  2.1550  3.8257  0.6458 -0.4429 -0.8099 -1.0114
 267  2.003363  3.6392  2.0844  2.1653  3.8220  0.6293 -0.4635 -0.8333 -1.0365
 268  2.003468  3.6384  2.0708  2.1758  3.8180  0.6124 -0.4847 -0.8574 -1.0625
 269  2.003570  3.6376  2.0586  2.1853  3.8136  0.5971 -0.5036 -0.8790 -1.0858
 270  2.003665  3.6371  2.0481  2.1934  3.8092  0.5834 -0.5203 -0.8979 -1.1060
 271  2.003771  3.6366  2.0369  2.2024  3.8028  0.5678 -0.5388 -0.9186 -1.1281
 272  2.003878  3.6361  2.0273  2.2102  3.7971  0.5542 -0.5549 -0.9365 -1.1473
