#NUMBER OF AGES= 1
#----------------------------------------------------       
#MIX-LEN  Y      Z          Zeff        [Fe/H] [a/Fe]
# 1.9380  0.2846 2.4865E-02 2.4865E-02   0.20   0.00 
#----------------------------------------------------       
#**PHOTOMETRIC SYSTEM**: SDSS (AB)                          
#----------------------------------------------------       
#AGE= 1.750 EEPS=265
#EEP   M/Mo    LogTeff  LogG   LogL/Lo sdss_u  sdss_g  sdss_r  sdss_i  sdss_z
   4  0.106520  3.5007  5.2655 -2.8439 18.0721 14.9949 13.4975 12.1880 11.4309
   5  0.125254  3.5005  5.1981 -2.7069 17.6866 14.6493 13.1593 11.8496 11.0909
   6  0.153827  3.5013  5.1216 -2.5383 17.1913 14.2071 12.7286 11.4263 10.6702
   7  0.208971  3.5090  5.0473 -2.3001 16.3647 13.4770 12.0337 10.7892 10.0648
   8  0.268697  3.5170  4.9954 -2.1068 15.6857 12.8675 11.4581 10.2662  9.5734
   9  0.303860  3.5214  4.9672 -2.0076 15.3435 12.5559 11.1646  9.9988  9.3224
  10  0.317456  3.5229  4.9514 -1.9667 15.2093 12.4333 11.0492  9.8909  9.2198
  11  0.328002  3.5241  4.9382 -1.9348 15.1058 12.3387 10.9602  9.8071  9.1397
  12  0.330606  3.5245  4.9377 -1.9293 15.0847 12.3190 10.9418  9.7914  9.1256
  13  0.332450  3.5243  4.9382 -1.9281 15.0847 12.3181 10.9402  9.7889  9.1226
  14  0.335462  3.5252  4.9404 -1.9226 15.0556 12.2914 10.9164  9.7707  9.1081
  15  0.344156  3.5261  4.9295 -1.8974 14.9757 12.2181 10.8475  9.7049  9.0450
  16  0.353855  3.5273  4.9169 -1.8683 14.8805 12.1307 10.7660  9.6282  8.9720
  17  0.369862  3.5296  4.9018 -1.8257 14.7367 11.9971 10.6421  9.5137  8.8651
  18  0.391498  3.5331  4.8840 -1.7709 14.5496 11.8206 10.4786  9.3649  8.7277
  19  0.458125  3.5449  4.8310 -1.5992 13.9551 11.2532  9.9446  8.8932  8.2989
  20  0.479045  3.5499  4.8128 -1.5416 13.7578 11.0573  9.7605  8.7319  8.1560
  21  0.496232  3.5543  4.7977 -1.4933 13.5936 10.8904  9.6022  8.5951  8.0362
  22  0.509986  3.5582  4.7854 -1.4539 13.4603 10.7519  9.4696  8.4836  7.9395
  23  0.521552  3.5615  4.7751 -1.4205 13.3472 10.6322  9.3539  8.3884  7.8576
  24  0.530965  3.5644  4.7668 -1.3929 13.2537 10.5317  9.2559  8.3099  7.7907
  25  0.539423  3.5670  4.7591 -1.3682 13.1706 10.4422  9.1681  8.2399  7.7309
  26  0.549435  3.5701  4.7504 -1.3389 13.0722 10.3351  9.0632  8.1563  7.6601
  27  0.563982  3.5752  4.7391 -1.2957 12.9268 10.1714  8.9018  8.0302  7.5556
  28  0.584898  3.5828  4.7234 -1.2338 12.7156  9.9280  8.6585  7.8460  7.4066
  29  0.611411  3.5930  4.7049 -1.1554 12.4408  9.6050  8.3317  7.6070  7.2181
  30  0.619568  3.5951  4.6943 -1.1288 12.4128  9.5278  8.2478  7.5366  7.1568
  31  0.744519  3.6482  4.6409 -0.7897 10.7641  8.0406  6.9383  6.5313  6.3307
  32  0.765302  3.6570  4.6303 -0.7314 10.5029  7.8017  6.7313  6.3667  6.1923
  33  0.789638  3.6676  4.6190 -0.6626 10.1777  7.5109  6.4869  6.1719  6.0283
  34  0.891230  3.7111  4.5796 -0.3935  8.6004  6.4074  5.6421  5.4477  5.3760
  35  0.905217  3.7162  4.5728 -0.3598  8.4135  6.2855  5.5472  5.3623  5.2976
  36  0.920136  3.7213  4.5652 -0.3245  8.2207  6.1610  5.4491  5.2737  5.2159
  37  0.934912  3.7262  4.5574 -0.2901  8.0376  6.0417  5.3551  5.1887  5.1372
  38  0.948271  3.7305  4.5499 -0.2596  7.8771  5.9362  5.2719  5.1133  5.0676
  39  0.963165  3.7352  4.5414 -0.2252  7.7012  5.8207  5.1796  5.0290  4.9896
  40  0.977776  3.7398  4.5326 -0.1919  7.5334  5.7108  5.0910  4.9478  4.9140
  41  0.992491  3.7441  4.5234 -0.1586  7.3703  5.6032  5.0036  4.8675  4.8390
  42  1.007443  3.7484  4.5136 -0.1252  7.2115  5.4961  4.9166  4.7873  4.7642
  43  1.021125  3.7522  4.5039 -0.0946  7.0718  5.3999  4.8378  4.7146  4.6960
  44  1.036140  3.7562  4.4931 -0.0614  6.9240  5.2970  4.7528  4.6357  4.6220
  45  1.078701  3.7669  4.4614  0.0300  6.5205  5.0139  4.5186  4.4181  4.4174
  46  1.098336  3.7712  4.4461  0.0705  6.3584  4.8941  4.4180  4.3242  4.3284
  47  1.108204  3.7734  4.4365  0.0929  6.2736  4.8294  4.3627  4.2721  4.2789
  48  1.205900  3.7911  4.3575  0.2779  5.5958  4.2993  3.9044  3.8391  3.8655
  49  1.229775  3.7946  4.3358  0.3219  5.4489  4.1759  3.7968  3.7372  3.7677
  50  1.251661  3.7974  4.3148  0.3617  5.3214  4.0669  3.6988  3.6432  3.6767
  51  1.289536  3.8023  4.2849  0.4236  5.1252  3.8987  3.5465  3.4969  3.5351
  52  1.347290  3.8126  4.2383  0.5316  4.7676  3.5967  3.2816  3.2468  3.2961
  53  1.424426  3.8231  4.1756  0.6616  4.3768  3.2376  2.9647  2.9478  3.0099
  54  1.437354  3.8243  4.1638  0.6822  4.3197  3.1811  2.9144  2.9002  2.9643
  55  1.446814  3.8250  4.1549  0.6967  4.2804  3.1418  2.8786  2.8662  2.9314
  56  1.453730  3.8253  4.1478  0.7073  4.2527  3.1134  2.8522  2.8408  2.9066
  57  1.459553  3.8255  4.1412  0.7165  4.2298  3.0898  2.8298  2.8188  2.8850
  58  1.465005  3.8256  4.1348  0.7250  4.2087  3.0677  2.8085  2.7979  2.8644
  59  1.470538  3.8256  4.1282  0.7337  4.1876  3.0456  2.7870  2.7768  2.8433
  60  1.476700  3.8258  4.1211  0.7430  4.1645  3.0216  2.7637  2.7538  2.8206
  61  1.483607  3.8260  4.1135  0.7533  4.1387  2.9951  2.7380  2.7285  2.7955
  62  1.491165  3.8263  4.1055  0.7644  4.1108  2.9664  2.7104  2.7014  2.7686
  63  1.498424  3.8264  4.0975  0.7751  4.0845  2.9391  2.6837  2.6750  2.7426
  64  1.505016  3.8264  4.0898  0.7849  4.0613  2.9144  2.6593  2.6509  2.7185
  65  1.511776  3.8264  4.0820  0.7948  4.0377  2.8894  2.6347  2.6264  2.6940
  66  1.517727  3.8261  4.0746  0.8027  4.0188  2.8699  2.6146  2.6059  2.6732
  67  1.525054  3.8261  4.0661  0.8132  3.9929  2.8433  2.5883  2.5798  2.6470
  68  1.532117  3.8261  4.0577  0.8234  3.9678  2.8176  2.5626  2.5542  2.6214
  69  1.538016  3.8256  4.0497  0.8313  3.9490  2.7983  2.5424  2.5334  2.6002
  70  1.545190  3.8254  4.0407  0.8413  3.9251  2.7736  2.5172  2.5079  2.5744
  71  1.552475  3.8251  4.0315  0.8514  3.9010  2.7484  2.4915  2.4819  2.5481
  72  1.560048  3.8248  4.0218  0.8619  3.8764  2.7225  2.4648  2.4549  2.5208
  73  1.567722  3.8245  4.0119  0.8726  3.8516  2.6962  2.4377  2.4274  2.4929
  74  1.575718  3.8241  4.0015  0.8837  3.8265  2.6693  2.4097  2.3990  2.4640
  75  1.583857  3.8237  3.9910  0.8948  3.8012  2.6421  2.3813  2.3700  2.4346
  76  1.592052  3.8232  3.9800  0.9061  3.7763  2.6150  2.3528  2.3408  2.4049
  77  1.600372  3.8227  3.9688  0.9175  3.7519  2.5880  2.3241  2.3113  2.3747
  78  1.608708  3.8221  3.9573  0.9287  3.7280  2.5613  2.2953  2.2817  2.3444
  79  1.617056  3.8213  3.9454  0.9399  3.7048  2.5350  2.2667  2.2520  2.3138
  80  1.625466  3.8205  3.9331  0.9511  3.6826  2.5092  2.2381  2.2223  2.2830
  81  1.633976  3.8196  3.9204  0.9623  3.6610  2.4836  2.2094  2.1921  2.2518
  82  1.639204  3.8189  3.9125  0.9691  3.6482  2.4682  2.1918  2.1736  2.2325
  83  1.644441  3.8182  3.9043  0.9759  3.6358  2.4531  2.1743  2.1552  2.2133
  84  1.649640  3.8175  3.8961  0.9827  3.6240  2.4382  2.1571  2.1369  2.1941
  85  1.654808  3.8168  3.8878  0.9892  3.6127  2.4238  2.1400  2.1187  2.1750
  86  1.659916  3.8160  3.8795  0.9957  3.6021  2.4099  2.1233  2.1007  2.1562
  87  1.664980  3.8152  3.8712  1.0021  3.5919  2.3964  2.1069  2.0831  2.1375
  88  1.669994  3.8143  3.8629  1.0082  3.5823  2.3833  2.0908  2.0657  2.1192
  89  1.674956  3.8134  3.8546  1.0143  3.5734  2.3708  2.0751  2.0486  2.1010
  90  1.679876  3.8125  3.8462  1.0203  3.5652  2.3587  2.0596  2.0317  2.0831
  91  1.684803  3.8115  3.8379  1.0262  3.5573  2.3467  2.0443  2.0149  2.0652
  92  1.689748  3.8106  3.8293  1.0321  3.5499  2.3350  2.0291  1.9982  2.0473
  93  1.694706  3.8095  3.8206  1.0379  3.5430  2.3236  2.0140  1.9815  2.0294
  94  1.699678  3.8085  3.8119  1.0437  3.5366  2.3123  1.9990  1.9649  2.0116
  95  1.704665  3.8074  3.8031  1.0494  3.5312  2.3011  1.9840  1.9483  1.9938
  96  1.709657  3.8063  3.7942  1.0552  3.5264  2.2902  1.9691  1.9318  1.9760
  97  1.714627  3.8051  3.7852  1.0608  3.5223  2.2794  1.9543  1.9154  1.9583
  98  1.719613  3.8040  3.7761  1.0664  3.5183  2.2686  1.9396  1.8989  1.9406
  99  1.724604  3.8028  3.7669  1.0721  3.5144  2.2578  1.9248  1.8824  1.9228
 100  1.729585  3.8016  3.7578  1.0778  3.5104  2.2470  1.9101  1.8659  1.9049
 101  1.734545  3.8004  3.7485  1.0837  3.5057  2.2359  1.8952  1.8493  1.8870
 102  1.739466  3.7993  3.7394  1.0897  3.4990  2.2242  1.8800  1.8325  1.8688
 103  1.744180  3.7983  3.7304  1.0959  3.4910  2.2117  1.8645  1.8154  1.8506
 104  1.748442  3.7976  3.7222  1.1021  3.4816  2.1987  1.8489  1.7986  1.8329
 105  1.752037  3.7971  3.7152  1.1080  3.4708  2.1854  1.8340  1.7829  1.8167
 106  1.754894  3.7969  3.7096  1.1135  3.4590  2.1723  1.8202  1.7688  1.8023
 107  1.757068  3.7969  3.7054  1.1184  3.4467  2.1597  1.8078  1.7566  1.7901
 108  1.758773  3.7971  3.7020  1.1229  3.4344  2.1477  1.7965  1.7456  1.7792
 109  1.760145  3.7974  3.6994  1.1271  3.4217  2.1360  1.7859  1.7354  1.7695
 110  1.761244  3.7978  3.6971  1.1310  3.4095  2.1250  1.7760  1.7262  1.7607
 111  1.762166  3.7981  3.6953  1.1348  3.3971  2.1141  1.7666  1.7175  1.7525
 112  1.762435  3.7984  3.6948  1.1360  3.3930  2.1106  1.7636  1.7148  1.7499
 113  1.762704  3.7986  3.6943  1.1373  3.3883  2.1066  1.7601  1.7116  1.7471
 114  1.762972  3.7987  3.6938  1.1386  3.3839  2.1028  1.7570  1.7088  1.7443
 115  1.763240  3.7989  3.6933  1.1399  3.3795  2.0990  1.7537  1.7058  1.7416
 116  1.763507  3.7991  3.6927  1.1412  3.3747  2.0949  1.7504  1.7027  1.7387
 117  1.763774  3.7993  3.6922  1.1429  3.3688  2.0901  1.7463  1.6992  1.7355
 118  1.764040  3.7996  3.6917  1.1444  3.3634  2.0855  1.7425  1.6958  1.7324
 119  1.764305  3.7998  3.6912  1.1460  3.3575  2.0808  1.7388  1.6923  1.7292
 120  1.764569  3.8002  3.6907  1.1478  3.3503  2.0752  1.7342  1.6883  1.7255
 121  1.764831  3.8005  3.6902  1.1498  3.3422  2.0691  1.7293  1.6840  1.7216
 122  1.765092  3.8009  3.6898  1.1517  3.3344  2.0631  1.7246  1.6798  1.7178
 123  1.765352  3.8012  3.6893  1.1540  3.3249  2.0560  1.7190  1.6749  1.7134
 124  1.765610  3.8018  3.6889  1.1562  3.3155  2.0490  1.7137  1.6701  1.7090
 125  1.765867  3.8022  3.6885  1.1587  3.3052  2.0413  1.7076  1.6649  1.7044
 126  1.766121  3.8028  3.6881  1.1615  3.2932  2.0325  1.7010  1.6591  1.6992
 127  1.766371  3.8034  3.6878  1.1643  3.2809  2.0235  1.6941  1.6531  1.6939
 128  1.766619  3.8041  3.6874  1.1676  3.2669  2.0134  1.6866  1.6465  1.6881
 129  1.766862  3.8049  3.6872  1.1710  3.2518  2.0024  1.6783  1.6395  1.6819
 130  1.767098  3.8058  3.6870  1.1747  3.2354  1.9905  1.6695  1.6319  1.6753
 131  1.767327  3.8067  3.6869  1.1787  3.2172  1.9771  1.6597  1.6236  1.6679
 132  1.767548  3.8079  3.6868  1.1833  3.1976  1.9623  1.6488  1.6146  1.6602
 133  1.767756  3.8091  3.6869  1.1881  3.1768  1.9461  1.6372  1.6048  1.6518
 134  1.767948  3.8104  3.6870  1.1936  3.1540  1.9279  1.6242  1.5941  1.6427
 135  1.768123  3.8119  3.6872  1.1994  3.1295  1.9083  1.6104  1.5828  1.6331
 136  1.768280  3.8136  3.6877  1.2056  3.1036  1.8872  1.5957  1.5708  1.6230
 137  1.768420  3.8154  3.6884  1.2121  3.0765  1.8651  1.5803  1.5585  1.6128
 138  1.768543  3.8173  3.6891  1.2188  3.0484  1.8423  1.5645  1.5459  1.6023
 139  1.768649  3.8192  3.6899  1.2258  3.0200  1.8190  1.5482  1.5327  1.5913
 140  1.768738  3.8212  3.6906  1.2330  2.9913  1.7953  1.5316  1.5192  1.5801
 141  1.768815  3.8231  3.6913  1.2402  2.9628  1.7714  1.5147  1.5056  1.5687
 142  1.768882  3.8251  3.6919  1.2475  2.9343  1.7473  1.4977  1.4919  1.5572
 143  1.768942  3.8271  3.6925  1.2549  2.9061  1.7230  1.4807  1.4782  1.5458
 144  1.768996  3.8291  3.6934  1.2623  2.8775  1.6984  1.4634  1.4645  1.5345
 145  1.769047  3.8313  3.6946  1.2699  2.8488  1.6734  1.4463  1.4510  1.5234
 146  1.769114  3.8336  3.6968  1.2766  2.8222  1.6504  1.4312  1.4398  1.5146
 147  1.769169  3.8343  3.6989  1.2772  2.8151  1.6465  1.4300  1.4397  1.5153
 148  1.769234  3.8339  3.7027  1.2719  2.8289  1.6608  1.4429  1.4519  1.5272
 149  1.769250  3.8324  3.7048  1.2638  2.8565  1.6858  1.4623  1.4686  1.5422
 150  1.769269  3.8308  3.7065  1.2560  2.8829  1.7098  1.4807  1.4844  1.5563
 151  1.769288  3.8291  3.7075  1.2482  2.9102  1.7341  1.4990  1.4997  1.5697
 152  1.769309  3.8272  3.7073  1.2405  2.9387  1.7591  1.5168  1.5143  1.5820
 153  1.769338  3.8245  3.7041  1.2332  2.9700  1.7850  1.5335  1.5266  1.5914
 154  1.769391  3.8204  3.6906  1.2303  2.9985  1.8034  1.5379  1.5246  1.5847
 155  1.769461  3.8164  3.6705  1.2343  3.0149  1.8057  1.5254  1.5055  1.5609
 156  1.769525  3.8135  3.6519  1.2413  3.0167  1.7970  1.5060  1.4815  1.5335
 157  1.769615  3.8103  3.6326  1.2480  3.0216  1.7905  1.4877  1.4580  1.5063
 158  1.769758  3.8066  3.6120  1.2534  3.0357  1.7898  1.4726  1.4365  1.4803
 159  1.769963  3.8026  3.5932  1.2566  3.0602  1.7939  1.4628  1.4209  1.4602
 160  1.770201  3.7993  3.5789  1.2577  3.0876  1.8008  1.4587  1.4121  1.4479
 161  1.770450  3.7966  3.5683  1.2576  3.1109  1.8099  1.4584  1.4075  1.4404
 162  1.770990  3.7922  3.5524  1.2557  3.1555  1.8307  1.4625  1.4043  1.4319
 163  1.771530  3.7885  3.5408  1.2527  3.2013  1.8509  1.4689  1.4052  1.4287
 164  1.772064  3.7852  3.5313  1.2490  3.2468  1.8728  1.4778  1.4089  1.4285
 165  1.772588  3.7819  3.5230  1.2444  3.2929  1.8977  1.4892  1.4149  1.4306
 166  1.773099  3.7786  3.5156  1.2387  3.3427  1.9259  1.5033  1.4236  1.4354
 167  1.773589  3.7752  3.5092  1.2318  3.3983  1.9578  1.5208  1.4356  1.4433
 168  1.774055  3.7718  3.5040  1.2236  3.4600  1.9936  1.5420  1.4511  1.4547
 169  1.774489  3.7683  3.4997  1.2139  3.5280  2.0336  1.5668  1.4701  1.4695
 170  1.774889  3.7649  3.4970  1.2030  3.6006  2.0771  1.5952  1.4928  1.4880
 171  1.775254  3.7614  3.4955  1.1910  3.6763  2.1237  1.6266  1.5185  1.5095
 172  1.775586  3.7582  3.4953  1.1781  3.7542  2.1723  1.6606  1.5469  1.5339
 173  1.775890  3.7550  3.4962  1.1644  3.8337  2.2226  1.6965  1.5776  1.5605
 174  1.776169  3.7519  3.4981  1.1503  3.9146  2.2741  1.7341  1.6099  1.5889
 175  1.776430  3.7489  3.5005  1.1358  3.9967  2.3265  1.7727  1.6434  1.6187
 176  1.776676  3.7459  3.5035  1.1210  4.0795  2.3796  1.8123  1.6780  1.6495
 177  1.776914  3.7429  3.5065  1.1060  4.1643  2.4335  1.8524  1.7132  1.6808
 178  1.777145  3.7398  3.5095  1.0910  4.2512  2.4881  1.8931  1.7487  1.7123
 179  1.777378  3.7368  3.5121  1.0761  4.3403  2.5432  1.9339  1.7843  1.7439
 180  1.777619  3.7335  3.5140  1.0613  4.4322  2.5990  1.9748  1.8196  1.7751
 181  1.777879  3.7300  3.5143  1.0470  4.5294  2.6559  2.0153  1.8542  1.8049
 182  1.778208  3.7257  3.5112  1.0329  4.6420  2.7176  2.0570  1.8885  1.8334
 183  1.778572  3.7211  3.5022  1.0236  4.7502  2.7698  2.0878  1.9114  1.8499
 184  1.778960  3.7166  3.4852  1.0226  4.8388  2.8016  2.0987  1.9142  1.8464
 185  1.779339  3.7127  3.4622  1.0303  4.8948  2.8083  2.0874  1.8959  1.8226
 186  1.779690  3.7095  3.4350  1.0447  4.9228  2.7945  2.0586  1.8611  1.7829
 187  1.780008  3.7071  3.4068  1.0633  4.9244  2.7646  2.0178  1.8158  1.7341
 188  1.780306  3.7049  3.3790  1.0827  4.9182  2.7305  1.9743  1.7683  1.6834
 189  1.780587  3.7031  3.3517  1.1029  4.9040  2.6926  1.9283  1.7189  1.6313
 190  1.780863  3.7015  3.3247  1.1232  4.8872  2.6537  1.8820  1.6693  1.5790
 191  1.781134  3.6999  3.2981  1.1437  4.8665  2.6134  1.8348  1.6191  1.5264
 192  1.781402  3.6986  3.2720  1.1643  4.8434  2.5723  1.7871  1.5687  1.4738
 193  1.781668  3.6971  3.2459  1.1848  4.8202  2.5312  1.7396  1.5185  1.4212
 194  1.781931  3.6958  3.2200  1.2054  4.7962  2.4901  1.6921  1.4683  1.3689
 195  1.782194  3.6944  3.1944  1.2258  4.7715  2.4490  1.6450  1.4183  1.3167
 196  1.782455  3.6932  3.1690  1.2460  4.7473  2.4086  1.5982  1.3690  1.2653
 197  1.782715  3.6918  3.1440  1.2660  4.7231  2.3685  1.5521  1.3202  1.2144
 198  1.782974  3.6906  3.1186  1.2862  4.6995  2.3283  1.5057  1.2710  1.1630
 199  1.783234  3.6893  3.0934  1.3063  4.6760  2.2883  1.4595  1.2221  1.1119
 200  1.783496  3.6880  3.0682  1.3264  4.6532  2.2486  1.4136  1.1733  1.0609
 201  1.783761  3.6867  3.0426  1.3467  4.6311  2.2089  1.3672  1.1242  1.0095
 202  1.784028  3.6853  3.0165  1.3675  4.6077  2.1675  1.3195  1.0735  0.9566
 203  1.784291  3.6841  2.9902  1.3888  4.5839  2.1252  1.2709  1.0221  0.9031
 204  1.784554  3.6827  2.9639  1.4099  4.5602  2.0828  1.2222  0.9705  0.8493
 205  1.784818  3.6814  2.9375  1.4312  4.5373  2.0407  1.1736  0.9191  0.7957
 206  1.785082  3.6802  2.9114  1.4524  4.5138  1.9984  1.1250  0.8676  0.7422
 207  1.785346  3.6789  2.8853  1.4736  4.4911  1.9564  1.0767  0.8163  0.6888
 208  1.785612  3.6778  2.8592  1.4947  4.4683  1.9144  1.0284  0.7652  0.6355
 209  1.785878  3.6764  2.8330  1.5159  4.4459  1.8726  0.9802  0.7140  0.5822
 210  1.786144  3.6752  2.8069  1.5370  4.4236  1.8309  0.9321  0.6630  0.5290
 211  1.786409  3.6739  2.7807  1.5582  4.4018  1.7893  0.8840  0.6119  0.4758
 212  1.786675  3.6726  2.7544  1.5794  4.3806  1.7479  0.8360  0.5608  0.4224
 213  1.786941  3.6714  2.7281  1.6006  4.3596  1.7066  0.7880  0.5096  0.3690
 214  1.787207  3.6700  2.7016  1.6219  4.3395  1.6656  0.7402  0.4586  0.3157
 215  1.787473  3.6686  2.6750  1.6433  4.3195  1.6245  0.6923  0.4074  0.2622
 216  1.787737  3.6673  2.6484  1.6646  4.3002  1.5838  0.6445  0.3562  0.2087
 217  1.787789  3.6670  2.6431  1.6688  4.2963  1.5756  0.6349  0.3460  0.1979
 218  1.787842  3.6668  2.6378  1.6731  4.2924  1.5674  0.6253  0.3359  0.1873
 219  1.787894  3.6665  2.6325  1.6773  4.2886  1.5593  0.6158  0.3257  0.1766
 220  1.787945  3.6663  2.6271  1.6817  4.2847  1.5511  0.6062  0.3153  0.1658
 221  1.787998  3.6660  2.6219  1.6859  4.2810  1.5431  0.5968  0.3052  0.1553
 222  1.788049  3.6657  2.6165  1.6902  4.2773  1.5349  0.5872  0.2950  0.1445
 223  1.788101  3.6655  2.6111  1.6944  4.2736  1.5269  0.5777  0.2848  0.1338
 224  1.788154  3.6652  2.6059  1.6987  4.2699  1.5189  0.5683  0.2748  0.1233
 225  1.788206  3.6649  2.6005  1.7029  4.2663  1.5109  0.5589  0.2646  0.1127
 226  1.788258  3.6647  2.5952  1.7072  4.2625  1.5028  0.5493  0.2543  0.1019
 227  1.788774  3.6619  2.5417  1.7497  4.2274  1.4229  0.4551  0.1529 -0.0045
 228  1.789254  3.6594  2.4920  1.7894  4.1966  1.3494  0.3679  0.0589 -0.1033
 229  1.789735  3.6567  2.4413  1.8293  4.1688  1.2770  0.2808 -0.0355 -0.2029
 230  1.790183  3.6541  2.3943  1.8663  4.1453  1.2112  0.2011 -0.1225 -0.2948
 231  1.790632  3.6515  2.3477  1.9029  4.1231  1.1470  0.1229 -0.2082 -0.3855
 232  1.791045  3.6492  2.3054  1.9359  4.1042  1.0895  0.0527 -0.2855 -0.4675
 233  1.791463  3.6470  2.2645  1.9679  4.0865  1.0345 -0.0147 -0.3599 -0.5466
 234  1.791863  3.6452  2.2299  1.9952  4.0706  0.9873 -0.0722 -0.4233 -0.6140
 235  1.792245  3.6439  2.2067  2.0138  4.0575  0.9539 -0.1122 -0.4669 -0.6600
 236  1.792639  3.6439  2.2057  2.0148  4.0564  0.9514 -0.1149 -0.4694 -0.6624
 237  1.793057  3.6476  2.2695  1.9658  4.0796  1.0323 -0.0148 -0.3566 -0.5413
 238  1.793582  3.6591  2.4777  1.8037  4.1748  1.3123  0.3260  0.0208 -0.1392
 239  1.794489  3.6617  2.5281  1.7641  4.2009  1.3818  0.4098  0.1133 -0.0411
 240  1.795678  3.6555  2.4115  1.8560  4.1379  1.2199  0.2154 -0.1014 -0.2694
 241  1.796693  3.6488  2.2888  1.9523  4.0760  1.0541  0.0154 -0.3248 -0.5081
 242  1.797546  3.6452  2.2154  2.0115  4.0276  0.9456 -0.1123 -0.4639 -0.6550
 243  1.798266  3.6420  2.1576  2.0567  4.0054  0.8686 -0.2075 -0.5690 -0.7666
 244  1.798954  3.6379  2.0854  2.1127  3.9793  0.7762 -0.3217 -0.6977 -0.9046
 245  1.799564  3.6340  2.0173  2.1653  3.9576  0.6925 -0.4261 -0.8173 -1.0339
 246  1.800114  3.6300  1.9476  2.2189  3.9362  0.6093 -0.5294 -0.9380 -1.1655
 247  1.800596  3.6263  1.8860  2.2661  3.9184  0.5373 -0.6188 -1.0437 -1.2814
 248  1.801028  3.6229  1.8282  2.3102  3.9024  0.4714 -0.7003 -1.1416 -1.3897
 249  1.801417  3.6195  1.7720  2.3530  3.8872  0.4092 -0.7771 -1.2358 -1.4945
 250  1.801774  3.6162  1.7164  2.3953  3.8715  0.3497 -0.8503 -1.3277 -1.5978
 251  1.802098  3.6128  1.6624  2.4361  3.8561  0.2941 -0.9185 -1.4157 -1.6978
 252  1.802394  3.6097  1.6103  2.4756  3.8409  0.2422 -0.9817 -1.4999 -1.7942
 253  1.802667  3.6065  1.5590  2.5143  3.8255  0.1931 -1.0407 -1.5813 -1.8887
 254  1.802915  3.6035  1.5094  2.5517  3.8101  0.1472 -1.0950 -1.6593 -1.9799
 255  1.803144  3.6004  1.4609  2.5881  3.7958  0.1054 -1.1441 -1.7338 -2.0687
 256  1.803355  3.5974  1.4133  2.6237  3.7811  0.0669 -1.1886 -1.8056 -2.1551
 257  1.803549  3.5944  1.3671  2.6581  3.7659  0.0321 -1.2286 -1.8739 -2.2385
 258  1.803729  3.5916  1.3220  2.6916  3.7503  0.0001 -1.2643 -1.9395 -2.3197
 259  1.803896  3.5887  1.2781  2.7243  3.7343 -0.0288 -1.2955 -2.0023 -2.3985
 260  1.804052  3.5859  1.2346  2.7566  3.7178 -0.0547 -1.3223 -2.0629 -2.4760
 261  1.804196  3.5832  1.1927  2.7877  3.7012 -0.0781 -1.3445 -2.1206 -2.5507
 262  1.804330  3.5805  1.1517  2.8180  3.6841 -0.0986 -1.3626 -2.1759 -2.6232
 263  1.804455  3.5779  1.1115  2.8478  3.6673 -0.1158 -1.3760 -2.2286 -2.6938
 264  1.804573  3.5753  1.0720  2.8768  3.6508 -0.1295 -1.3846 -2.2787 -2.7626
 265  1.804682  3.5727  1.0336  2.9051  3.6347 -0.1399 -1.3877 -2.3262 -2.8292
 266  1.804786  3.5702  0.9960  2.9328  3.6193 -0.1469 -1.3858 -2.3712 -2.8940
 267  1.804882  3.5678  0.9590  2.9598  3.6048 -0.1494 -1.3785 -2.4133 -2.9566
 268  1.804974  3.5653  0.9226  2.9863  3.5910 -0.1478 -1.3664 -2.4525 -3.0170
