#NUMBER OF AGES= 1
#----------------------------------------------------       
#MIX-LEN  Y      Z          Zeff        [Fe/H] [a/Fe]
# 1.9380  0.2846 2.4865E-02 2.4865E-02   0.20   0.00 
#----------------------------------------------------       
#**PHOTOMETRIC SYSTEM**: SDSS (AB)                          
#----------------------------------------------------       
#AGE= 2.000 EEPS=274
#EEP   M/Mo    LogTeff  LogG   LogL/Lo sdss_u  sdss_g  sdss_r  sdss_i  sdss_z
   5  0.114048  3.5006  5.2371 -2.7861 17.9092 14.8490 13.3547 12.0451 11.2874
   6  0.135192  3.5005  5.1674 -2.6431 17.5046 14.4864 13.0000 11.6911 10.9322
   7  0.173698  3.5036  5.0883 -2.4428 16.8721 13.9253 12.4587 11.1749 10.4285
   8  0.233302  3.5124  5.0232 -2.2146 16.0643 13.2091 11.7802 10.5585  9.8475
   9  0.282955  3.5189  4.9837 -2.0652 15.5410 12.7364 11.3346 10.1539  9.4682
  10  0.306725  3.5218  4.9622 -1.9972 15.3099 12.5256 11.1360  9.9717  9.2965
  11  0.319194  3.5231  4.9470 -1.9593 15.1861 12.4125 11.0295  9.8719  9.2012
  12  0.324089  3.5237  4.9432 -1.9463 15.1415 12.3713 10.9909  9.8367  9.1683
  13  0.326731  3.5237  4.9421 -1.9418 15.1301 12.3602 10.9798  9.8256  9.1571
  14  0.329428  3.5245  4.9435 -1.9364 15.1033 12.3356 10.9577  9.8081  9.1429
  15  0.335543  3.5251  4.9359 -1.9187 15.0480 12.2847 10.9097  9.7623  9.0987
  16  0.341575  3.5258  4.9272 -1.8997 14.9866 12.2287 10.8572  9.7125  9.0510
  17  0.352918  3.5272  4.9146 -1.8678 14.8811 12.1316 10.7667  9.6277  8.9709
  18  0.369149  3.5295  4.9008 -1.8260 14.7386 11.9991 10.6440  9.5149  8.8658
  19  0.391300  3.5330  4.8825 -1.7699 14.5475 11.8186 10.4769  9.3627  8.7253
  20  0.458983  3.5451  4.8290 -1.5957 13.9444 11.2430  9.9350  8.8841  8.2904
  21  0.480681  3.5503  4.8102 -1.5362 13.7403 11.0400  9.7443  8.7170  8.1423
  22  0.497595  3.5547  4.7953 -1.4884 13.5783 10.8748  9.5874  8.5819  8.0242
  23  0.511214  3.5585  4.7832 -1.4494 13.4461 10.7372  9.4556  8.4712  7.9282
  24  0.522611  3.5618  4.7731 -1.4163 13.3343 10.6187  9.3408  8.3771  7.8475
  25  0.531933  3.5647  4.7648 -1.3889 13.2415 10.5188  9.2434  8.2991  7.7810
  26  0.540574  3.5673  4.7569 -1.3637 13.1568 10.4274  9.1537  8.2276  7.7200
  27  0.551000  3.5706  4.7480 -1.3330 13.0539 10.3149  9.0434  8.1400  7.6459
  28  0.566311  3.5760  4.7361 -1.2875 12.9009 10.1419  8.8728  8.0070  7.5361
  29  0.587848  3.5839  4.7200 -1.2238 12.6819  9.8893  8.6195  7.8164  7.3824
  30  0.614533  3.5943  4.7016 -1.1446 12.4054  9.5629  8.2900  7.5753  7.1922
  31  0.622602  3.5965  4.6914 -1.1185 12.3752  9.4863  8.2078  7.5063  7.1322
  32  0.743063  3.6479  4.6395 -0.7900 10.7800  8.0439  6.9368  6.5315  6.3322
  33  0.763822  3.6567  4.6289 -0.7313 10.5163  7.8026  6.7283  6.3655  6.1926
  34  0.789411  3.6681  4.6172 -0.6587 10.1639  7.4934  6.4704  6.1598  6.0188
  35  0.884339  3.7090  4.5801 -0.4059  8.6740  6.4546  5.6778  5.4791  5.4046
  36  0.897618  3.7139  4.5735 -0.3734  8.4938  6.3362  5.5860  5.3968  5.3289
  37  0.911722  3.7189  4.5663 -0.3394  8.3077  6.2154  5.4912  5.3113  5.2502
  38  0.926066  3.7238  4.5586 -0.3055  8.1248  6.0969  5.3977  5.2267  5.1720
  39  0.939384  3.7281  4.5512 -0.2746  7.9608  5.9893  5.3129  5.1500  5.1012
  40  0.953921  3.7329  4.5428 -0.2405  7.7843  5.8735  5.2209  5.0662  5.0237
  41  0.968328  3.7374  4.5340 -0.2071  7.6151  5.7625  5.1317  4.9846  4.9478
  42  0.982610  3.7417  4.5250 -0.1744  7.4523  5.6556  5.0450  4.9049  4.8735
  43  0.997108  3.7460  4.5154 -0.1413  7.2933  5.5493  4.9587  4.8255  4.7993
  44  1.011136  3.7499  4.5056 -0.1096  7.1457  5.4487  4.8765  4.7496  4.7283
  45  1.024319  3.7536  4.4958 -0.0796  7.0115  5.3556  4.7997  4.6785  4.6616
  46  1.041578  3.7581  4.4830 -0.0417  6.8430  5.2377  4.7022  4.5880  4.5766
  47  1.091066  3.7699  4.4443  0.0646  6.3855  4.9124  4.4317  4.3361  4.3390
  48  1.096737  3.7712  4.4381  0.0779  6.3415  4.8763  4.4001  4.3063  4.3105
  49  1.191773  3.7885  4.3572  0.2631  5.6553  4.3439  3.9395  3.8704  3.8938
  50  1.216673  3.7918  4.3334  0.3085  5.5136  4.2196  3.8290  3.7654  3.7927
  51  1.240306  3.7948  4.3098  0.3521  5.3712  4.0986  3.7216  3.6628  3.6937
  52  1.245576  3.7955  4.3043  0.3621  5.3382  4.0709  3.6969  3.6391  3.6708
  53  1.250240  3.7961  4.2992  0.3713  5.3092  4.0464  3.6745  3.6173  3.6495
  54  1.255217  3.7966  4.2939  0.3805  5.2807  4.0218  3.6514  3.5948  3.6274
  55  1.260361  3.7972  4.2885  0.3901  5.2514  3.9966  3.6277  3.5715  3.6046
  56  1.266530  3.7980  4.2825  0.4012  5.2173  3.9672  3.6001  3.5446  3.5782
  57  1.275111  3.7992  4.2750  0.4163  5.1703  3.9274  3.5626  3.5081  3.5425
  58  1.327711  3.8082  4.2282  0.5181  4.8382  3.6444  3.3124  3.2711  3.3153
  59  1.342139  3.8099  4.2174  0.5404  4.7678  3.5824  3.2579  3.2194  3.2657
  60  1.413495  3.8185  4.1562  0.6598  4.4122  3.2551  2.9657  2.9419  2.9985
  61  1.427967  3.8196  4.1415  0.6829  4.3483  3.1933  2.9086  2.8867  2.9449
  62  1.437948  3.8201  4.1305  0.6988  4.3060  3.1512  2.8690  2.8482  2.9071
  63  1.446233  3.8204  4.1212  0.7118  4.2727  3.1174  2.8370  2.8170  2.8764
  64  1.452849  3.8205  4.1133  0.7220  4.2475  3.0911  2.8115  2.7920  2.8515
  65  1.458540  3.8204  4.1058  0.7309  4.2267  3.0689  2.7893  2.7698  2.8294
  66  1.463941  3.8201  4.0984  0.7392  4.2076  3.0480  2.7682  2.7487  2.8082
  67  1.469451  3.8200  4.0907  0.7478  4.1885  3.0271  2.7469  2.7273  2.7866
  68  1.475301  3.8197  4.0827  0.7566  4.1686  3.0051  2.7246  2.7047  2.7639
  69  1.481802  3.8195  4.0742  0.7663  4.1464  2.9809  2.7002  2.6803  2.7393
  70  1.488855  3.8193  4.0651  0.7767  4.1224  2.9550  2.6740  2.6541  2.7129
  71  1.495783  3.8192  4.0560  0.7870  4.0992  2.9297  2.6483  2.6283  2.6870
  72  1.502333  3.8189  4.0471  0.7967  4.0777  2.9058  2.6238  2.6035  2.6620
  73  1.509066  3.8185  4.0378  0.8065  4.0558  2.8818  2.5989  2.5784  2.6365
  74  1.515039  3.8179  4.0292  0.8144  4.0389  2.8630  2.5786  2.5573  2.6148
  75  1.522499  3.8176  4.0192  0.8250  4.0152  2.8372  2.5519  2.5302  2.5872
  76  1.529710  3.8171  4.0089  0.8353  3.9927  2.8124  2.5259  2.5036  2.5602
  77  1.535947  3.8163  3.9994  0.8437  3.9754  2.7928  2.5043  2.4811  2.5369
  78  1.543022  3.8156  3.9890  0.8534  3.9554  2.7701  2.4795  2.4553  2.5104
  79  1.550203  3.8149  3.9782  0.8634  3.9354  2.7472  2.4542  2.4290  2.4832
  80  1.557421  3.8142  3.9669  0.8733  3.9160  2.7244  2.4288  2.4024  2.4558
  81  1.564911  3.8132  3.9553  0.8835  3.8967  2.7014  2.4028  2.3751  2.4274
  82  1.569545  3.8126  3.9480  0.8897  3.8854  2.6875  2.3867  2.3582  2.4099
  83  1.574193  3.8120  3.9406  0.8959  3.8741  2.6735  2.3707  2.3413  2.3923
  84  1.578903  3.8113  3.9330  0.9021  3.8634  2.6598  2.3547  2.3244  2.3745
  85  1.583659  3.8107  3.9254  0.9084  3.8530  2.6461  2.3387  2.3073  2.3567
  86  1.588439  3.8100  3.9175  0.9146  3.8429  2.6326  2.3227  2.2902  2.3387
  87  1.593263  3.8093  3.9096  0.9209  3.8331  2.6191  2.3066  2.2729  2.3207
  88  1.598147  3.8085  3.9015  0.9272  3.8236  2.6057  2.2904  2.2556  2.3024
  89  1.603080  3.8076  3.8932  0.9335  3.8148  2.5924  2.2742  2.2382  2.2841
  90  1.608049  3.8068  3.8849  0.9397  3.8064  2.5792  2.2579  2.2207  2.2657
  91  1.613067  3.8059  3.8765  0.9461  3.7983  2.5660  2.2418  2.2033  2.2473
  92  1.618077  3.8049  3.8680  0.9523  3.7909  2.5533  2.2258  2.1860  2.2289
  93  1.623082  3.8040  3.8594  0.9584  3.7840  2.5408  2.2100  2.1688  2.2106
  94  1.628062  3.8030  3.8507  0.9644  3.7778  2.5287  2.1946  2.1519  2.1926
  95  1.632978  3.8020  3.8419  0.9703  3.7719  2.5170  2.1794  2.1353  2.1748
  96  1.637791  3.8009  3.8332  0.9759  3.7669  2.5060  2.1649  2.1192  2.1575
  97  1.642538  3.7998  3.8245  0.9816  3.7605  2.4951  2.1510  2.1036  2.1406
  98  1.647217  3.7987  3.8158  0.9871  3.7544  2.4844  2.1373  2.0882  2.1240
  99  1.651847  3.7976  3.8072  0.9925  3.7486  2.4741  2.1238  2.0730  2.1074
 100  1.656433  3.7966  3.7985  0.9981  3.7429  2.4636  2.1102  2.0576  2.0907
 101  1.660953  3.7955  3.7899  1.0037  3.7371  2.4530  2.0962  2.0420  2.0738
 102  1.665340  3.7945  3.7815  1.0094  3.7307  2.4417  2.0818  2.0260  2.0567
 103  1.669430  3.7937  3.7734  1.0152  3.7236  2.4300  2.0672  2.0101  2.0398
 104  1.673034  3.7931  3.7663  1.0209  3.7151  2.4178  2.0530  1.9949  2.0239
 105  1.675962  3.7927  3.7606  1.0262  3.7052  2.4057  2.0396  1.9810  2.0097
 106  1.678343  3.7926  3.7555  1.0310  3.6956  2.3943  2.0274  1.9685  1.9970
 107  1.680222  3.7926  3.7516  1.0354  3.6847  2.3832  2.0163  1.9575  1.9859
 108  1.681687  3.7927  3.7484  1.0394  3.6737  2.3726  2.0063  1.9477  1.9762
 109  1.682872  3.7929  3.7458  1.0432  3.6625  2.3624  1.9968  1.9386  1.9674
 110  1.683856  3.7932  3.7436  1.0468  3.6518  2.3526  1.9879  1.9302  1.9593
 111  1.684701  3.7935  3.7416  1.0501  3.6407  2.3430  1.9795  1.9222  1.9516
 112  1.684988  3.7936  3.7410  1.0514  3.6366  2.3395  1.9764  1.9193  1.9489
 113  1.685273  3.7937  3.7403  1.0528  3.6320  2.3354  1.9729  1.9161  1.9459
 114  1.685560  3.7939  3.7396  1.0540  3.6275  2.3316  1.9695  1.9130  1.9430
 115  1.685846  3.7940  3.7389  1.0554  3.6231  2.3278  1.9662  1.9099  1.9400
 116  1.686132  3.7942  3.7383  1.0569  3.6180  2.3234  1.9625  1.9064  1.9368
 117  1.686417  3.7944  3.7376  1.0585  3.6122  2.3185  1.9583  1.9027  1.9334
 118  1.686702  3.7946  3.7369  1.0601  3.6069  2.3139  1.9544  1.8991  1.9300
 119  1.686987  3.7949  3.7362  1.0617  3.6010  2.3090  1.9503  1.8953  1.9265
 120  1.687271  3.7952  3.7355  1.0636  3.5941  2.3032  1.9454  1.8909  1.9224
 121  1.687554  3.7955  3.7348  1.0655  3.5875  2.2976  1.9407  1.8867  1.9185
 122  1.687837  3.7957  3.7341  1.0675  3.5804  2.2916  1.9357  1.8822  1.9143
 123  1.688118  3.7961  3.7334  1.0697  3.5721  2.2846  1.9299  1.8771  1.9097
 124  1.688398  3.7965  3.7327  1.0720  3.5640  2.2778  1.9242  1.8721  1.9050
 125  1.688676  3.7969  3.7320  1.0745  3.5546  2.2701  1.9179  1.8665  1.9000
 126  1.688952  3.7974  3.7313  1.0772  3.5447  2.2619  1.9112  1.8605  1.8945
 127  1.689224  3.7979  3.7305  1.0801  3.5337  2.2527  1.9038  1.8540  1.8886
 128  1.689491  3.7985  3.7297  1.0833  3.5215  2.2427  1.8957  1.8468  1.8822
 129  1.689750  3.7991  3.7288  1.0869  3.5077  2.2314  1.8866  1.8388  1.8750
 130  1.690002  3.8000  3.7280  1.0910  3.4921  2.2188  1.8765  1.8301  1.8671
 131  1.690247  3.8008  3.7273  1.0953  3.4741  2.2052  1.8660  1.8209  1.8589
 132  1.690478  3.8018  3.7264  1.1000  3.4542  2.1904  1.8545  1.8108  1.8499
 133  1.690693  3.8029  3.7256  1.1052  3.4321  2.1740  1.8420  1.7999  1.8402
 134  1.690891  3.8040  3.7247  1.1108  3.4081  2.1562  1.8285  1.7881  1.8297
 135  1.691073  3.8053  3.7240  1.1167  3.3825  2.1374  1.8142  1.7757  1.8188
 136  1.691237  3.8067  3.7233  1.1231  3.3557  2.1174  1.7991  1.7628  1.8073
 137  1.691380  3.8081  3.7224  1.1297  3.3284  2.0964  1.7834  1.7493  1.7953
 138  1.691504  3.8096  3.7216  1.1364  3.3010  2.0745  1.7670  1.7353  1.7830
 139  1.691610  3.8111  3.7206  1.1434  3.2734  2.0520  1.7502  1.7210  1.7704
 140  1.691700  3.8126  3.7196  1.1505  3.2459  2.0291  1.7332  1.7065  1.7577
 141  1.691778  3.8141  3.7186  1.1578  3.2183  2.0059  1.7159  1.6919  1.7448
 142  1.691845  3.8157  3.7175  1.1650  3.1908  1.9826  1.6986  1.6771  1.7318
 143  1.691902  3.8173  3.7165  1.1725  3.1629  1.9591  1.6809  1.6621  1.7186
 144  1.691956  3.8190  3.7156  1.1799  3.1351  1.9355  1.6632  1.6470  1.7054
 145  1.692007  3.8206  3.7147  1.1874  3.1075  1.9118  1.6455  1.6320  1.6923
 146  1.692078  3.8223  3.7149  1.1938  3.0829  1.8911  1.6307  1.6199  1.6820
 147  1.692129  3.8226  3.7157  1.1947  3.0768  1.8874  1.6287  1.6186  1.6812
 148  1.692190  3.8222  3.7198  1.1887  3.0936  1.9037  1.6433  1.6324  1.6946
 149  1.692210  3.8211  3.7233  1.1808  3.1194  1.9270  1.6625  1.6499  1.7108
 150  1.692230  3.8199  3.7262  1.1732  3.1445  1.9495  1.6809  1.6662  1.7259
 151  1.692249  3.8186  3.7285  1.1656  3.1706  1.9724  1.6991  1.6823  1.7404
 152  1.692272  3.8170  3.7297  1.1581  3.1986  1.9962  1.7169  1.6975  1.7538
 153  1.692319  3.8140  3.7232  1.1528  3.2296  2.0187  1.7285  1.7042  1.7571
 154  1.692372  3.8111  3.7125  1.1517  3.2520  2.0306  1.7293  1.7003  1.7498
 155  1.692448  3.8079  3.6929  1.1583  3.2601  2.0250  1.7114  1.6771  1.7227
 156  1.692529  3.8052  3.6756  1.1651  3.2631  2.0164  1.6930  1.6545  1.6970
 157  1.692661  3.8020  3.6568  1.1711  3.2759  2.0114  1.6765  1.6332  1.6722
 158  1.692865  3.7983  3.6384  1.1751  3.2987  2.0122  1.6653  1.6168  1.6518
 159  1.693123  3.7952  3.6242  1.1766  3.3215  2.0188  1.6613  1.6077  1.6391
 160  1.693398  3.7927  3.6142  1.1766  3.3433  2.0275  1.6611  1.6034  1.6318
 161  1.693676  3.7906  3.6067  1.1760  3.3654  2.0363  1.6622  1.6013  1.6273
 162  1.694314  3.7873  3.5956  1.1737  3.4090  2.0542  1.6668  1.6008  1.6230
 163  1.694942  3.7840  3.5858  1.1705  3.4521  2.0748  1.6742  1.6031  1.6214
 164  1.695561  3.7808  3.5772  1.1666  3.4942  2.0976  1.6844  1.6080  1.6225
 165  1.696167  3.7776  3.5697  1.1615  3.5423  2.1239  1.6969  1.6153  1.6260
 166  1.696752  3.7743  3.5629  1.1552  3.5981  2.1543  1.7126  1.6256  1.6323
 167  1.697308  3.7709  3.5573  1.1475  3.6601  2.1890  1.7323  1.6397  1.6422
 168  1.697828  3.7674  3.5526  1.1383  3.7278  2.2281  1.7562  1.6579  1.6562
 169  1.698307  3.7640  3.5495  1.1276  3.8006  2.2711  1.7840  1.6799  1.6740
 170  1.698745  3.7605  3.5476  1.1157  3.8774  2.3175  1.8152  1.7054  1.6952
 171  1.699142  3.7571  3.5470  1.1028  3.9573  2.3665  1.8491  1.7336  1.7193
 172  1.699505  3.7538  3.5476  1.0892  4.0395  2.4175  1.8853  1.7643  1.7459
 173  1.699838  3.7505  3.5489  1.0750  4.1235  2.4699  1.9231  1.7967  1.7742
 174  1.700149  3.7473  3.5508  1.0604  4.2090  2.5234  1.9622  1.8305  1.8038
 175  1.700446  3.7442  3.5529  1.0455  4.2963  2.5779  2.0022  1.8651  1.8345
 176  1.700732  3.7409  3.5552  1.0306  4.3857  2.6333  2.0428  1.9004  1.8656
 177  1.701017  3.7376  3.5572  1.0155  4.4775  2.6894  2.0839  1.9360  1.8969
 178  1.701308  3.7343  3.5585  1.0007  4.5728  2.7465  2.1252  1.9715  1.9279
 179  1.701617  3.7306  3.5584  0.9861  4.6731  2.8048  2.1663  2.0064  1.9579
 180  1.701971  3.7265  3.5555  0.9726  4.7809  2.8640  2.2062  2.0391  1.9851
 181  1.702418  3.7215  3.5463  0.9621  4.8983  2.9214  2.2405  2.0649  2.0041
 182  1.702867  3.7168  3.5304  0.9594  4.9935  2.9581  2.2557  2.0718  2.0045
 183  1.703309  3.7127  3.5083  0.9653  5.0591  2.9713  2.2496  2.0582  1.9850
 184  1.703725  3.7093  3.4821  0.9777  5.0958  2.9637  2.2260  2.0282  1.9499
 185  1.704107  3.7065  3.4542  0.9946  5.1100  2.9410  2.1907  1.9877  1.9052
 186  1.704458  3.7043  3.4263  1.0137  5.1065  2.9086  2.1483  1.9410  1.8552
 187  1.704792  3.7023  3.3985  1.0340  5.0944  2.8715  2.1027  1.8917  1.8029
 188  1.705114  3.7007  3.3708  1.0549  5.0766  2.8316  2.0550  1.8406  1.7492
 189  1.705428  3.6991  3.3433  1.0762  5.0537  2.7892  2.0056  1.7883  1.6945
 190  1.705736  3.6976  3.3157  1.0978  5.0304  2.7464  1.9559  1.7356  1.6393
 191  1.706040  3.6962  3.2885  1.1197  5.0035  2.7021  1.9052  1.6822  1.5836
 192  1.706341  3.6949  3.2613  1.1416  4.9758  2.6574  1.8542  1.6284  1.5277
 193  1.706641  3.6936  3.2342  1.1636  4.9471  2.6124  1.8031  1.5747  1.4719
 194  1.706939  3.6924  3.2074  1.1856  4.9166  2.5667  1.7517  1.5207  1.4159
 195  1.707237  3.6911  3.1804  1.2076  4.8874  2.5216  1.7006  1.4670  1.3600
 196  1.707534  3.6898  3.1535  1.2296  4.8577  2.4763  1.6495  1.4132  1.3042
 197  1.707830  3.6886  3.1269  1.2517  4.8270  2.4306  1.5981  1.3594  1.2484
 198  1.708127  3.6874  3.1000  1.2736  4.7980  2.3857  1.5473  1.3060  1.1928
 199  1.708423  3.6863  3.0734  1.2956  4.7684  2.3405  1.4964  1.2525  1.1373
 200  1.708720  3.6851  3.0468  1.3174  4.7393  2.2954  1.4456  1.1991  1.0819
 201  1.709016  3.6838  3.0203  1.3393  4.7118  2.2508  1.3951  1.1459  1.0267
 202  1.709312  3.6827  2.9939  1.3610  4.6837  2.2059  1.3446  1.0928  0.9717
 203  1.709611  3.6814  2.9673  1.3827  4.6590  2.1624  1.2949  1.0402  0.9170
 204  1.709909  3.6802  2.9407  1.4044  4.6341  2.1190  1.2453  0.9879  0.8625
 205  1.710208  3.6790  2.9144  1.4259  4.6091  2.0757  1.1957  0.9355  0.8082
 206  1.710506  3.6778  2.8881  1.4474  4.5848  2.0325  1.1465  0.8835  0.7541
 207  1.710807  3.6765  2.8619  1.4687  4.5614  1.9902  1.0977  0.8318  0.7003
 208  1.711105  3.6753  2.8356  1.4901  4.5378  1.9476  1.0489  0.7801  0.6465
 209  1.711404  3.6740  2.8095  1.5114  4.5142  1.9050  1.0002  0.7285  0.5927
 210  1.711701  3.6728  2.7830  1.5328  4.4923  1.8632  0.9517  0.6770  0.5390
 211  1.711998  3.6715  2.7567  1.5542  4.4700  1.8212  0.9032  0.6255  0.4853
 212  1.712294  3.6702  2.7302  1.5756  4.4485  1.7795  0.8549  0.5740  0.4316
 213  1.712590  3.6689  2.7037  1.5969  4.4277  1.7381  0.8068  0.5226  0.3780
 214  1.712884  3.6676  2.6771  1.6184  4.4072  1.6967  0.7585  0.4712  0.3242
 215  1.713177  3.6663  2.6505  1.6398  4.3871  1.6555  0.7104  0.4198  0.2706
 216  1.713469  3.6650  2.6238  1.6613  4.3676  1.6145  0.6624  0.3684  0.2168
 217  1.713527  3.6647  2.6186  1.6655  4.3638  1.6066  0.6530  0.3584  0.2062
 218  1.713585  3.6645  2.6133  1.6698  4.3598  1.5983  0.6435  0.3481  0.1956
 219  1.713643  3.6642  2.6080  1.6740  4.3560  1.5902  0.6340  0.3380  0.1850
 220  1.713701  3.6639  2.6027  1.6782  4.3526  1.5824  0.6247  0.3280  0.1744
 221  1.713758  3.6637  2.5973  1.6825  4.3489  1.5743  0.6152  0.3178  0.1637
 222  1.713815  3.6634  2.5921  1.6868  4.3452  1.5662  0.6057  0.3075  0.1530
 223  1.713873  3.6631  2.5867  1.6911  4.3413  1.5581  0.5961  0.2973  0.1423
 224  1.713931  3.6629  2.5814  1.6953  4.3377  1.5500  0.5866  0.2872  0.1316
 225  1.713989  3.6626  2.5761  1.6996  4.3340  1.5420  0.5772  0.2771  0.1211
 226  1.714047  3.6623  2.5708  1.7038  4.3305  1.5340  0.5678  0.2670  0.1105
 227  1.714572  3.6599  2.5219  1.7430  4.2973  1.4603  0.4811  0.1737  0.0127
 228  1.715086  3.6575  2.4744  1.7810  4.2672  1.3900  0.3976  0.0837 -0.0819
 229  1.715594  3.6550  2.4275  1.8181  4.2404  1.3224  0.3167 -0.0042 -0.1746
 230  1.716081  3.6527  2.3839  1.8527  4.2166  1.2604  0.2420 -0.0856 -0.2604
 231  1.716542  3.6506  2.3446  1.8838  4.1959  1.2050  0.1753 -0.1584 -0.3374
 232  1.716996  3.6488  2.3111  1.9102  4.1791  1.1583  0.1187 -0.2203 -0.4030
 233  1.717459  3.6477  2.2893  1.9276  4.1681  1.1277  0.0817 -0.2609 -0.4460
 234  1.717921  3.6485  2.3019  1.9182  4.1707  1.1424  0.1005 -0.2394 -0.4227
 235  1.718453  3.6525  2.3766  1.8600  4.2065  1.2439  0.2237 -0.1036 -0.2782
 236  1.719154  3.6594  2.4966  1.7679  4.2522  1.4009  0.4176  0.1113 -0.0494
 237  1.720134  3.6619  2.5411  1.7335  4.2695  1.4600  0.4909  0.1917  0.0358
 238  1.721281  3.6541  2.3953  1.8482  4.1911  1.2562  0.2460 -0.0773 -0.2495
 239  1.722213  3.6490  2.3003  1.9229  4.1443  1.1252  0.0870 -0.2521 -0.4349
 240  1.722994  3.6449  2.2264  1.9808  4.1116  1.0251 -0.0355 -0.3871 -0.5780
 241  1.723686  3.6410  2.1551  2.0367  4.0820  0.9304 -0.1515 -0.5163 -0.7159
 242  1.724301  3.6372  2.0867  2.0900  4.0556  0.8421 -0.2603 -0.6388 -0.8474
 243  1.724848  3.6335  2.0213  2.1409  4.0317  0.7594 -0.3624 -0.7549 -0.9725
 244  1.725334  3.6300  1.9589  2.1891  4.0115  0.6833 -0.4567 -0.8641 -1.0910
 245  1.725773  3.6263  1.8981  2.2358  3.9928  0.6113 -0.5458 -0.9688 -1.2057
 246  1.726167  3.6229  1.8395  2.2806  3.9756  0.5438 -0.6292 -1.0686 -1.3157
 247  1.726525  3.6195  1.7816  2.3248  3.9584  0.4788 -0.7090 -1.1660 -1.4239
 248  1.726851  3.6161  1.7249  2.3680  3.9417  0.4176 -0.7841 -1.2600 -1.5296
 249  1.727147  3.6127  1.6698  2.4098  3.9252  0.3604 -0.8543 -1.3501 -1.6318
 250  1.727415  3.6095  1.6162  2.4504  3.9086  0.3068 -0.9195 -1.4367 -1.7311
 251  1.727661  3.6063  1.5641  2.4898  3.8925  0.2564 -0.9799 -1.5199 -1.8274
 252  1.727886  3.6032  1.5132  2.5283  3.8762  0.2091 -1.0359 -1.6000 -1.9212
 253  1.728091  3.6000  1.4634  2.5656  3.8606  0.1658 -1.0866 -1.6766 -2.0122
 254  1.728281  3.5970  1.4148  2.6021  3.8445  0.1261 -1.1328 -1.7502 -2.1008
 255  1.728455  3.5939  1.3674  2.6374  3.8279  0.0899 -1.1741 -1.8205 -2.1865
 256  1.728616  3.5910  1.3209  2.6720  3.8111  0.0570 -1.2107 -1.8882 -2.2704
 257  1.728766  3.5880  1.2754  2.7059  3.7937  0.0272 -1.2425 -1.9531 -2.3520
 258  1.728904  3.5852  1.2312  2.7387  3.7765  0.0002 -1.2692 -2.0151 -2.4312
 259  1.729031  3.5824  1.1880  2.7708  3.7584 -0.0240 -1.2918 -2.0746 -2.5083
 260  1.729151  3.5797  1.1455  2.8022  3.7401 -0.0451 -1.3099 -2.1317 -2.5835
 261  1.729262  3.5769  1.1042  2.8327  3.7223 -0.0624 -1.3225 -2.1857 -2.6562
 262  1.729365  3.5743  1.0635  2.8627  3.7050 -0.0759 -1.3290 -2.2372 -2.7272
 263  1.729463  3.5716  1.0239  2.8919  3.6883 -0.0858 -1.3298 -2.2859 -2.7962
 264  1.729552  3.5690  0.9852  2.9202  3.6720 -0.0917 -1.3243 -2.3315 -2.8627
 265  1.729637  3.5665  0.9469  2.9482  3.6568 -0.0929 -1.3135 -2.3741 -2.9273
 266  1.729717  3.5639  0.9095  2.9755  3.6426 -0.0895 -1.2981 -2.4136 -2.9893
 267  1.729792  3.5614  0.8728  3.0021  3.6316 -0.0817 -1.2816 -2.4503 -3.0487
 268  1.729863  3.5589  0.8366  3.0283  3.6210 -0.0696 -1.2602 -2.4843 -3.1062
 269  1.729929  3.5565  0.8015  3.0537  3.6113 -0.0531 -1.2347 -2.5149 -3.1608
 270  1.729998  3.5540  0.7668  3.0787  3.6013 -0.0301 -1.2004 -2.5416 -3.2130
 271  1.730058  3.5516  0.7329  3.1031  3.5915  0.0041 -1.1489 -2.5626 -3.2623
 272  1.730114  3.5493  0.6998  3.1269  3.5744  0.0435 -1.0801 -2.5800 -3.3088
 273  1.730167  3.5470  0.6674  3.1501  3.5579  0.0883 -1.0044 -2.5937 -3.3525
 274  1.730218  3.5447  0.6355  3.1729  3.5404  0.1369 -0.9207 -2.6047 -3.3944
 275  1.730266  3.5425  0.6043  3.1951  3.5225  0.1904 -0.8317 -2.6118 -3.4331
 276  1.730313  3.5403  0.5740  3.2166  3.5041  0.2492 -0.7383 -2.6142 -3.4683
 277  1.730357  3.5381  0.5447  3.2375  3.4867  0.3162 -0.6445 -2.6093 -3.4980
 278  1.730391  3.5361  0.5165  3.2574  3.4696  0.3927 -0.5455 -2.5965 -3.5219
