#NUMBER OF AGES= 1
#----------------------------------------------------       
#MIX-LEN  Y      Z          Zeff        [Fe/H] [a/Fe]
# 1.9380  0.2846 2.4865E-02 2.4865E-02   0.20   0.00 
#----------------------------------------------------       
#**PHOTOMETRIC SYSTEM**: SDSS (AB)                          
#----------------------------------------------------       
#AGE= 2.250 EEPS=274
#EEP   M/Mo    LogTeff  LogG   LogL/Lo sdss_u  sdss_g  sdss_r  sdss_i  sdss_z
   6  0.123502  3.5006  5.2037 -2.7187 17.7198 14.6791 13.1884 11.8787 11.1201
   7  0.150376  3.5010  5.1287 -2.5561 17.2468 14.2565 12.7763 11.4722 10.7152
   8  0.201087  3.5079  5.0554 -2.3291 16.4664 13.5675 12.1195 10.8675 10.1387
   9  0.254736  3.5153  5.0039 -2.1456 15.8218 12.9911 11.5746 10.3716  9.6719
  10  0.292829  3.5201  4.9744 -2.0360 15.4411 12.6455 11.2489 10.0754  9.3942
  11  0.309969  3.5221  4.9566 -1.9855 15.2724 12.4916 11.1039  9.9413  9.2672
  12  0.317968  3.5231  4.9483 -1.9624 15.1955 12.4210 11.0376  9.8798  9.2090
  13  0.322037  3.5233  4.9453 -1.9530 15.1672 12.3945 11.0121  9.8555  9.1856
  14  0.325123  3.5240  4.9453 -1.9460 15.1367 12.3666 10.9867  9.8344  9.1672
  15  0.330037  3.5244  4.9389 -1.9314 15.0913 12.3249 10.9472  9.7966  9.1307
  16  0.334375  3.5248  4.9320 -1.9171 15.0459 12.2835 10.9082  9.7595  9.0949
  17  0.341583  3.5257  4.9232 -1.8958 14.9767 12.2200 10.8489  9.7034  9.0416
  18  0.354184  3.5274  4.9110 -1.8620 14.8631 12.1154 10.7516  9.6129  8.9564
  19  0.370017  3.5296  4.8987 -1.8225 14.7275 11.9888 10.6345  9.5057  8.8571
  20  0.393780  3.5335  4.8790 -1.7621 14.5219 11.7943 10.4544  9.3419  8.7059
  21  0.413134  3.5373  4.8632 -1.7117 14.3504 11.6283 10.3003  9.2036  8.5801
  22  0.483995  3.5511  4.8063 -1.5258 13.7065 11.0060  9.7122  8.6885  8.1169
  23  0.500337  3.5555  4.7918 -1.4796 13.5495 10.8453  9.5593  8.5574  8.0025
  24  0.513597  3.5592  4.7800 -1.4414 13.4204 10.7105  9.4298  8.4492  7.9089
  25  0.524583  3.5625  4.7702 -1.4094 13.3122 10.5953  9.3182  8.3582  7.8308
  26  0.533774  3.5653  4.7621 -1.3824 13.2207 10.4966  9.2217  8.2811  7.7652
  27  0.542615  3.5680  4.7540 -1.3566 13.1340 10.4029  9.1297  8.2078  7.7027
  28  0.553933  3.5716  4.7445 -1.3232 13.0220 10.2795  9.0087  8.1119  7.6221
  29  0.570528  3.5776  4.7317 -1.2738 12.8555 10.0903  8.8215  7.9670  7.5029
  30  0.593208  3.5860  4.7151 -1.2066 12.6230  9.8209  8.5502  7.7648  7.3411
  31  0.619905  3.5966  4.6969 -1.1271 12.3467  9.4926  8.2207  7.5230  7.1500
  32  0.627722  3.5987  4.6873 -1.1020 12.3144  9.4171  8.1398  7.4563  7.0929
  33  0.743462  3.6483  4.6372 -0.7852 10.7721  8.0259  6.9166  6.5170  6.3215
  34  0.764090  3.6573  4.6267 -0.7264 10.5072  7.7829  6.7078  6.3506  6.1812
  35  0.793170  3.6704  4.6138 -0.6436 10.0863  7.4258  6.4138  6.1151  5.9814
  36  0.878375  3.7071  4.5801 -0.4163  8.7365  6.4947  5.7078  5.5055  5.4286
  37  0.891514  3.7121  4.5737 -0.3838  8.5560  6.3755  5.6157  5.4230  5.3527
  38  0.904778  3.7168  4.5668 -0.3513  8.3782  6.2591  5.5248  5.3412  5.2775
  39  0.918575  3.7217  4.5593 -0.3181  8.1981  6.1425  5.4328  5.2581  5.2008
  40  0.931870  3.7261  4.5519 -0.2867  8.0301  6.0330  5.3465  5.1800  5.1285
  41  0.945950  3.7308  4.5436 -0.2533  7.8553  5.9184  5.2557  5.0975  5.0522
  42  0.960029  3.7353  4.5350 -0.2201  7.6863  5.8073  5.1667  5.0162  4.9767
  43  0.973993  3.7396  4.5260 -0.1875  7.5233  5.7005  5.0802  4.9368  4.9028
  44  0.988033  3.7439  4.5166 -0.1551  7.3651  5.5956  4.9949  4.8583  4.8295
  45  1.002142  3.7479  4.5067 -0.1227  7.2125  5.4922  4.9106  4.7806  4.7567
  46  1.014971  3.7515  4.4970 -0.0932  7.0784  5.3997  4.8347  4.7102  4.6908
  47  1.028668  3.7552  4.4864 -0.0620  6.9398  5.3028  4.7545  4.6358  4.6208
  48  1.061929  3.7636  4.4603  0.0113  6.6178  5.0765  4.5667  4.4612  4.4563
  49  1.087358  3.7694  4.4386  0.0663  6.3955  4.9129  4.4290  4.3323  4.3344
  50  1.100052  3.7722  4.4260  0.0955  6.2823  4.8278  4.3562  4.2640  4.2694
  51  1.204764  3.7891  4.3305  0.2961  5.5767  4.2611  3.8585  3.7906  3.8147
  52  1.210995  3.7900  4.3241  0.3086  5.5342  4.2263  3.8279  3.7615  3.7868
  53  1.216805  3.7909  4.3179  0.3203  5.4937  4.1930  3.7992  3.7343  3.7606
  54  1.222894  3.7918  4.3116  0.3321  5.4533  4.1597  3.7702  3.7066  3.7340
  55  1.228684  3.7925  4.3055  0.3434  5.4146  4.1278  3.7422  3.6800  3.7085
  56  1.234320  3.7933  4.2996  0.3543  5.3784  4.0977  3.7157  3.6546  3.6837
  57  1.239836  3.7939  4.2936  0.3647  5.3445  4.0690  3.6899  3.6297  3.6597
  58  1.244779  3.7945  4.2881  0.3742  5.3149  4.0437  3.6665  3.6070  3.6374
  59  1.249347  3.7949  4.2828  0.3831  5.2884  4.0204  3.6445  3.5854  3.6162
  60  1.253903  3.7954  4.2773  0.3918  5.2625  3.9976  3.6227  3.5639  3.5950
  61  1.258615  3.7959  4.2719  0.4010  5.2356  3.9740  3.6001  3.5416  3.5730
  62  1.264393  3.7966  4.2658  0.4117  5.2036  3.9460  3.5732  3.5152  3.5470
  63  1.273555  3.7978  4.2573  0.4283  5.1530  3.9026  3.5317  3.4746  3.5071
  64  1.321448  3.8054  4.2105  0.5228  4.8505  3.6408  3.2992  3.2540  3.2953
  65  1.333205  3.8065  4.2000  0.5413  4.7946  3.5902  3.2533  3.2099  3.2525
  66  1.389314  3.8123  4.1473  0.6362  4.5157  3.3324  3.0206  2.9873  3.0372
  67  1.410586  3.8140  4.1272  0.6698  4.4201  3.2421  2.9376  2.9076  2.9595
  68  1.425096  3.8146  4.1107  0.6931  4.3576  3.1808  2.8797  2.8509  2.9038
  69  1.435525  3.8148  4.0979  0.7097  4.3155  3.1380  2.8381  2.8099  2.8630
  70  1.443890  3.8148  4.0872  0.7227  4.2839  3.1050  2.8056  2.7776  2.8308
  71  1.450629  3.8146  4.0781  0.7331  4.2603  3.0794  2.7796  2.7515  2.8045
  72  1.456399  3.8142  4.0695  0.7419  4.2414  3.0579  2.7573  2.7289  2.7816
  73  1.461737  3.8137  4.0610  0.7501  4.2247  3.0384  2.7365  2.7076  2.7598
  74  1.466987  3.8132  4.0525  0.7582  4.2088  3.0194  2.7161  2.6866  2.7383
  75  1.472431  3.8127  4.0437  0.7664  4.1930  3.0001  2.6952  2.6651  2.7163
  76  1.478415  3.8121  4.0343  0.7752  4.1755  2.9793  2.6727  2.6419  2.6925
  77  1.485036  3.8116  4.0244  0.7850  4.1560  2.9564  2.6482  2.6167  2.6668
  78  1.491813  3.8109  4.0141  0.7948  4.1364  2.9330  2.6232  2.5910  2.6405
  79  1.498482  3.8102  4.0037  0.8045  4.1178  2.9105  2.5986  2.5657  2.6145
  80  1.505344  3.8095  3.9929  0.8143  4.0992  2.8879  2.5737  2.5398  2.5879
  81  1.511352  3.8085  3.9827  0.8220  4.0869  2.8714  2.5539  2.5184  2.5653
  82  1.515950  3.8079  3.9756  0.8284  4.0755  2.8570  2.5376  2.5014  2.5476
  83  1.520583  3.8074  3.9683  0.8347  4.0645  2.8427  2.5213  2.4843  2.5298
  84  1.525210  3.8068  3.9608  0.8410  4.0540  2.8288  2.5052  2.4673  2.5123
  85  1.529775  3.8061  3.9534  0.8472  4.0440  2.8153  2.4895  2.4507  2.4948
  86  1.534276  3.8054  3.9459  0.8531  4.0347  2.8023  2.4741  2.4342  2.4776
  87  1.538651  3.8047  3.9384  0.8589  4.0263  2.7899  2.4592  2.4183  2.4609
  88  1.542474  3.8039  3.9316  0.8635  4.0210  2.7807  2.4473  2.4053  2.4470
  89  1.546870  3.8031  3.9240  0.8691  4.0135  2.7689  2.4329  2.3897  2.4306
  90  1.551300  3.8022  3.9162  0.8748  4.0063  2.7572  2.4185  2.3741  2.4139
  91  1.555736  3.8014  3.9084  0.8804  3.9994  2.7458  2.4043  2.3586  2.3975
  92  1.560188  3.8005  3.9005  0.8859  3.9914  2.7342  2.3904  2.3434  2.3813
  93  1.564616  3.7996  3.8925  0.8914  3.9838  2.7231  2.3770  2.3286  2.3653
  94  1.569037  3.7986  3.8844  0.8967  3.9766  2.7122  2.3637  2.3138  2.3493
  95  1.573443  3.7976  3.8764  0.9021  3.9698  2.7016  2.3504  2.2990  2.3334
  96  1.577838  3.7966  3.8681  0.9074  3.9639  2.6914  2.3375  2.2844  2.3175
  97  1.582287  3.7955  3.8598  0.9128  3.9585  2.6812  2.3242  2.2695  2.3014
  98  1.586807  3.7944  3.8514  0.9183  3.9536  2.6709  2.3106  2.2541  2.2849
  99  1.591390  3.7933  3.8427  0.9239  3.9498  2.6607  2.2964  2.2383  2.2677
 100  1.596029  3.7923  3.8340  0.9296  3.9475  2.6503  2.2811  2.2214  2.2496
 101  1.600663  3.7913  3.8251  0.9357  3.9453  2.6393  2.2653  2.2040  2.2310
 102  1.605150  3.7904  3.8164  0.9419  3.9416  2.6274  2.2491  2.1864  2.2123
 103  1.609318  3.7896  3.8083  0.9481  3.9359  2.6148  2.2330  2.1692  2.1942
 104  1.612757  3.7891  3.8014  0.9539  3.9278  2.6021  2.2181  2.1535  2.1780
 105  1.615391  3.7889  3.7959  0.9591  3.9180  2.5900  2.2049  2.1400  2.1643
 106  1.617464  3.7888  3.7916  0.9638  3.9071  2.5783  2.1931  2.1282  2.1524
 107  1.619106  3.7889  3.7880  0.9681  3.8957  2.5672  2.1825  2.1177  2.1419
 108  1.620445  3.7890  3.7850  0.9721  3.8842  2.5567  2.1727  2.1081  2.1326
 109  1.621558  3.7893  3.7825  0.9757  3.8719  2.5463  2.1635  2.0993  2.1240
 110  1.622503  3.7895  3.7801  0.9793  3.8603  2.5365  2.1548  2.0911  2.1160
 111  1.623299  3.7898  3.7782  0.9827  3.8483  2.5268  2.1466  2.0833  2.1085
 112  1.623567  3.7899  3.7775  0.9839  3.8436  2.5231  2.1435  2.0804  2.1058
 113  1.623833  3.7901  3.7768  0.9854  3.8377  2.5187  2.1400  2.0771  2.1027
 114  1.624100  3.7902  3.7760  0.9868  3.8324  2.5146  2.1366  2.0740  2.0998
 115  1.624366  3.7904  3.7753  0.9882  3.8272  2.5105  2.1333  2.0708  2.0968
 116  1.624631  3.7906  3.7746  0.9898  3.8206  2.5056  2.1293  2.0673  2.0934
 117  1.624895  3.7908  3.7739  0.9915  3.8142  2.5007  2.1254  2.0637  2.0901
 118  1.625159  3.7910  3.7731  0.9930  3.8077  2.4959  2.1215  2.0601  2.0867
 119  1.625422  3.7912  3.7724  0.9949  3.8005  2.4905  2.1172  2.0562  2.0831
 120  1.625683  3.7915  3.7716  0.9968  3.7921  2.4843  2.1124  2.0517  2.0790
 121  1.625943  3.7918  3.7707  0.9988  3.7841  2.4783  2.1077  2.0475  2.0750
 122  1.626201  3.7921  3.7699  1.0010  3.7746  2.4714  2.1023  2.0425  2.0705
 123  1.626457  3.7924  3.7691  1.0035  3.7646  2.4639  2.0965  2.0373  2.0657
 124  1.626710  3.7929  3.7682  1.0059  3.7545  2.4562  2.0904  2.0319  2.0607
 125  1.626962  3.7933  3.7673  1.0088  3.7436  2.4475  2.0833  2.0257  2.0550
 126  1.627209  3.7939  3.7664  1.0117  3.7323  2.4385  2.0761  2.0192  2.0490
 127  1.627452  3.7944  3.7654  1.0150  3.7195  2.4281  2.0676  2.0117  2.0422
 128  1.627689  3.7950  3.7643  1.0185  3.7060  2.4171  2.0587  2.0038  2.0351
 129  1.627920  3.7957  3.7633  1.0223  3.6915  2.4052  2.0490  1.9953  2.0273
 130  1.628144  3.7964  3.7622  1.0265  3.6758  2.3922  2.0385  1.9860  2.0190
 131  1.628358  3.7973  3.7611  1.0310  3.6587  2.3781  2.0270  1.9759  2.0099
 132  1.628558  3.7982  3.7600  1.0360  3.6402  2.3627  2.0145  1.9649  2.0000
 133  1.628740  3.7992  3.7585  1.0414  3.6198  2.3458  2.0007  1.9528  1.9890
 134  1.628907  3.8003  3.7571  1.0473  3.5977  2.3277  1.9861  1.9400  1.9776
 135  1.629055  3.8014  3.7556  1.0534  3.5730  2.3086  1.9710  1.9266  1.9655
 136  1.629181  3.8026  3.7539  1.0600  3.5468  2.2885  1.9552  1.9126  1.9528
 137  1.629292  3.8038  3.7522  1.0666  3.5197  2.2680  1.9391  1.8983  1.9398
 138  1.629391  3.8052  3.7505  1.0734  3.4919  2.2469  1.9225  1.8837  1.9266
 139  1.629478  3.8064  3.7487  1.0804  3.4641  2.2255  1.9058  1.8689  1.9132
 140  1.629553  3.8077  3.7468  1.0874  3.4364  2.2039  1.8888  1.8539  1.8996
 141  1.629617  3.8090  3.7447  1.0946  3.4095  2.1819  1.8716  1.8387  1.8858
 142  1.629673  3.8102  3.7426  1.1019  3.3827  2.1593  1.8539  1.8231  1.8717
 143  1.629724  3.8116  3.7404  1.1093  3.3560  2.1366  1.8361  1.8075  1.8576
 144  1.629773  3.8129  3.7383  1.1167  3.3295  2.1138  1.8183  1.7919  1.8434
 145  1.629826  3.8142  3.7364  1.1238  3.3039  2.0917  1.8012  1.7771  1.8301
 146  1.629884  3.8147  3.7373  1.1251  3.2963  2.0865  1.7981  1.7749  1.8286
 147  1.629941  3.8149  3.7395  1.1237  3.2977  2.0894  1.8019  1.7790  1.8329
 148  1.629970  3.8142  3.7438  1.1165  3.3197  2.1098  1.8195  1.7954  1.8485
 149  1.629990  3.8134  3.7478  1.1090  3.3438  2.1313  1.8376  1.8121  1.8642
 150  1.630010  3.8123  3.7512  1.1016  3.3686  2.1534  1.8558  1.8284  1.8795
 151  1.630032  3.8110  3.7534  1.0943  3.3947  2.1758  1.8732  1.8438  1.8933
 152  1.630072  3.8087  3.7498  1.0885  3.4242  2.1978  1.8865  1.8532  1.9000
 153  1.630112  3.8067  3.7430  1.0872  3.4413  2.2076  1.8886  1.8520  1.8964
 154  1.630187  3.8034  3.7267  1.0905  3.4622  2.2099  1.8790  1.8374  1.8782
 155  1.630266  3.8009  3.7102  1.0971  3.4679  2.2008  1.8612  1.8162  1.8542
 156  1.630383  3.7982  3.6934  1.1030  3.4769  2.1942  1.8455  1.7964  1.8314
 157  1.630563  3.7951  3.6770  1.1072  3.4909  2.1933  1.8351  1.7813  1.8127
 158  1.630793  3.7923  3.6638  1.1091  3.5111  2.1980  1.8304  1.7720  1.8001
 159  1.631042  3.7901  3.6545  1.1095  3.5348  2.2055  1.8288  1.7667  1.7923
 160  1.631296  3.7882  3.6476  1.1092  3.5572  2.2132  1.8287  1.7639  1.7874
 161  1.631551  3.7867  3.6421  1.1085  3.5774  2.2209  1.8297  1.7625  1.7842
 162  1.632185  3.7837  3.6323  1.1065  3.6141  2.2377  1.8347  1.7628  1.7808
 163  1.632808  3.7806  3.6233  1.1035  3.6513  2.2571  1.8429  1.7660  1.7803
 164  1.633418  3.7776  3.6154  1.0995  3.6946  2.2799  1.8530  1.7711  1.7817
 165  1.634010  3.7745  3.6081  1.0943  3.7475  2.3072  1.8655  1.7785  1.7853
 166  1.634577  3.7712  3.6018  1.0876  3.8066  2.3387  1.8820  1.7897  1.7926
 167  1.635110  3.7677  3.5965  1.0795  3.8708  2.3746  1.9032  1.8053  1.8040
 168  1.635601  3.7644  3.5925  1.0698  3.9406  2.4151  1.9286  1.8250  1.8196
 169  1.636049  3.7609  3.5899  1.0586  4.0152  2.4593  1.9577  1.8484  1.8388
 170  1.636455  3.7575  3.5886  1.0465  4.0936  2.5062  1.9897  1.8748  1.8610
 171  1.636824  3.7541  3.5883  1.0335  4.1748  2.5556  2.0242  1.9037  1.8858
 172  1.637161  3.7508  3.5889  1.0200  4.2577  2.6066  2.0605  1.9346  1.9125
 173  1.637474  3.7476  3.5900  1.0059  4.3424  2.6588  2.0981  1.9668  1.9406
 174  1.637770  3.7444  3.5915  0.9916  4.4291  2.7120  2.1367  2.0002  1.9699
 175  1.638055  3.7412  3.5932  0.9771  4.5178  2.7660  2.1761  2.0342  1.9997
 176  1.638336  3.7379  3.5947  0.9626  4.6087  2.8211  2.2160  2.0685  2.0298
 177  1.638621  3.7345  3.5956  0.9481  4.7029  2.8771  2.2562  2.1029  2.0598
 178  1.638921  3.7309  3.5953  0.9339  4.8018  2.9344  2.2964  2.1369  2.0889
 179  1.639255  3.7268  3.5927  0.9204  4.9079  2.9929  2.3361  2.1696  2.1162
 180  1.639662  3.7220  3.5854  0.9087  5.0255  3.0523  2.3732  2.1984  2.1384
 181  1.640213  3.7161  3.5669  0.9037  5.1499  3.1031  2.3965  2.2112  2.1430
 182  1.640681  3.7117  3.5430  0.9103  5.2190  3.1164  2.3892  2.1960  2.1214
 183  1.641111  3.7083  3.5153  0.9242  5.2528  3.1055  2.3623  2.1626  2.0829
 184  1.641501  3.7055  3.4864  0.9422  5.2623  3.0793  2.3238  2.1189  2.0351
 185  1.641866  3.7032  3.4574  0.9624  5.2569  3.0448  2.2791  2.0699  1.9827
 186  1.642213  3.7013  3.4285  0.9836  5.2422  3.0054  2.2311  2.0181  1.9279
 187  1.642548  3.6997  3.3998  1.0056  5.2212  2.9627  2.1807  1.9645  1.8716
 188  1.642878  3.6980  3.3713  1.0278  5.1980  2.9190  2.1295  1.9102  1.8147
 189  1.643201  3.6966  3.3430  1.0504  5.1703  2.8731  2.0771  1.8549  1.7571
 190  1.643521  3.6953  3.3150  1.0731  5.1405  2.8263  2.0242  1.7993  1.6993
 191  1.643841  3.6939  3.2870  1.0959  5.1115  2.7798  1.9714  1.7436  1.6415
 192  1.644159  3.6926  3.2592  1.1187  5.0799  2.7326  1.9182  1.6878  1.5836
 193  1.644477  3.6914  3.2316  1.1415  5.0479  2.6852  1.8650  1.6320  1.5257
 194  1.644796  3.6902  3.2040  1.1642  5.0158  2.6379  1.8118  1.5763  1.4680
 195  1.645113  3.6890  3.1767  1.1870  4.9831  2.5903  1.7587  1.5207  1.4104
 196  1.645432  3.6879  3.1493  1.2097  4.9509  2.5431  1.7059  1.4653  1.3530
 197  1.645752  3.6866  3.1220  1.2323  4.9193  2.4961  1.6532  1.4101  1.2957
 198  1.646072  3.6854  3.0947  1.2548  4.8884  2.4495  1.6009  1.3551  1.2387
 199  1.646393  3.6842  3.0676  1.2773  4.8584  2.4030  1.5486  1.3003  1.1819
 200  1.646714  3.6831  3.0405  1.2997  4.8287  2.3566  1.4966  1.2456  1.1252
 201  1.647036  3.6819  3.0135  1.3221  4.7996  2.3105  1.4447  1.1911  1.0688
 202  1.647358  3.6808  2.9866  1.3445  4.7711  2.2647  1.3930  1.1368  1.0126
 203  1.647682  3.6795  2.9595  1.3667  4.7448  2.2198  1.3420  1.0829  0.9565
 204  1.648006  3.6783  2.9326  1.3888  4.7182  2.1749  1.2910  1.0291  0.9006
 205  1.648330  3.6770  2.9055  1.4109  4.6926  2.1304  1.2401  0.9754  0.8449
 206  1.648654  3.6759  2.8786  1.4331  4.6668  2.0859  1.1895  0.9219  0.7893
 207  1.648978  3.6745  2.8515  1.4552  4.6422  2.0419  1.1390  0.8684  0.7337
 208  1.649302  3.6733  2.8245  1.4773  4.6176  1.9980  1.0886  0.8151  0.6782
 209  1.649625  3.6720  2.7975  1.4993  4.5933  1.9541  1.0384  0.7617  0.6226
 210  1.649947  3.6708  2.7702  1.5215  4.5697  1.9105  0.9881  0.7084  0.5671
 211  1.650269  3.6694  2.7430  1.5436  4.5466  1.8671  0.9380  0.6552  0.5115
 212  1.650589  3.6681  2.7158  1.5657  4.5243  1.8240  0.8880  0.6020  0.4561
 213  1.650910  3.6668  2.6886  1.5879  4.5013  1.7806  0.8379  0.5487  0.4005
 214  1.651229  3.6655  2.6610  1.6101  4.4806  1.7380  0.7882  0.4955  0.3449
 215  1.651548  3.6642  2.6336  1.6323  4.4592  1.6953  0.7384  0.4423  0.2892
 216  1.651866  3.6628  2.6061  1.6546  4.4384  1.6527  0.6887  0.3891  0.2337
 217  1.651922  3.6626  2.6011  1.6586  4.4347  1.6451  0.6798  0.3797  0.2238
 218  1.651979  3.6623  2.5962  1.6625  4.4312  1.6376  0.6710  0.3702  0.2140
 219  1.652035  3.6622  2.5914  1.6664  4.4273  1.6300  0.6622  0.3608  0.2041
 220  1.652091  3.6619  2.5865  1.6704  4.4237  1.6224  0.6534  0.3513  0.1941
 221  1.652147  3.6617  2.5816  1.6744  4.4201  1.6149  0.6446  0.3419  0.1843
 222  1.652204  3.6614  2.5767  1.6783  4.4165  1.6073  0.6358  0.3325  0.1745
 223  1.652260  3.6612  2.5719  1.6822  4.4129  1.5999  0.6271  0.3231  0.1646
 224  1.652317  3.6609  2.5670  1.6861  4.4093  1.5924  0.6183  0.3138  0.1548
 225  1.652373  3.6607  2.5621  1.6901  4.4058  1.5849  0.6096  0.3044  0.1450
 226  1.652430  3.6604  2.5572  1.6940  4.4022  1.5775  0.6008  0.2950  0.1352
 227  1.652987  3.6580  2.5089  1.7331  4.3675  1.5036  0.5143  0.2021  0.0379
 228  1.653504  3.6559  2.4651  1.7680  4.3399  1.4390  0.4377  0.1192 -0.0494
 229  1.654013  3.6537  2.4233  1.8014  4.3148  1.3781  0.3650  0.0405 -0.1322
 230  1.654518  3.6518  2.3865  1.8305  4.2945  1.3259  0.3022 -0.0280 -0.2044
 231  1.655008  3.6505  2.3625  1.8494  4.2830  1.2927  0.2617 -0.0723 -0.2514
 232  1.655505  3.6509  2.3702  1.8438  4.2845  1.3012  0.2727 -0.0596 -0.2375
 233  1.656052  3.6559  2.4647  1.7694  4.3362  1.4340  0.4323  0.1151 -0.0527
 234  1.656815  3.6605  2.5463  1.7063  4.3725  1.5445  0.5677  0.2634  0.1043
 235  1.657799  3.6610  2.5520  1.7026  4.3699  1.5494  0.5752  0.2718  0.1135
 236  1.658867  3.6541  2.4184  1.8092  4.2852  1.3542  0.3438  0.0203 -0.1519
 237  1.659729  3.6494  2.3301  1.8789  4.2393  1.2304  0.1941 -0.1434 -0.3249
 238  1.660467  3.6455  2.2562  1.9372  4.2041  1.1286  0.0704 -0.2793 -0.4689
 239  1.661116  3.6415  2.1843  1.9935  4.1721  1.0324 -0.0472 -0.4099 -0.6082
 240  1.661689  3.6378  2.1157  2.0471  4.1434  0.9425 -0.1571 -0.5333 -0.7404
 241  1.662201  3.6341  2.0497  2.0987  4.1174  0.8581 -0.2610 -0.6512 -0.8672
 242  1.662657  3.6305  1.9860  2.1481  4.0942  0.7788 -0.3586 -0.7634 -0.9888
 243  1.663063  3.6269  1.9247  2.1953  4.0737  0.7051 -0.4495 -0.8698 -1.1049
 244  1.663431  3.6235  1.8645  2.2416  4.0544  0.6346 -0.5362 -0.9729 -1.2184
 245  1.663765  3.6199  1.8050  2.2871  4.0357  0.5671 -0.6188 -1.0733 -1.3299
 246  1.664066  3.6165  1.7469  2.3315  4.0174  0.5036 -0.6967 -1.1703 -1.4385
 247  1.664338  3.6130  1.6906  2.3744  3.9993  0.4441 -0.7694 -1.2630 -1.5435
 248  1.664586  3.6097  1.6353  2.4163  3.9814  0.3882 -0.8372 -1.3526 -1.6460
 249  1.664810  3.6065  1.5817  2.4568  3.9644  0.3359 -0.8999 -1.4383 -1.7451
 250  1.665016  3.6032  1.5293  2.4965  3.9469  0.2866 -0.9581 -1.5211 -1.8420
 251  1.665205  3.6001  1.4781  2.5351  3.9294  0.2411 -1.0111 -1.6006 -1.9360
 252  1.665379  3.5969  1.4274  2.5730  3.9117  0.1993 -1.0596 -1.6773 -2.0282
 253  1.665536  3.5938  1.3784  2.6097  3.8936  0.1614 -1.1029 -1.7504 -2.1172
 254  1.665682  3.5907  1.3304  2.6454  3.8759  0.1275 -1.1403 -1.8201 -2.2037
 255  1.665816  3.5878  1.2837  2.6802  3.8576  0.0964 -1.1731 -1.8871 -2.2879
 256  1.665942  3.5848  1.2376  2.7145  3.8393  0.0683 -1.2002 -1.9517 -2.3706
 257  1.666056  3.5819  1.1930  2.7476  3.8201  0.0432 -1.2231 -2.0132 -2.4502
 258  1.666163  3.5790  1.1492  2.7800  3.8010  0.0218 -1.2410 -2.0719 -2.5278
 259  1.666262  3.5763  1.1064  2.8117  3.7823  0.0045 -1.2526 -2.1276 -2.6032
 260  1.666355  3.5735  1.0645  2.8426  3.7641 -0.0089 -1.2574 -2.1805 -2.6765
 261  1.666441  3.5708  1.0236  2.8728  3.7462 -0.0184 -1.2557 -2.2304 -2.7478
 262  1.666522  3.5681  0.9833  2.9023  3.7294 -0.0232 -1.2483 -2.2771 -2.8168
 263  1.666597  3.5654  0.9437  2.9312  3.7139 -0.0229 -1.2356 -2.3204 -2.8830
 264  1.666668  3.5628  0.9050  2.9593  3.7014 -0.0179 -1.2214 -2.3608 -2.9465
 265  1.666734  3.5602  0.8670  2.9870  3.6905 -0.0087 -1.2047 -2.3982 -3.0076
 266  1.666797  3.5576  0.8296  3.0140  3.6802  0.0062 -1.1813 -2.4321 -3.0665
 267  1.666855  3.5551  0.7931  3.0404  3.6698  0.0274 -1.1490 -2.4618 -3.1221
 268  1.666910  3.5526  0.7575  3.0660  3.6596  0.0603 -1.0995 -2.4857 -3.1748
 269  1.666962  3.5501  0.7224  3.0912  3.6415  0.1000 -1.0290 -2.5053 -3.2247
 270  1.667011  3.5477  0.6882  3.1157  3.6228  0.1446 -0.9492 -2.5217 -3.2721
 271  1.667058  3.5452  0.6544  3.1399  3.6042  0.1950 -0.8614 -2.5343 -3.3170
 272  1.667101  3.5429  0.6214  3.1634  3.5852  0.2510 -0.7679 -2.5424 -3.3583
 273  1.667144  3.5406  0.5892  3.1865  3.5656  0.3116 -0.6713 -2.5461 -3.3964
 274  1.667183  3.5383  0.5577  3.2088  3.5475  0.3862 -0.5711 -2.5388 -3.4270
 275  1.667221  3.5360  0.5268  3.2308  3.5294  0.4706 -0.4652 -2.5243 -3.4528
 276  1.667256  3.5338  0.4965  3.2521  3.5062  0.5644 -0.3444 -2.5034 -3.4746
 277  1.667286  3.5316  0.4669  3.2728  3.4838  0.6659 -0.2188 -2.4762 -3.4917
 278  1.667445  3.5296  0.4392  3.2924  3.4628  0.7598 -0.1067 -2.4508 -3.5074
 279  1.667476  3.5278  0.4153  3.3092  3.4459  0.8410 -0.0137 -2.4280 -3.5197
