#NUMBER OF AGES= 1
#----------------------------------------------------       
#MIX-LEN  Y      Z          Zeff        [Fe/H] [a/Fe]
# 1.9380  0.2846 2.4865E-02 2.4865E-02   0.20   0.00 
#----------------------------------------------------       
#**PHOTOMETRIC SYSTEM**: SDSS (AB)                          
#----------------------------------------------------       
#AGE= 2.500 EEPS=274
#EEP   M/Mo    LogTeff  LogG   LogL/Lo sdss_u  sdss_g  sdss_r  sdss_i  sdss_z
   6  0.114693  3.5006  5.2346 -2.7812 17.8956 14.8368 13.3427 12.0331 11.2753
   7  0.136181  3.5005  5.1645 -2.6369 17.4866 14.4703 12.9844 11.6756 10.9168
   8  0.174963  3.5038  5.0863 -2.4369 16.8510 13.9068 12.4411 11.1589 10.4134
   9  0.229917  3.5119  5.0252 -2.2246 16.0995 13.2407 11.8101 10.5856  9.8729
  10  0.273395  3.5177  4.9884 -2.0894 15.6261 12.8143 11.4078 10.2200  9.5297
  11  0.299714  3.5209  4.9664 -2.0145 15.3693 12.5801 11.1873 10.0184  9.3402
  12  0.311571  3.5223  4.9537 -1.9795 15.2527 12.4736 11.0871  9.9255  9.2521
  13  0.317572  3.5228  4.9483 -1.9638 15.2028 12.4274 11.0431  9.8843  9.2127
  14  0.321492  3.5236  4.9468 -1.9541 15.1652 12.3929 11.0113  9.8566  9.1878
  15  0.326013  3.5240  4.9409 -1.9405 15.1225 12.3538 10.9743  9.8213  9.1537
  16  0.329676  3.5243  4.9347 -1.9280 15.0830 12.3179 10.9405  9.7890  9.1225
  17  0.334934  3.5249  4.9276 -1.9119 15.0311 12.2703 10.8958  9.7466  9.0820
  18  0.343516  3.5260  4.9182 -1.8876 14.9512 12.1969 10.8273  9.6823  9.0210
  19  0.354450  3.5274  4.9096 -1.8600 14.8573 12.1100 10.7465  9.6079  8.9516
  20  0.373355  3.5302  4.8946 -1.8126 14.6942 11.9579 10.6059  9.4792  8.8322
  21  0.396813  3.5342  4.8748 -1.7528 14.4913 11.7648 10.4271  9.3167  8.6826
  22  0.468444  3.5472  4.8188 -1.5681 13.8515 11.1515  9.8493  8.8078  8.2216
  23  0.488599  3.5523  4.8013 -1.5120 13.6603 10.9593  9.6679  8.6496  8.0825
  24  0.504051  3.5565  4.7876 -1.4679 13.5111 10.8056  9.5214  8.5250  7.9739
  25  0.516787  3.5601  4.7762 -1.4312 13.3868 10.6752  9.3957  8.4204  7.8837
  26  0.527278  3.5632  4.7669 -1.4005 13.2830 10.5642  9.2879  8.3332  7.8091
  27  0.536215  3.5661  4.7589 -1.3741 13.1939 10.4677  9.1934  8.2580  7.7451
  28  0.545619  3.5689  4.7505 -1.3467 13.1018 10.3678  9.0954  8.1799  7.6788
  29  0.558196  3.5732  4.7401 -1.3094 12.9765 10.2285  8.9585  8.0721  7.5887
  30  0.576580  3.5798  4.7261 -1.2546 12.7913 10.0166  8.7479  7.9105  7.4566
  31  0.600598  3.5889  4.7087 -1.1833 12.5423  9.7266  8.4548  7.6945  7.2852
  32  0.608636  3.5908  4.6977 -1.1573 12.5051  9.6540  8.3791  7.6276  7.2244
  33  0.634589  3.6018  4.6823 -1.0801 12.2332  9.3241  8.0478  7.3896  7.0412
  34  0.745340  3.6495  4.6342 -0.7763 10.7467  7.9908  6.8818  6.4908  6.3007
  35  0.765947  3.6586  4.6239 -0.7170 10.4747  7.7436  6.6713  6.3230  6.1591
  36  0.799847  3.6742  4.6096 -0.6200  9.9528  7.3208  6.3305  6.0474  5.9227
  37  0.873092  3.7056  4.5800 -0.4251  8.7910  6.5294  5.7336  5.5281  5.4490
  38  0.886293  3.7105  4.5734 -0.3922  8.6078  6.4080  5.6401  5.4444  5.3720
  39  0.898990  3.7152  4.5668 -0.3607  8.4349  6.2944  5.5515  5.3650  5.2990
  40  0.912124  3.7198  4.5596 -0.3287  8.2600  6.1808  5.4623  5.2844  5.2247
  41  0.925311  3.7243  4.5521 -0.2969  8.0892  6.0699  5.3748  5.2052  5.1514
  42  0.938903  3.7289  4.5440 -0.2642  7.9173  5.9574  5.2857  5.1243  5.0767
  43  0.952615  3.7334  4.5355 -0.2315  7.7493  5.8468  5.1974  5.0438  5.0020
  44  0.966287  3.7377  4.5266 -0.1992  7.5864  5.7401  5.1112  4.9646  4.9284
  45  0.979898  3.7419  4.5174 -0.1672  7.4293  5.6364  5.0268  4.8870  4.8559
  46  0.993691  3.7460  4.5076 -0.1350  7.2762  5.5333  4.9429  4.8098  4.7835
  47  1.006775  3.7497  4.4977 -0.1046  7.1362  5.4372  4.8642  4.7370  4.7153
  48  1.019108  3.7531  4.4879 -0.0758  7.0078  5.3478  4.7902  4.6683  4.6508
  49  1.035035  3.7573  4.4752 -0.0397  6.8492  5.2364  4.6977  4.5823  4.5699
  50  1.084569  3.7690  4.4330  0.0693  6.3871  4.9048  4.4202  4.3231  4.3249
  51  1.089951  3.7703  4.4268  0.0828  6.3413  4.8681  4.3883  4.2930  4.2961
  52  1.095419  3.7715  4.4213  0.0954  6.2923  4.8311  4.3567  4.2632  4.2678
  53  1.102123  3.7729  4.4149  0.1102  6.2350  4.7878  4.3196  4.2284  4.2346
  54  1.181719  3.7858  4.3399  0.2654  5.6877  4.3498  3.9343  3.8613  3.8815
  55  1.193869  3.7873  4.3273  0.2884  5.6137  4.2866  3.8770  3.8063  3.8282
  56  1.202402  3.7884  4.3184  0.3047  5.5605  4.2418  3.8369  3.7679  3.7912
  57  1.209278  3.7893  4.3112  0.3179  5.5162  4.2047  3.8043  3.7368  3.7613
  58  1.215165  3.7901  4.3047  0.3296  5.4769  4.1719  3.7755  3.7094  3.7347
  59  1.220705  3.7908  4.2984  0.3407  5.4397  4.1410  3.7482  3.6832  3.7095
  60  1.225978  3.7914  4.2924  0.3512  5.4051  4.1119  3.7224  3.6584  3.6855
  61  1.230957  3.7920  4.2865  0.3611  5.3734  4.0850  3.6982  3.6351  3.6627
  62  1.235655  3.7925  4.2809  0.3704  5.3439  4.0597  3.6752  3.6128  3.6410
  63  1.240694  3.7930  4.2749  0.3800  5.3153  4.0346  3.6514  3.5895  3.6180
  64  1.245492  3.7933  4.2689  0.3891  5.2888  4.0109  3.6288  3.5671  3.5959
  65  1.250050  3.7937  4.2632  0.3978  5.2640  3.9884  3.6070  3.5456  3.5747
  66  1.254692  3.7941  4.2575  0.4066  5.2389  3.9657  3.5850  3.5238  3.5530
  67  1.259891  3.7945  4.2514  0.4164  5.2112  3.9408  3.5606  3.4996  3.5291
  68  1.266783  3.7952  4.2442  0.4290  5.1743  3.9083  3.5288  3.4684  3.4983
  69  1.314948  3.8024  4.1944  0.5250  4.8725  3.6446  3.2923  3.2427  3.2807
  70  1.322717  3.8028  4.1857  0.5377  4.8374  3.6110  3.2606  3.2118  3.2503
  71  1.336273  3.8037  4.1716  0.5598  4.7743  3.5520  3.2059  3.1587  3.1984
  72  1.379628  3.8070  4.1251  0.6337  4.5645  3.3543  3.0235  2.9825  3.0263
  73  1.402171  3.8085  4.1028  0.6693  4.4639  3.2592  2.9356  2.8974  2.9432
  74  1.418007  3.8089  4.0838  0.6948  4.3966  3.1928  2.8718  2.8349  2.8814
  75  1.429596  3.8087  4.0682  0.7134  4.3517  3.1460  2.8253  2.7885  2.8350
  76  1.438608  3.8083  4.0551  0.7275  4.3200  3.1112  2.7897  2.7526  2.7987
  77  1.446038  3.8078  4.0440  0.7388  4.2967  3.0842  2.7611  2.7234  2.7690
  78  1.452153  3.8071  4.0339  0.7481  4.2796  3.0628  2.7376  2.6991  2.7442
  79  1.457624  3.8064  4.0243  0.7563  4.2660  3.0443  2.7167  2.6773  2.7214
  80  1.462875  3.8055  4.0148  0.7641  4.2538  3.0271  2.6968  2.6563  2.6995
  81  1.468229  3.8046  4.0049  0.7718  4.2423  3.0100  2.6769  2.6351  2.6775
  82  1.471542  3.8041  3.9989  0.7766  4.2354  2.9997  2.6648  2.6222  2.6640
  83  1.475044  3.8035  3.9926  0.7816  4.2280  2.9889  2.6521  2.6089  2.6500
  84  1.478765  3.8029  3.9861  0.7868  4.2203  2.9777  2.6390  2.5948  2.6353
  85  1.482720  3.8022  3.9791  0.7923  4.2123  2.9659  2.6251  2.5800  2.6197
  86  1.486754  3.8015  3.9719  0.7978  4.2037  2.9540  2.6114  2.5652  2.6041
  87  1.490848  3.8007  3.9646  0.8033  4.1947  2.9420  2.5976  2.5505  2.5885
  88  1.495025  3.7999  3.9572  0.8089  4.1854  2.9299  2.5838  2.5355  2.5726
  89  1.499287  3.7992  3.9496  0.8146  4.1764  2.9178  2.5699  2.5204  2.5567
  90  1.502670  3.7983  3.9431  0.8183  4.1724  2.9109  2.5607  2.5098  2.5450
  91  1.507239  3.7974  3.9351  0.8242  4.1631  2.8983  2.5461  2.4939  2.5280
  92  1.511904  3.7966  3.9270  0.8302  4.1543  2.8858  2.5313  2.4778  2.5109
  93  1.516620  3.7957  3.9188  0.8362  4.1461  2.8735  2.5165  2.4616  2.4937
  94  1.521304  3.7947  3.9105  0.8421  4.1388  2.8617  2.5019  2.4455  2.4765
  95  1.525925  3.7937  3.9023  0.8478  4.1334  2.8506  2.4873  2.4295  2.4593
  96  1.530464  3.7928  3.8941  0.8534  4.1307  2.8404  2.4726  2.4132  2.4420
  97  1.534943  3.7918  3.8858  0.8590  4.1287  2.8305  2.4579  2.3970  2.4246
  98  1.539361  3.7908  3.8775  0.8643  4.1278  2.8209  2.4433  2.3808  2.4072
  99  1.543557  3.7897  3.8694  0.8696  4.1284  2.8122  2.4294  2.3653  2.3906
 100  1.547423  3.7888  3.8619  0.8743  4.1296  2.8043  2.4166  2.3512  2.3754
 101  1.551463  3.7879  3.8538  0.8798  4.1279  2.7943  2.4021  2.3354  2.3584
 102  1.555201  3.7871  3.8462  0.8854  4.1237  2.7833  2.3877  2.3198  2.3420
 103  1.558390  3.7865  3.8395  0.8907  4.1171  2.7720  2.3740  2.3053  2.3268
 104  1.561012  3.7862  3.8338  0.8957  4.1087  2.7607  2.3614  2.2922  2.3132
 105  1.562981  3.7860  3.8293  0.9001  4.0989  2.7498  2.3502  2.2808  2.3018
 106  1.564536  3.7861  3.8258  0.9043  4.0879  2.7391  2.3400  2.2706  2.2917
 107  1.565744  3.7861  3.8227  0.9080  4.0779  2.7295  2.3307  2.2615  2.2827
 108  1.566748  3.7863  3.8203  0.9116  4.0666  2.7197  2.3220  2.2531  2.2744
 109  1.567586  3.7866  3.8180  0.9149  4.0553  2.7101  2.3137  2.2453  2.2669
 110  1.568308  3.7868  3.8161  0.9182  4.0442  2.7009  2.3058  2.2376  2.2596
 111  1.568936  3.7871  3.8143  0.9213  4.0326  2.6918  2.2980  2.2305  2.2528
 112  1.569183  3.7873  3.8135  0.9226  4.0276  2.6879  2.2948  2.2274  2.2499
 113  1.569429  3.7874  3.8128  0.9242  4.0217  2.6833  2.2912  2.2241  2.2467
 114  1.569676  3.7876  3.8120  0.9256  4.0162  2.6791  2.2877  2.2208  2.2437
 115  1.569922  3.7878  3.8113  0.9271  4.0105  2.6748  2.2842  2.2176  2.2406
 116  1.570168  3.7880  3.8105  0.9287  4.0035  2.6696  2.2801  2.2138  2.2371
 117  1.570414  3.7882  3.8098  0.9304  3.9967  2.6646  2.2761  2.2102  2.2337
 118  1.570659  3.7884  3.8090  0.9321  3.9897  2.6593  2.2720  2.2063  2.2301
 119  1.570902  3.7887  3.8081  0.9342  3.9808  2.6529  2.2669  2.2017  2.2259
 120  1.571145  3.7889  3.8072  0.9362  3.9722  2.6466  2.2621  2.1973  2.2217
 121  1.571388  3.7893  3.8063  0.9384  3.9630  2.6399  2.2568  2.1925  2.2173
 122  1.571629  3.7897  3.8054  0.9409  3.9523  2.6323  2.2510  2.1873  2.2125
 123  1.571869  3.7900  3.8044  0.9433  3.9416  2.6246  2.2451  2.1820  2.2075
 124  1.572106  3.7904  3.8034  0.9462  3.9291  2.6157  2.2384  2.1759  2.2019
 125  1.572339  3.7909  3.8023  0.9492  3.9156  2.6061  2.2311  2.1694  2.1960
 126  1.572569  3.7915  3.8013  0.9525  3.9008  2.5957  2.2233  2.1623  2.1895
 127  1.572794  3.7921  3.8001  0.9561  3.8847  2.5843  2.2146  2.1547  2.1826
 128  1.573011  3.7927  3.7989  0.9601  3.8676  2.5716  2.2051  2.1462  2.1748
 129  1.573217  3.7935  3.7974  0.9644  3.8498  2.5581  2.1945  2.1367  2.1662
 130  1.573413  3.7942  3.7959  0.9692  3.8314  2.5433  2.1825  2.1261  2.1565
 131  1.573597  3.7952  3.7944  0.9743  3.8120  2.5275  2.1696  2.1147  2.1461
 132  1.573766  3.7961  3.7927  0.9798  3.7913  2.5105  2.1556  2.1023  2.1349
 133  1.573921  3.7971  3.7910  0.9855  3.7701  2.4927  2.1409  2.0893  2.1231
 134  1.574056  3.7981  3.7892  0.9917  3.7478  2.4739  2.1253  2.0754  2.1105
 135  1.574173  3.7992  3.7871  0.9981  3.7248  2.4544  2.1091  2.0611  2.0974
 136  1.574275  3.8003  3.7850  1.0048  3.7009  2.4343  2.0924  2.0462  2.0838
 137  1.574366  3.8014  3.7828  1.0115  3.6752  2.4137  2.0757  2.0312  2.0702
 138  1.574442  3.8026  3.7805  1.0184  3.6491  2.3931  2.0591  2.0164  2.0565
 139  1.574509  3.8037  3.7781  1.0253  3.6228  2.3724  2.0424  2.0013  2.0427
 140  1.574567  3.8048  3.7756  1.0322  3.5964  2.3516  2.0256  1.9862  2.0288
 141  1.574618  3.8059  3.7730  1.0391  3.5702  2.3307  2.0087  1.9710  2.0148
 142  1.574662  3.8070  3.7704  1.0462  3.5440  2.3096  1.9917  1.9556  2.0006
 143  1.574706  3.8081  3.7679  1.0532  3.5186  2.2889  1.9750  1.9406  1.9868
 144  1.574752  3.8091  3.7657  1.0596  3.4955  2.2696  1.9594  1.9268  1.9741
 145  1.574802  3.8095  3.7663  1.0604  3.4898  2.2662  1.9575  1.9254  1.9732
 146  1.574859  3.8096  3.7685  1.0586  3.4927  2.2702  1.9619  1.9299  1.9778
 147  1.574876  3.8089  3.7734  1.0505  3.5189  2.2934  1.9819  1.9487  1.9957
 148  1.574889  3.8080  3.7774  1.0433  3.5424  2.3142  1.9996  1.9650  2.0111
 149  1.574906  3.8069  3.7804  1.0361  3.5675  2.3355  2.0170  1.9807  2.0256
 150  1.574925  3.8057  3.7815  1.0297  3.5928  2.3557  2.0321  1.9937  2.0371
 151  1.574966  3.8033  3.7756  1.0262  3.6198  2.3722  2.0398  1.9977  2.0384
 152  1.575010  3.8011  3.7673  1.0260  3.6397  2.3794  2.0393  1.9941  2.0324
 153  1.575084  3.7984  3.7505  1.0318  3.6509  2.3732  2.0239  1.9747  2.0101
 154  1.575172  3.7961  3.7351  1.0378  3.6541  2.3650  2.0086  1.9559  1.9885
 155  1.575314  3.7934  3.7195  1.0428  3.6636  2.3610  1.9965  1.9396  1.9691
 156  1.575517  3.7907  3.7060  1.0456  3.6812  2.3628  1.9894  1.9283  1.9547
 157  1.575755  3.7886  3.6964  1.0466  3.7052  2.3689  1.9858  1.9213  1.9451
 158  1.576000  3.7869  3.6896  1.0467  3.7262  2.3755  1.9847  1.9176  1.9395
 159  1.576247  3.7854  3.6843  1.0464  3.7431  2.3819  1.9851  1.9158  1.9359
 160  1.576495  3.7842  3.6799  1.0459  3.7568  2.3879  1.9864  1.9150  1.9337
 161  1.576744  3.7831  3.6761  1.0453  3.7691  2.3938  1.9881  1.9149  1.9323
 162  1.577435  3.7803  3.6671  1.0435  3.8001  2.4090  1.9934  1.9157  1.9296
 163  1.578112  3.7774  3.6586  1.0406  3.8399  2.4285  2.0007  1.9183  1.9288
 164  1.578776  3.7744  3.6508  1.0365  3.8895  2.4522  2.0100  1.9228  1.9296
 165  1.579418  3.7713  3.6439  1.0311  3.9451  2.4803  2.0232  1.9309  1.9339
 166  1.580026  3.7680  3.6378  1.0241  4.0055  2.5129  2.0414  1.9437  1.9427
 167  1.580591  3.7645  3.6329  1.0155  4.0720  2.5503  2.0641  1.9609  1.9558
 168  1.581107  3.7611  3.6295  1.0053  4.1446  2.5921  2.0909  1.9819  1.9727
 169  1.581572  3.7577  3.6272  0.9938  4.2221  2.6374  2.1211  2.0065  1.9929
 170  1.581993  3.7543  3.6260  0.9815  4.3028  2.6853  2.1540  2.0338  2.0161
 171  1.582375  3.7509  3.6259  0.9685  4.3855  2.7352  2.1889  2.0631  2.0412
 172  1.582728  3.7476  3.6263  0.9549  4.4703  2.7865  2.2254  2.0942  2.0681
 173  1.583058  3.7444  3.6272  0.9410  4.5570  2.8387  2.2629  2.1263  2.0961
 174  1.583375  3.7410  3.6282  0.9270  4.6457  2.8920  2.3012  2.1592  2.1248
 175  1.583686  3.7378  3.6290  0.9129  4.7366  2.9464  2.3402  2.1925  2.1537
 176  1.583999  3.7343  3.6294  0.8988  4.8310  3.0017  2.3794  2.2259  2.1825
 177  1.584328  3.7306  3.6285  0.8850  4.9299  3.0584  2.4188  2.2590  2.2107
 178  1.584690  3.7265  3.6255  0.8718  5.0360  3.1163  2.4577  2.2909  2.2371
 179  1.585130  3.7217  3.6180  0.8603  5.1534  3.1752  2.4943  2.3191  2.2588
 180  1.585720  3.7158  3.5998  0.8550  5.2796  3.2274  2.5187  2.3330  2.2644
 181  1.586315  3.7106  3.5716  0.8624  5.3630  3.2444  2.5111  2.3158  2.2396
 182  1.586778  3.7072  3.5437  0.8768  5.3950  3.2320  2.4831  2.2813  2.2002
 183  1.587200  3.7045  3.5149  0.8950  5.4022  3.2049  2.4440  2.2373  2.1521
 184  1.587596  3.7024  3.4862  0.9152  5.3951  3.1699  2.3993  2.1883  2.0997
 185  1.587974  3.7005  3.4574  0.9364  5.3804  3.1308  2.3514  2.1367  2.0452
 186  1.588339  3.6989  3.4292  0.9583  5.3577  3.0877  2.3011  2.0832  1.9891
 187  1.588699  3.6973  3.4010  0.9806  5.3323  3.0431  2.2496  2.0288  1.9323
 188  1.589053  3.6959  3.3730  1.0031  5.3041  2.9972  2.1973  1.9737  1.8749
 189  1.589404  3.6946  3.3451  1.0258  5.2743  2.9505  2.1444  1.9181  1.8172
 190  1.589755  3.6933  3.3175  1.0485  5.2430  2.9033  2.0914  1.8624  1.7595
 191  1.590105  3.6921  3.2899  1.0713  5.2113  2.8562  2.0383  1.8068  1.7018
 192  1.590455  3.6910  3.2625  1.0940  5.1779  2.8083  1.9851  1.7511  1.6441
 193  1.590805  3.6898  3.2353  1.1167  5.1449  2.7608  1.9320  1.6955  1.5866
 194  1.591157  3.6886  3.2081  1.1394  5.1118  2.7133  1.8791  1.6401  1.5293
 195  1.591509  3.6875  3.1810  1.1620  5.0787  2.6658  1.8261  1.5848  1.4720
 196  1.591861  3.6863  3.1540  1.1845  5.0461  2.6186  1.7736  1.5297  1.4150
 197  1.592216  3.6852  3.1271  1.2070  5.0138  2.5715  1.7211  1.4748  1.3582
 198  1.592571  3.6841  3.1002  1.2294  4.9831  2.5250  1.6690  1.4202  1.3017
 199  1.592927  3.6830  3.0735  1.2518  4.9522  2.4784  1.6170  1.3657  1.2453
 200  1.593285  3.6818  3.0467  1.2740  4.9230  2.4325  1.5653  1.3115  1.1891
 201  1.593643  3.6806  3.0201  1.2963  4.8935  2.3864  1.5138  1.2573  1.1331
 202  1.594003  3.6796  2.9936  1.3184  4.8644  2.3407  1.4625  1.2035  1.0773
 203  1.594364  3.6784  2.9668  1.3404  4.8376  2.2959  1.4117  1.1499  1.0218
 204  1.594726  3.6772  2.9403  1.3624  4.8099  2.2509  1.3610  1.0966  0.9665
 205  1.595089  3.6760  2.9138  1.3843  4.7840  2.2068  1.3108  1.0436  0.9114
 206  1.595453  3.6748  2.8874  1.4062  4.7575  2.1625  1.2606  0.9906  0.8564
 207  1.595818  3.6736  2.8608  1.4280  4.7324  2.1189  1.2107  0.9379  0.8016
 208  1.596184  3.6724  2.8343  1.4497  4.7073  2.0754  1.1611  0.8853  0.7471
 209  1.596550  3.6712  2.8079  1.4713  4.6828  2.0322  1.1117  0.8331  0.6927
 210  1.596917  3.6700  2.7816  1.4930  4.6581  1.9890  1.0623  0.7808  0.6382
 211  1.597284  3.6688  2.7552  1.5146  4.6355  1.9467  1.0135  0.7289  0.5842
 212  1.597652  3.6675  2.7287  1.5362  4.6129  1.9045  0.9647  0.6770  0.5301
 213  1.598020  3.6663  2.7024  1.5576  4.5902  1.8623  0.9160  0.6253  0.4763
 214  1.598389  3.6650  2.6760  1.5792  4.5688  1.8207  0.8677  0.5738  0.4224
 215  1.598759  3.6638  2.6497  1.6005  4.5476  1.7792  0.8197  0.5226  0.3690
 216  1.599130  3.6626  2.6235  1.6218  4.5270  1.7383  0.7721  0.4717  0.3158
 217  1.599193  3.6623  2.6191  1.6254  4.5237  1.7314  0.7641  0.4631  0.3069
 218  1.599257  3.6621  2.6146  1.6290  4.5202  1.7245  0.7560  0.4545  0.2979
 219  1.599320  3.6619  2.6102  1.6326  4.5169  1.7176  0.7480  0.4459  0.2889
 220  1.599384  3.6617  2.6058  1.6361  4.5135  1.7108  0.7400  0.4374  0.2799
 221  1.599448  3.6615  2.6014  1.6397  4.5102  1.7040  0.7320  0.4289  0.2710
 222  1.599512  3.6613  2.5970  1.6433  4.5069  1.6972  0.7242  0.4204  0.2621
 223  1.599576  3.6610  2.5926  1.6469  4.5035  1.6903  0.7162  0.4119  0.2532
 224  1.599641  3.6608  2.5882  1.6504  4.5002  1.6835  0.7083  0.4034  0.2443
 225  1.599705  3.6606  2.5839  1.6540  4.4968  1.6767  0.7004  0.3949  0.2355
 226  1.599769  3.6604  2.5795  1.6575  4.4936  1.6701  0.6925  0.3865  0.2267
 227  1.600382  3.6585  2.5392  1.6901  4.4639  1.6080  0.6201  0.3088  0.1453
 228  1.601000  3.6566  2.5009  1.7211  4.4370  1.5499  0.5518  0.2353  0.0682
 229  1.601584  3.6550  2.4691  1.7466  4.4166  1.5028  0.4959  0.1750  0.0048
 230  1.602176  3.6540  2.4489  1.7632  4.4009  1.4711  0.4591  0.1355 -0.0364
 231  1.602799  3.6553  2.4700  1.7472  4.4081  1.4978  0.4923  0.1726  0.0033
 232  1.603512  3.6587  2.5402  1.6911  4.4550  1.6023  0.6158  0.3056  0.1429
 233  1.604395  3.6604  2.5633  1.6751  4.4501  1.6244  0.6475  0.3421  0.1825
 234  1.605415  3.6572  2.4977  1.7279  4.4055  1.5261  0.5316  0.2170  0.0511
 235  1.606333  3.6522  2.4005  1.8053  4.3471  1.3849  0.3629  0.0341 -0.1414
 236  1.607121  3.6480  2.3223  1.8672  4.3055  1.2747  0.2300 -0.1110 -0.2948
 237  1.607805  3.6440  2.2477  1.9261  4.2686  1.1720  0.1055 -0.2482 -0.4404
 238  1.608410  3.6402  2.1774  1.9813  4.2363  1.0775 -0.0096 -0.3762 -0.5770
 239  1.608945  3.6366  2.1098  2.0342  4.2073  0.9891 -0.1177 -0.4979 -0.7075
 240  1.609422  3.6329  2.0445  2.0853  4.1809  0.9055 -0.2202 -0.6145 -0.8331
 241  1.609844  3.6294  1.9817  2.1341  4.1569  0.8271 -0.3164 -0.7252 -0.9531
 242  1.610227  3.6258  1.9195  2.1820  4.1354  0.7525 -0.4081 -0.8327 -1.0708
 243  1.610572  3.6223  1.8585  2.2289  4.1148  0.6811 -0.4955 -0.9372 -1.1860
 244  1.610880  3.6188  1.7989  2.2745  4.0952  0.6136 -0.5780 -1.0377 -1.2977
 245  1.611160  3.6153  1.7404  2.3192  4.0760  0.5502 -0.6557 -1.1350 -1.4071
 246  1.611414  3.6119  1.6834  2.3626  4.0569  0.4905 -0.7284 -1.2286 -1.5133
 247  1.611644  3.6085  1.6275  2.4050  4.0381  0.4340 -0.7964 -1.3190 -1.6170
 248  1.611852  3.6052  1.5734  2.4460  4.0199  0.3814 -0.8590 -1.4055 -1.7174
 249  1.612043  3.6019  1.5202  2.4863  4.0012  0.3316 -0.9173 -1.4894 -1.8157
 250  1.612217  3.5988  1.4682  2.5254  3.9824  0.2862 -0.9702 -1.5697 -1.9111
 251  1.612377  3.5955  1.4170  2.5638  3.9632  0.2446 -1.0182 -1.6468 -2.0042
 252  1.612522  3.5924  1.3673  2.6008  3.9443  0.2072 -1.0601 -1.7203 -2.0943
 253  1.612657  3.5892  1.3186  2.6373  3.9252  0.1730 -1.0967 -1.7911 -2.1826
 254  1.612780  3.5862  1.2711  2.6727  3.9061  0.1420 -1.1277 -1.8587 -2.2682
 255  1.612894  3.5832  1.2244  2.7074  3.8865  0.1141 -1.1538 -1.9238 -2.3519
 256  1.613000  3.5803  1.1788  2.7412  3.8662  0.0899 -1.1748 -1.9861 -2.4332
 257  1.613098  3.5774  1.1342  2.7743  3.8462  0.0697 -1.1897 -2.0452 -2.5122
 258  1.613188  3.5745  1.0907  2.8064  3.8265  0.0537 -1.1965 -2.1011 -2.5888
 259  1.613273  3.5717  1.0481  2.8379  3.8075  0.0420 -1.1970 -2.1539 -2.6635
 260  1.613352  3.5690  1.0063  2.8685  3.7897  0.0346 -1.1920 -2.2036 -2.7356
 261  1.613425  3.5662  0.9654  2.8985  3.7734  0.0326 -1.1817 -2.2497 -2.8050
 262  1.613494  3.5634  0.9250  2.9278  3.7604  0.0349 -1.1712 -2.2930 -2.8717
 263  1.613558  3.5608  0.8859  2.9563  3.7499  0.0427 -1.1573 -2.3325 -2.9352
 264  1.613618  3.5581  0.8473  2.9843  3.7393  0.0567 -1.1348 -2.3685 -2.9964
 265  1.613674  3.5555  0.8093  3.0118  3.7281  0.0777 -1.1022 -2.4003 -3.0550
 266  1.613728  3.5529  0.7722  3.0386  3.7166  0.1112 -1.0494 -2.4259 -3.1104
 267  1.613777  3.5503  0.7357  3.0648  3.6972  0.1515 -0.9739 -2.4478 -3.1632
 268  1.613824  3.5478  0.7002  3.0902  3.6771  0.1975 -0.8888 -2.4656 -3.2130
 269  1.613869  3.5454  0.6652  3.1153  3.6573  0.2495 -0.7972 -2.4789 -3.2597
 270  1.613911  3.5429  0.6311  3.1396  3.6372  0.3076 -0.6997 -2.4873 -3.3025
 271  1.613951  3.5405  0.5975  3.1636  3.6168  0.3745 -0.5969 -2.4888 -3.3409
 272  1.613988  3.5381  0.5648  3.1869  3.5973  0.4563 -0.4907 -2.4787 -3.3714
 273  1.614024  3.5357  0.5326  3.2097  3.5766  0.5476 -0.3764 -2.4620 -3.3977
 274  1.614058  3.5334  0.5010  3.2320  3.5524  0.6491 -0.2488 -2.4378 -3.4190
 275  1.614090  3.5311  0.4702  3.2537  3.5289  0.7530 -0.1228 -2.4103 -3.4371
 276  1.614121  3.5289  0.4401  3.2747  3.5074  0.8554 -0.0045 -2.3818 -3.4530
 277  1.614135  3.5267  0.4107  3.2954  3.4911  0.9459  0.0908 -2.3566 -3.4680
 278  1.614202  3.5246  0.3826  3.3150  3.4799  1.0269  0.1671 -2.3337 -3.4817
 279  1.614214  3.5228  0.3586  3.3319  3.4731  1.0959  0.2250 -2.3129 -3.4917
