#NUMBER OF AGES= 1
#----------------------------------------------------       
#MIX-LEN  Y      Z          Zeff        [Fe/H] [a/Fe]
# 1.9380  0.2846 2.4865E-02 2.4865E-02   0.20   0.00 
#----------------------------------------------------       
#**PHOTOMETRIC SYSTEM**: SDSS (AB)                          
#----------------------------------------------------       
#AGE= 2.750 EEPS=274
#EEP   M/Mo    LogTeff  LogG   LogL/Lo sdss_u  sdss_g  sdss_r  sdss_i  sdss_z
   6  0.107265  3.5007  5.2624 -2.8378 18.0549 14.9796 13.4825 12.1730 11.4157
   7  0.126348  3.5005  5.1943 -2.6994 17.6652 14.6302 13.1405 11.8309 11.0721
   8  0.155355  3.5014  5.1182 -2.5299 17.1647 14.1836 12.7060 11.4049 10.6493
   9  0.206199  3.5087  5.0491 -2.3089 16.3953 13.5047 12.0599 10.8130 10.0873
  10  0.252484  3.5150  5.0038 -2.1503 15.8388 13.0069 11.5894 10.3848  9.6841
  11  0.286536  3.5193  4.9767 -2.0507 15.4932 12.6934 11.2939 10.1160  9.4318
  12  0.304461  3.5215  4.9597 -1.9988 15.3176 12.5331 11.1430  9.9771  9.3008
  13  0.312892  3.5224  4.9515 -1.9753 15.2406 12.4624 11.0762  9.9148  9.2416
  14  0.318007  3.5231  4.9484 -1.9620 15.1926 12.4184 11.0352  9.8782  9.2078
  15  0.322659  3.5236  4.9425 -1.9481 15.1485 12.3779 10.9969  9.8419  9.1730
  16  0.326190  3.5240  4.9366 -1.9360 15.1104 12.3432 10.9642  9.8107  9.1428
  17  0.330503  3.5244  4.9303 -1.9223 15.0664 12.3030 10.9264  9.7747  9.1083
  18  0.336831  3.5251  4.9227 -1.9037 15.0060 12.2476 10.8745  9.7258  9.0615
  19  0.343655  3.5260  4.9167 -1.8858 14.9457 12.1919 10.8226  9.6777  9.0165
  20  0.348273  3.5261  4.9168 -1.8797 14.9282 12.1747 10.8056  9.6619  9.0012
  21  0.381030  3.5315  4.8860 -1.7911 14.6225 11.8907 10.5439  9.4215  8.7784
  22  0.402207  3.5352  4.8695 -1.7378 14.4416 11.7167 10.3825  9.2762  8.6454
  23  0.475277  3.5489  4.8120 -1.5483 13.7847 11.0851  9.7869  8.7527  8.1726
  24  0.493984  3.5537  4.7957 -1.4958 13.6062 10.9042  9.6157  8.6043  8.0425
  25  0.508409  3.5577  4.7827 -1.4545 13.4663 10.7592  9.4767  8.4870  7.9407
  26  0.520528  3.5612  4.7719 -1.4193 13.3476 10.6337  9.3556  8.3871  7.8548
  27  0.530357  3.5642  4.7632 -1.3904 13.2496 10.5282  9.2529  8.3047  7.7845
  28  0.539346  3.5670  4.7551 -1.3639 13.1604 10.4316  9.1580  8.2293  7.7204
  29  0.549584  3.5702  4.7461 -1.3338 13.0596 10.3215  9.0501  8.1436  7.6478
  30  0.564044  3.5753  4.7346 -1.2908 12.9150 10.1588  8.8897  8.0181  7.5438
  31  0.584388  3.5828  4.7193 -1.2303 12.7079  9.9203  8.6512  7.8377  7.3979
  32  0.609638  3.5925  4.7014 -1.1550 12.4443  9.6108  8.3379  7.6086  7.2172
  33  0.618297  3.5948  4.6907 -1.1275 12.4021  9.5306  8.2569  7.5375  7.1529
  34  0.645239  3.6066  4.6756 -1.0471 12.1100  9.1819  7.9078  7.2885  6.9635
  35  0.748564  3.6512  4.6306 -0.7634 10.7041  7.9395  6.8333  6.4535  6.2706
  36  0.769583  3.6606  4.6203 -0.7025 10.4141  7.6813  6.6167  6.2808  6.1247
  37  0.852940  3.6982  4.5869 -0.4715  9.0596  6.7062  5.8681  5.6475  5.5584
  38  0.868371  3.7042  4.5796 -0.4327  8.8382  6.5594  5.7559  5.5476  5.4667
  39  0.881645  3.7092  4.5730 -0.3993  8.6525  6.4361  5.6609  5.4626  5.3884
  40  0.893982  3.7138  4.5665 -0.3684  8.4822  6.3238  5.5737  5.3844  5.3165
  41  0.906528  3.7183  4.5595 -0.3373  8.3124  6.2129  5.4867  5.3061  5.2444
  42  0.919396  3.7228  4.5521 -0.3059  8.1421  6.1025  5.3997  5.2274  5.1716
  43  0.932574  3.7273  4.5441 -0.2738  7.9722  5.9917  5.3120  5.1478  5.0980
  44  0.945921  3.7318  4.5358 -0.2415  7.8055  5.8821  5.2246  5.0681  5.0242
  45  0.959201  3.7360  4.5270 -0.2096  7.6443  5.7762  5.1393  4.9900  4.9515
  46  0.972481  3.7402  4.5178 -0.1780  7.4877  5.6732  5.0556  4.9129  4.8796
  47  0.985837  3.7441  4.5082 -0.1464  7.3358  5.5715  4.9727  4.8366  4.8082
  48  0.999098  3.7480  4.4981 -0.1152  7.1905  5.4723  4.8916  4.7618  4.7381
  49  1.011041  3.7514  4.4885 -0.0869  7.0635  5.3842  4.8189  4.6942  4.6746
  50  1.024016  3.7548  4.4776 -0.0565  6.9299  5.2905  4.7409  4.6217  4.6064
  51  1.057951  3.7633  4.4486  0.0202  6.5984  5.0554  4.5447  4.4387  4.4335
  52  1.080529  3.7683  4.4281  0.0700  6.3945  4.9060  4.4186  4.3205  4.3215
  53  1.079086  3.7681  4.4292  0.0674  6.4107  4.9160  4.4268  4.3282  4.3287
  54  1.084878  3.7694  4.4233  0.0808  6.3579  4.8766  4.3932  4.2966  4.2987
  55  1.090097  3.7705  4.4178  0.0931  6.3102  4.8405  4.3623  4.2676  4.2710
  56  1.095540  3.7717  4.4120  0.1058  6.2617  4.8036  4.3306  4.2376  4.2424
  57  1.102505  3.7732  4.4050  0.1213  6.2028  4.7587  4.2920  4.2012  4.2077
  58  1.162303  3.7830  4.3471  0.2405  5.7708  4.4176  3.9975  3.9216  3.9396
  59  1.178388  3.7852  4.3302  0.2717  5.6716  4.3335  3.9195  3.8461  3.8661
  60  1.192301  3.7867  4.3147  0.2982  5.5904  4.2624  3.8530  3.7817  3.8033
  61  1.201931  3.7878  4.3042  0.3164  5.5337  4.2131  3.8076  3.7380  3.7608
  62  1.208866  3.7886  4.2964  0.3298  5.4904  4.1762  3.7745  3.7062  3.7300
  63  1.214780  3.7892  4.2894  0.3415  5.4527  4.1441  3.7458  3.6786  3.7031
  64  1.220143  3.7898  4.2829  0.3523  5.4183  4.1147  3.7194  3.6531  3.6783
  65  1.225087  3.7903  4.2767  0.3621  5.3873  4.0880  3.6952  3.6297  3.6554
  66  1.229781  3.7907  4.2707  0.3714  5.3588  4.0632  3.6724  3.6074  3.6336
  67  1.234353  3.7910  4.2648  0.3803  5.3325  4.0397  3.6502  3.5856  3.6121
  68  1.239052  3.7913  4.2586  0.3894  5.3069  4.0164  3.6277  3.5634  3.5901
  69  1.243852  3.7917  4.2525  0.3983  5.2814  3.9931  3.6051  3.5410  3.5678
  70  1.248415  3.7919  4.2465  0.4071  5.2576  3.9710  3.5835  3.5195  3.5465
  71  1.252978  3.7923  4.2404  0.4157  5.2341  3.9491  3.5618  3.4979  3.5250
  72  1.257949  3.7925  4.2342  0.4251  5.2084  3.9254  3.5384  3.4746  3.5019
  73  1.264263  3.7931  4.2270  0.4366  5.1760  3.8959  3.5094  3.4459  3.4734
  74  1.312791  3.7994  4.1737  0.5330  4.8795  3.6331  3.2712  3.2175  3.2523
  75  1.319800  3.7995  4.1647  0.5446  4.8498  3.6035  3.2424  3.1891  3.2241
  76  1.330852  3.7998  4.1515  0.5626  4.8024  3.5569  3.1977  3.1451  3.1806
  77  1.362294  3.8008  4.1118  0.6169  4.6585  3.4156  3.0626  3.0125  3.0495
  78  1.386530  3.8021  4.0861  0.6555  4.5522  3.3135  2.9667  2.9191  2.9578
  79  1.404995  3.8025  4.0643  0.6846  4.4761  3.2381  2.8940  2.8476  2.8869
  80  1.419221  3.8021  4.0445  0.7075  4.4218  3.1812  2.8370  2.7904  2.8296
  81  1.429907  3.8014  4.0279  0.7244  4.3837  3.1396  2.7945  2.7472  2.7857
  82  1.435148  3.8009  4.0193  0.7325  4.3666  3.1203  2.7743  2.7265  2.7644
  83  1.439902  3.8004  4.0114  0.7397  4.3520  3.1035  2.7566  2.7081  2.7455
  84  1.444165  3.7997  4.0041  0.7459  4.3400  3.0891  2.7412  2.6920  2.7287
  85  1.448026  3.7990  3.9971  0.7514  4.3301  3.0768  2.7277  2.6775  2.7135
  86  1.451609  3.7984  3.9904  0.7564  4.3219  3.0658  2.7154  2.6643  2.6996
  87  1.454993  3.7976  3.9838  0.7612  4.3150  3.0560  2.7040  2.6518  2.6862
  88  1.458253  3.7969  3.9772  0.7656  4.3096  3.0472  2.6932  2.6397  2.6733
  89  1.461478  3.7960  3.9705  0.7699  4.3049  3.0387  2.6825  2.6279  2.6604
  90  1.464705  3.7952  3.9639  0.7741  4.3011  3.0306  2.6720  2.6160  2.6476
  91  1.467999  3.7943  3.9570  0.7785  4.2987  3.0228  2.6610  2.6036  2.6342
  92  1.471433  3.7935  3.9502  0.7829  4.2980  3.0152  2.6492  2.5905  2.6201
  93  1.475026  3.7926  3.9430  0.7874  4.2982  3.0076  2.6372  2.5771  2.6056
  94  1.478818  3.7916  3.9357  0.7921  4.2983  2.9997  2.6245  2.5630  2.5904
  95  1.482714  3.7906  3.9280  0.7970  4.2993  2.9917  2.6113  2.5482  2.5745
  96  1.486689  3.7895  3.9200  0.8020  4.3006  2.9835  2.5978  2.5332  2.5582
  97  1.490757  3.7886  3.9119  0.8071  4.3016  2.9751  2.5840  2.5178  2.5416
  98  1.493984  3.7875  3.9050  0.8106  4.3064  2.9709  2.5745  2.5066  2.5292
  99  1.498303  3.7865  3.8965  0.8162  4.3047  2.9608  2.5598  2.4905  2.5118
 100  1.502676  3.7854  3.8880  0.8222  4.3004  2.9495  2.5449  2.4741  2.4942
 101  1.506938  3.7846  3.8796  0.8283  4.2937  2.9371  2.5295  2.4573  2.4766
 102  1.510825  3.7839  3.8718  0.8344  4.2843  2.9240  2.5145  2.4413  2.4597
 103  1.514031  3.7835  3.8652  0.8401  4.2730  2.9108  2.5006  2.4267  2.4446
 104  1.516535  3.7833  3.8599  0.8453  4.2615  2.8983  2.4878  2.4137  2.4313
 105  1.518531  3.7832  3.8555  0.8500  4.2501  2.8867  2.4762  2.4020  2.4195
 106  1.520078  3.7833  3.8521  0.8542  4.2388  2.8756  2.4655  2.3915  2.4091
 107  1.521327  3.7834  3.8490  0.8581  4.2284  2.8655  2.4557  2.3819  2.3996
 108  1.522331  3.7836  3.8465  0.8618  4.2177  2.8556  2.4465  2.3730  2.3910
 109  1.523136  3.7838  3.8444  0.8652  4.2071  2.8460  2.4377  2.3647  2.3830
 110  1.523837  3.7841  3.8423  0.8685  4.1969  2.8369  2.4294  2.3567  2.3754
 111  1.524447  3.7844  3.8406  0.8716  4.1864  2.8277  2.4212  2.3491  2.3682
 112  1.524696  3.7846  3.8398  0.8731  4.1817  2.8237  2.4176  2.3458  2.3649
 113  1.524946  3.7847  3.8390  0.8746  4.1759  2.8191  2.4136  2.3421  2.3615
 114  1.525195  3.7849  3.8382  0.8761  4.1704  2.8147  2.4099  2.3386  2.3582
 115  1.525444  3.7851  3.8375  0.8777  4.1645  2.8100  2.4059  2.3349  2.3547
 116  1.525692  3.7853  3.8366  0.8796  4.1574  2.8045  2.4013  2.3306  2.3507
 117  1.525936  3.7855  3.8357  0.8813  4.1506  2.7992  2.3970  2.3266  2.3469
 118  1.526178  3.7857  3.8349  0.8832  4.1432  2.7934  2.3922  2.3223  2.3428
 119  1.526411  3.7860  3.8340  0.8854  4.1343  2.7867  2.3868  2.3174  2.3384
 120  1.526618  3.7864  3.8332  0.8875  4.1252  2.7800  2.3816  2.3126  2.3340
 121  1.526814  3.7868  3.8323  0.8901  4.1143  2.7721  2.3755  2.3072  2.3290
 122  1.527002  3.7872  3.8313  0.8927  4.1027  2.7637  2.3692  2.3015  2.3238
 123  1.527172  3.7876  3.8304  0.8956  4.0898  2.7546  2.3623  2.2953  2.3181
 124  1.527339  3.7882  3.8293  0.8988  4.0754  2.7445  2.3548  2.2886  2.3120
 125  1.527510  3.7888  3.8282  0.9022  4.0600  2.7337  2.3468  2.2814  2.3055
 126  1.527684  3.7893  3.8270  0.9059  4.0428  2.7218  2.3380  2.2736  2.2983
 127  1.527858  3.7901  3.8257  0.9100  4.0239  2.7087  2.3284  2.2650  2.2906
 128  1.528030  3.7907  3.8243  0.9144  4.0039  2.6947  2.3182  2.2560  2.2823
 129  1.528192  3.7916  3.8228  0.9192  3.9822  2.6792  2.3067  2.2458  2.2731
 130  1.528345  3.7925  3.8212  0.9244  3.9593  2.6625  2.2942  2.2347  2.2631
 131  1.528480  3.7935  3.8195  0.9300  3.9352  2.6445  2.2807  2.2228  2.2523
 132  1.528598  3.7945  3.8175  0.9360  3.9112  2.6258  2.2661  2.2098  2.2405
 133  1.528694  3.7955  3.8156  0.9422  3.8880  2.6068  2.2504  2.1960  2.2279
 134  1.528777  3.7966  3.8134  0.9485  3.8648  2.5873  2.2343  2.1817  2.2149
 135  1.528846  3.7976  3.8112  0.9551  3.8416  2.5675  2.2178  2.1670  2.2014
 136  1.528906  3.7987  3.8089  0.9617  3.8185  2.5476  2.2010  2.1520  2.1876
 137  1.528956  3.7998  3.8063  0.9684  3.7954  2.5276  2.1841  2.1367  2.1736
 138  1.528996  3.8008  3.8036  0.9752  3.7722  2.5075  2.1669  2.1212  2.1593
 139  1.529029  3.8018  3.8007  0.9820  3.7485  2.4873  2.1499  2.1057  2.1450
 140  1.529057  3.8027  3.7977  0.9889  3.7239  2.4671  2.1330  2.0904  2.1306
 141  1.529082  3.8036  3.7945  0.9958  3.6993  2.4469  2.1162  2.0750  2.1164
 142  1.529107  3.8046  3.7914  1.0027  3.6746  2.4267  2.0994  2.0596  2.1020
 143  1.529151  3.8054  3.7895  1.0079  3.6549  2.4111  2.0868  2.0482  2.0915
 144  1.529173  3.8056  3.7897  1.0085  3.6504  2.4093  2.0855  2.0471  2.0905
 145  1.529217  3.8055  3.7921  1.0058  3.6563  2.4162  2.0920  2.0535  2.0969
 146  1.529225  3.8047  3.7978  0.9968  3.6860  2.4418  2.1143  2.0744  2.1168
 147  1.529221  3.8038  3.8021  0.9889  3.7136  2.4648  2.1338  2.0925  2.1339
 148  1.529224  3.8028  3.8053  0.9818  3.7389  2.4856  2.1509  2.1081  2.1484
 149  1.529246  3.8009  3.8040  0.9756  3.7693  2.5072  2.1655  2.1198  2.1579
 150  1.529273  3.7991  3.7975  0.9747  3.7870  2.5153  2.1670  2.1185  2.1545
 151  1.529331  3.7962  3.7845  0.9762  3.8070  2.5206  2.1635  2.1105  2.1433
 152  1.529397  3.7939  3.7675  0.9843  3.8032  2.5069  2.1436  2.0871  2.1172
 153  1.529502  3.7917  3.7529  0.9900  3.8077  2.4996  2.1293  2.0694  2.0969
 154  1.529676  3.7891  3.7386  0.9938  3.8274  2.4999  2.1190  2.0550  2.0795
 155  1.529905  3.7868  3.7278  0.9953  3.8538  2.5058  2.1137  2.0462  2.0679
 156  1.530148  3.7851  3.7211  0.9954  3.8747  2.5125  2.1127  2.0425  2.0622
 157  1.530390  3.7838  3.7162  0.9951  3.8885  2.5181  2.1134  2.0412  2.0593
 158  1.530633  3.7826  3.7121  0.9947  3.9000  2.5232  2.1147  2.0406  2.0574
 159  1.530876  3.7816  3.7085  0.9943  3.9105  2.5282  2.1162  2.0404  2.0560
 160  1.531120  3.7807  3.7053  0.9937  3.9208  2.5332  2.1178  2.0404  2.0548
 161  1.531364  3.7797  3.7021  0.9932  3.9312  2.5382  2.1197  2.0407  2.0539
 162  1.532101  3.7771  3.6937  0.9914  3.9646  2.5537  2.1246  2.0414  2.0515
 163  1.532818  3.7742  3.6858  0.9883  4.0099  2.5742  2.1316  2.0439  2.0505
 164  1.533515  3.7713  3.6784  0.9839  4.0623  2.5990  2.1416  2.0492  2.0522
 165  1.534182  3.7682  3.6718  0.9780  4.1184  2.6281  2.1565  2.0590  2.0582
 166  1.534807  3.7648  3.6662  0.9706  4.1804  2.6620  2.1762  2.0733  2.0685
 167  1.535381  3.7615  3.6619  0.9615  4.2495  2.7006  2.2002  2.0918  2.0829
 168  1.535901  3.7581  3.6588  0.9511  4.3244  2.7433  2.2280  2.1139  2.1009
 169  1.536371  3.7547  3.6569  0.9395  4.4033  2.7890  2.2587  2.1392  2.1219
 170  1.536796  3.7513  3.6559  0.9272  4.4844  2.8372  2.2919  2.1667  2.1453
 171  1.537186  3.7479  3.6556  0.9143  4.5679  2.8870  2.3268  2.1961  2.1705
 172  1.537550  3.7446  3.6558  0.9010  4.6538  2.9379  2.3629  2.2268  2.1970
 173  1.537895  3.7414  3.6562  0.8874  4.7418  2.9899  2.3999  2.2584  2.2244
 174  1.538231  3.7380  3.6566  0.8738  4.8318  3.0430  2.4377  2.2905  2.2521
 175  1.538566  3.7346  3.6565  0.8601  4.9249  3.0974  2.4759  2.3228  2.2799
 176  1.538909  3.7309  3.6555  0.8466  5.0224  3.1530  2.5144  2.3550  2.3072
 177  1.539280  3.7269  3.6527  0.8337  5.1264  3.2098  2.5527  2.3866  2.3334
 178  1.539712  3.7223  3.6466  0.8216  5.2412  3.2688  2.5903  2.4161  2.3567
 179  1.540296  3.7166  3.6317  0.8136  5.3700  3.3262  2.6206  2.4363  2.3688
 180  1.540956  3.7109  3.6046  0.8180  5.4705  3.3541  2.6216  2.4267  2.3511
 181  1.541462  3.7073  3.5775  0.8307  5.5110  3.3475  2.5982  2.3966  2.3156
 182  1.541934  3.7044  3.5482  0.8486  5.5240  3.3231  2.5607  2.3534  2.2681
 183  1.542366  3.7021  3.5190  0.8688  5.5181  3.2888  2.5160  2.3044  2.2156
 184  1.542775  3.7002  3.4902  0.8901  5.5027  3.2493  2.4678  2.2525  2.1608
 185  1.543169  3.6985  3.4617  0.9121  5.4816  3.2067  2.4177  2.1991  2.1046
 186  1.543552  3.6970  3.4335  0.9344  5.4557  3.1619  2.3660  2.1445  2.0476
 187  1.543930  3.6956  3.4055  0.9570  5.4273  3.1159  2.3137  2.0894  1.9903
 188  1.544304  3.6943  3.3778  0.9795  5.3973  3.0691  2.2609  2.0340  1.9328
 189  1.544676  3.6931  3.3503  1.0023  5.3658  3.0219  2.2079  1.9784  1.8752
 190  1.545047  3.6919  3.3230  1.0248  5.3335  2.9747  2.1550  1.9230  1.8178
 191  1.545420  3.6907  3.2958  1.0474  5.3008  2.9274  2.1023  1.8677  1.7606
 192  1.545791  3.6896  3.2691  1.0700  5.2658  2.8793  2.0491  1.8123  1.7034
 193  1.546164  3.6885  3.2424  1.0924  5.2320  2.8318  1.9965  1.7574  1.6466
 194  1.546537  3.6875  3.2158  1.1148  5.1985  2.7846  1.9442  1.7027  1.5900
 195  1.546912  3.6864  3.1893  1.1371  5.1651  2.7375  1.8920  1.6482  1.5337
 196  1.547287  3.6853  3.1628  1.1593  5.1327  2.6909  1.8402  1.5940  1.4777
 197  1.547664  3.6843  3.1367  1.1814  5.0997  2.6442  1.7884  1.5400  1.4219
 198  1.548042  3.6832  3.1103  1.2034  5.0694  2.5984  1.7373  1.4864  1.3665
 199  1.548420  3.6821  3.0844  1.2253  5.0379  2.5522  1.6860  1.4329  1.3112
 200  1.548800  3.6810  3.0582  1.2471  5.0087  2.5070  1.6354  1.3797  1.2562
 201  1.549180  3.6800  3.0323  1.2689  4.9788  2.4616  1.5848  1.3267  1.2013
 202  1.549561  3.6789  3.0065  1.2906  4.9494  2.4165  1.5345  1.2739  1.1468
 203  1.549944  3.6777  2.9806  1.3121  4.9219  2.3723  1.4847  1.2216  1.0926
 204  1.550326  3.6767  2.9548  1.3336  4.8943  2.3282  1.4351  1.1694  1.0385
 205  1.550709  3.6755  2.9290  1.3550  4.8679  2.2847  1.3859  1.1175  0.9847
 206  1.551093  3.6744  2.9033  1.3764  4.8416  2.2414  1.3369  1.0658  0.9311
 207  1.551477  3.6732  2.8775  1.3976  4.8162  2.1985  1.2881  1.0144  0.8776
 208  1.551860  3.6721  2.8519  1.4188  4.7908  2.1558  1.2396  0.9631  0.8243
 209  1.552244  3.6710  2.8262  1.4400  4.7666  2.1135  1.1913  0.9121  0.7713
 210  1.552629  3.6698  2.8007  1.4610  4.7424  2.0715  1.1434  0.8613  0.7185
 211  1.553014  3.6686  2.7752  1.4819  4.7195  2.0302  1.0958  0.8108  0.6660
 212  1.553400  3.6675  2.7498  1.5028  4.6970  1.9891  1.0485  0.7606  0.6137
 213  1.553786  3.6663  2.7244  1.5235  4.6751  1.9484  1.0016  0.7107  0.5617
 214  1.554173  3.6651  2.6992  1.5441  4.6536  1.9082  0.9551  0.6613  0.5102
 215  1.554562  3.6639  2.6741  1.5646  4.6327  1.8683  0.9090  0.6122  0.4589
 216  1.554948  3.6628  2.6488  1.5853  4.6120  1.8283  0.8627  0.5627  0.4072
 217  1.555012  3.6626  2.6446  1.5888  4.6086  1.8216  0.8549  0.5544  0.3986
 218  1.555077  3.6624  2.6403  1.5922  4.6051  1.8149  0.8471  0.5461  0.3900
 219  1.555141  3.6621  2.6360  1.5957  4.6016  1.8082  0.8394  0.5378  0.3813
 220  1.555205  3.6619  2.6318  1.5992  4.5982  1.8014  0.8315  0.5295  0.3726
 221  1.555269  3.6617  2.6275  1.6027  4.5946  1.7947  0.8237  0.5212  0.3639
 222  1.555333  3.6616  2.6232  1.6062  4.5912  1.7879  0.8160  0.5128  0.3552
 223  1.555397  3.6614  2.6190  1.6096  4.5877  1.7812  0.8082  0.5045  0.3465
 224  1.555462  3.6612  2.6147  1.6131  4.5843  1.7745  0.8004  0.4962  0.3378
 225  1.555526  3.6610  2.6104  1.6166  4.5809  1.7678  0.7926  0.4879  0.3291
 226  1.555590  3.6608  2.6062  1.6201  4.5775  1.7611  0.7848  0.4796  0.3205
 227  1.556230  3.6587  2.5643  1.6541  4.5444  1.6955  0.7088  0.3982  0.2355
 228  1.556844  3.6571  2.5287  1.6834  4.5158  1.6392  0.6435  0.3285  0.1626
 229  1.557447  3.6562  2.5071  1.7013  4.4961  1.6035  0.6027  0.2854  0.1177
 230  1.558076  3.6574  2.5276  1.6857  4.5029  1.6292  0.6349  0.3215  0.1564
 231  1.558791  3.6598  2.5727  1.6504  4.5280  1.6934  0.7122  0.4052  0.2446
 232  1.559669  3.6603  2.5787  1.6468  4.5229  1.6973  0.7194  0.4133  0.2534
 233  1.560608  3.6554  2.4787  1.7273  4.4534  1.5467  0.5420  0.2221  0.0527
 234  1.561394  3.6511  2.3971  1.7923  4.4053  1.4289  0.4011  0.0692 -0.1085
 235  1.562070  3.6472  2.3214  1.8524  4.3638  1.3219  0.2725 -0.0717 -0.2574
 236  1.562666  3.6433  2.2481  1.9102  4.3262  1.2206  0.1502 -0.2064 -0.4005
 237  1.563195  3.6395  2.1776  1.9657  4.2925  1.1256  0.0348 -0.3350 -0.5377
 238  1.563656  3.6359  2.1111  2.0180  4.2630  1.0382 -0.0718 -0.4550 -0.6664
 239  1.564070  3.6323  2.0459  2.0690  4.2356  0.9546 -0.1740 -0.5714 -0.7919
 240  1.564441  3.6288  1.9824  2.1183  4.2103  0.8751 -0.2712 -0.6833 -0.9134
 241  1.564769  3.6252  1.9201  2.1663  4.1876  0.8002 -0.3629 -0.7911 -1.0313
 242  1.565070  3.6216  1.8579  2.2143  4.1659  0.7274 -0.4518 -0.8975 -1.1489
 243  1.565337  3.6180  1.7977  2.2604  4.1452  0.6595 -0.5346 -0.9991 -1.2620
 244  1.565579  3.6146  1.7387  2.3055  4.1249  0.5955 -0.6128 -1.0972 -1.3724
 245  1.565797  3.6111  1.6809  2.3495  4.1049  0.5354 -0.6857 -1.1918 -1.4799
 246  1.565996  3.6077  1.6244  2.3924  4.0853  0.4783 -0.7540 -1.2833 -1.5851
 247  1.566176  3.6043  1.5692  2.4343  4.0659  0.4247 -0.8174 -1.3715 -1.6875
 248  1.566339  3.6010  1.5155  2.4749  4.0465  0.3750 -0.8752 -1.4558 -1.7867
 249  1.566489  3.5978  1.4624  2.5149  4.0260  0.3291 -0.9285 -1.5375 -1.8840
 250  1.566626  3.5945  1.4105  2.5538  4.0058  0.2876 -0.9759 -1.6154 -1.9783
 251  1.566751  3.5913  1.3598  2.5916  3.9863  0.2502 -1.0171 -1.6899 -2.0703
 252  1.566866  3.5882  1.3103  2.6287  3.9665  0.2161 -1.0526 -1.7615 -2.1599
 253  1.566972  3.5851  1.2619  2.6647  3.9467  0.1854 -1.0823 -1.8300 -2.2473
 254  1.567069  3.5820  1.2144  2.7000  3.9260  0.1580 -1.1071 -1.8958 -2.3322
 255  1.567159  3.5790  1.1682  2.7343  3.9052  0.1348 -1.1260 -1.9581 -2.4144
 256  1.567242  3.5760  1.1226  2.7680  3.8846  0.1160 -1.1372 -2.0178 -2.4950
 257  1.567319  3.5732  1.0783  2.8008  3.8644  0.1014 -1.1412 -2.0738 -2.5730
 258  1.567391  3.5703  1.0348  2.8327  3.8454  0.0917 -1.1389 -2.1265 -2.6484
 259  1.567458  3.5674  0.9921  2.8642  3.8275  0.0867 -1.1312 -2.1761 -2.7216
 260  1.567520  3.5646  0.9506  2.8945  3.8129  0.0870 -1.1213 -2.2218 -2.7910
 261  1.567577  3.5618  0.9098  2.9242  3.8015  0.0924 -1.1100 -2.2642 -2.8577
 262  1.567632  3.5591  0.8695  2.9533  3.7904  0.1044 -1.0904 -2.3028 -2.9219
 263  1.567683  3.5564  0.8303  2.9818  3.7791  0.1237 -1.0602 -2.3368 -2.9829
 264  1.567730  3.5537  0.7917  3.0097  3.7678  0.1551 -1.0117 -2.3651 -3.0410
 265  1.567775  3.5511  0.7538  3.0369  3.7477  0.1949 -0.9367 -2.3888 -3.0965
 266  1.567817  3.5484  0.7170  3.0634  3.7262  0.2412 -0.8500 -2.4082 -3.1486
 267  1.567857  3.5459  0.6806  3.0894  3.7056  0.2936 -0.7569 -2.4229 -3.1975
 268  1.567894  3.5433  0.6451  3.1148  3.6846  0.3525 -0.6578 -2.4324 -3.2426
 269  1.567930  3.5408  0.6104  3.1396  3.6641  0.4208 -0.5538 -2.4343 -3.2823
 270  1.567963  3.5384  0.5763  3.1638  3.6440  0.5050 -0.4453 -2.4243 -3.3142
 271  1.567994  3.5359  0.5428  3.1876  3.6236  0.5975 -0.3325 -2.4078 -3.3415
 272  1.568024  3.5335  0.5101  3.2106  3.5996  0.6996 -0.2053 -2.3847 -3.3646
 273  1.568053  3.5311  0.4780  3.2333  3.5759  0.8049 -0.0800 -2.3572 -3.3837
 274  1.568080  3.5288  0.4466  3.2553  3.5540  0.9090  0.0383 -2.3286 -3.4006
 275  1.568105  3.5266  0.4160  3.2768  3.5387  0.9976  0.1282 -2.3049 -3.4173
 276  1.568130  3.5243  0.3860  3.2978  3.5279  1.0824  0.2058 -2.2807 -3.4317
 277  1.568153  3.5221  0.3568  3.3182  3.5210  1.1648  0.2724 -2.2553 -3.4432
 278  1.568070  3.5200  0.3289  3.3376  3.5182  1.2436  0.3251 -2.2292 -3.4515
 279  1.568415  3.5182  0.3057  3.3539  3.5166  1.3048  0.3599 -2.2089 -3.4584
