#NUMBER OF AGES= 1
#----------------------------------------------------       
#MIX-LEN  Y      Z          Zeff        [Fe/H] [a/Fe]
# 1.9380  0.2846 2.4865E-02 2.4865E-02   0.20   0.00 
#----------------------------------------------------       
#**PHOTOMETRIC SYSTEM**: SDSS (AB)                          
#----------------------------------------------------       
#AGE= 3.000 EEPS=271
#EEP   M/Mo    LogTeff  LogG   LogL/Lo sdss_u  sdss_g  sdss_r  sdss_i  sdss_z
   7  0.118688  3.5006  5.2201 -2.7521 17.8138 14.7634 13.2709 11.9612 11.2030
   8  0.142216  3.5007  5.1481 -2.6011 17.3816 14.3767 12.8931 11.5859 10.8275
   9  0.185524  3.5055  5.0727 -2.3909 16.6866 13.7623 12.3040 11.0346 10.2962
  10  0.234554  3.5125  5.0194 -2.2075 16.0392 13.1872 11.7595 10.5394  9.8294
  11  0.270792  3.5173  4.9878 -2.0943 15.6441 12.8310 11.4235 10.2338  9.5422
  12  0.295835  3.5205  4.9667 -2.0224 15.3977 12.6065 11.2120 10.0403  9.3602
  13  0.307719  3.5218  4.9550 -1.9881 15.2834 12.5020 11.1135  9.9493  9.2741
  14  0.314372  3.5227  4.9500 -1.9703 15.2217 12.4452 11.0604  9.9010  9.2290
  15  0.319545  3.5232  4.9440 -1.9552 15.1729 12.4005 11.0182  9.8612  9.1911
  16  0.323295  3.5237  4.9382 -1.9427 15.1332 12.3642 10.9840  9.8288  9.1598
  17  0.327213  3.5241  4.9322 -1.9300 15.0924 12.3270 10.9490  9.7955  9.1278
  18  0.332314  3.5246  4.9255 -1.9144 15.0422 12.2811 10.9058  9.7546  9.0886
  19  0.337242  3.5252  4.9208 -1.9010 14.9979 12.2402 10.8675  9.7191  9.0550
  20  0.338192  3.5248  4.9237 -1.9041 15.0124 12.2524 10.8778  9.7282  9.0630
  21  0.341864  3.5259  4.9258 -1.8970 14.9759 12.2188 10.8481  9.7047  9.0440
  22  0.398591  3.5344  4.8708 -1.7447 14.4614 11.7409 10.4064  9.2949  8.6613
  23  0.409549  3.5367  4.8631 -1.7180 14.3741 11.6513 10.3218  9.2217  8.5959
  24  0.482733  3.5508  4.8047 -1.5266 13.7116 11.0117  9.7176  8.6919  8.1189
  25  0.499713  3.5553  4.7896 -1.4785 13.5485 10.8449  9.5591  8.5557  7.9999
  26  0.513270  3.5591  4.7775 -1.4395 13.4166 10.7070  9.4266  8.4449  7.9041
  27  0.524424  3.5625  4.7675 -1.4069 13.3063 10.5897  9.3128  8.3521  7.8245
  28  0.533909  3.5654  4.7591 -1.3789 13.2113 10.4869  9.2126  8.2722  7.7565
  29  0.543130  3.5682  4.7508 -1.3518 13.1205 10.3883  9.1156  8.1950  7.6910
  30  0.554816  3.5720  4.7409 -1.3172 13.0048 10.2605  8.9902  8.0959  7.6077
  31  0.571548  3.5780  4.7279 -1.2673 12.8363 10.0689  8.8004  7.9491  7.4870
  32  0.593828  3.5864  4.7114 -1.2008 12.6061  9.8020  8.5314  7.7491  7.3272
  33  0.619735  3.5968  4.6935 -1.1233 12.3371  9.4821  8.2104  7.5134  7.1407
  34  0.627591  3.5989  4.6841 -1.0984 12.2975  9.4075  8.1345  7.4485  7.0837
  35  0.731587  3.6440  4.6372 -0.8088 10.9274  8.1299  6.9917  6.5813  6.3804
  36  0.752448  3.6533  4.6267 -0.7485 10.6497  7.8789  6.7779  6.4106  6.2356
  37  0.775551  3.6639  4.6160 -0.6813 10.3111  7.5889  6.5385  6.2192  6.0734
  38  0.849532  3.6973  4.5861 -0.4762  9.0904  6.7260  5.8825  5.6598  5.5694
  39  0.864149  3.7029  4.5791 -0.4392  8.8793  6.5853  5.7750  5.5642  5.4816
  40  0.877406  3.7080  4.5723 -0.4056  8.6920  6.4607  5.6792  5.4785  5.4028
  41  0.889533  3.7126  4.5659 -0.3749  8.5228  6.3490  5.5924  5.4009  5.3313
  42  0.901628  3.7171  4.5591 -0.3446  8.3566  6.2399  5.5072  5.3243  5.2608
  43  0.914026  3.7214  4.5519 -0.3137  8.1895  6.1314  5.4218  5.2471  5.1894
  44  0.926837  3.7258  4.5440 -0.2821  8.0212  6.0221  5.3352  5.1685  5.1167
  45  0.939753  3.7302  4.5358 -0.2505  7.8569  5.9142  5.2493  5.0902  5.0442
  46  0.952664  3.7344  4.5271 -0.2191  7.6975  5.8093  5.1650  5.0130  4.9725
  47  0.965581  3.7385  4.5181 -0.1878  7.5420  5.7072  5.0820  4.9367  4.9014
  48  0.978557  3.7425  4.5086 -0.1567  7.3911  5.6067  5.0001  4.8613  4.8308
  49  0.991650  3.7463  4.4985 -0.1255  7.2447  5.5071  4.9187  4.7861  4.7604
  50  1.003712  3.7498  4.4887 -0.0967  7.1136  5.4166  4.8442  4.7171  4.6955
  51  1.015406  3.7530  4.4787 -0.0687  6.9900  5.3300  4.7723  4.6501  4.6325
  52  1.021882  3.7547  4.4731 -0.0534  6.9235  5.2831  4.7331  4.6137  4.5981
  53  1.029355  3.7567  4.4667 -0.0360  6.8485  5.2300  4.6889  4.5725  4.5593
  54  1.038975  3.7591  4.4585 -0.0142  6.7541  5.1630  4.6330  4.5203  4.5101
  55  1.067500  3.7658  4.4315  0.0513  6.4798  4.9648  4.4661  4.3641  4.3620
  56  1.082955  3.7692  4.4171  0.0852  6.3441  4.8642  4.3807  4.2838  4.2857
  57  1.080416  3.7687  4.4190  0.0804  6.3688  4.8806  4.3943  4.2965  4.2977
  58  1.086097  3.7700  4.4130  0.0938  6.3172  4.8417  4.3609  4.2652  4.2678
  59  1.091280  3.7711  4.4073  0.1061  6.2702  4.8059  4.3300  4.2360  4.2400
  60  1.096801  3.7722  4.4012  0.1190  6.2217  4.7686  4.2977  4.2055  4.2107
  61  1.104248  3.7737  4.3934  0.1355  6.1601  4.7211  4.2567  4.1666  4.1736
  62  1.155133  3.7814  4.3413  0.2376  5.7954  4.4299  4.0043  3.9265  3.9429
  63  1.166906  3.7833  4.3291  0.2611  5.7126  4.3638  3.9467  3.8714  3.8898
  64  1.181705  3.7849  4.3125  0.2898  5.6220  4.2863  3.8750  3.8020  3.8221
  65  1.194020  3.7861  4.2979  0.3137  5.5492  4.2223  3.8155  3.7442  3.7656
  66  1.203284  3.7870  4.2870  0.3314  5.4952  4.1749  3.7717  3.7017  3.7241
  67  1.209928  3.7877  4.2790  0.3443  5.4551  4.1401  3.7398  3.6708  3.6939
  68  1.215855  3.7882  4.2717  0.3558  5.4194  4.1090  3.7114  3.6433  3.6670
  69  1.221088  3.7886  4.2649  0.3660  5.3879  4.0815  3.6863  3.6187  3.6429
  70  1.225834  3.7889  4.2586  0.3753  5.3597  4.0567  3.6635  3.5963  3.6208
  71  1.230305  3.7892  4.2523  0.3842  5.3340  4.0336  3.6418  3.5750  3.5998
  72  1.234686  3.7895  4.2462  0.3927  5.3100  4.0117  3.6207  3.5539  3.5788
  73  1.239190  3.7897  4.2399  0.4013  5.2860  3.9895  3.5992  3.5326  3.5576
  74  1.243874  3.7899  4.2335  0.4102  5.2616  3.9670  3.5773  3.5108  3.5359
  75  1.248315  3.7900  4.2272  0.4186  5.2388  3.9457  3.5564  3.4899  3.5150
  76  1.252891  3.7902  4.2208  0.4271  5.2159  3.9242  3.5353  3.4687  3.4937
  77  1.257890  3.7904  4.2140  0.4363  5.1914  3.9012  3.5126  3.4459  3.4709
  78  1.264200  3.7907  4.2063  0.4478  5.1600  3.8724  3.4842  3.4176  3.4427
  79  1.313768  3.7958  4.1478  0.5449  4.8706  3.6108  3.2440  3.1858  3.2169
  80  1.321804  3.7957  4.1369  0.5577  4.8392  3.5786  3.2123  3.1540  3.1850
  81  1.336764  3.7956  4.1168  0.5824  4.7775  3.5159  3.1508  3.0927  3.1238
  82  1.353094  3.7954  4.0934  0.6108  4.7075  3.4443  3.0802  3.0224  3.0535
  83  1.367175  3.7955  4.0754  0.6337  4.6489  3.3855  3.0230  2.9656  2.9970
  84  1.379356  3.7957  4.0609  0.6529  4.5992  3.3363  2.9754  2.9186  2.9503
  85  1.390262  3.7958  4.0477  0.6697  4.5560  3.2931  2.9334  2.8770  2.9087
  86  1.399836  3.7956  4.0350  0.6845  4.5213  3.2566  2.8965  2.8399  2.8715
  87  1.408505  3.7951  4.0225  0.6979  4.4919  3.2240  2.8628  2.8056  2.8368
  88  1.416256  3.7944  4.0104  0.7099  4.4682  3.1958  2.8323  2.7744  2.8050
  89  1.422898  3.7937  3.9992  0.7201  4.4507  3.1726  2.8061  2.7472  2.7769
  90  1.428732  3.7929  3.9886  0.7290  4.4388  3.1536  2.7831  2.7230  2.7517
  91  1.433979  3.7919  3.9788  0.7368  4.4309  3.1377  2.7628  2.7014  2.7291
  92  1.438779  3.7910  3.9698  0.7437  4.4256  3.1243  2.7447  2.6819  2.7086
  93  1.443060  3.7900  3.9613  0.7495  4.4241  3.1138  2.7289  2.6646  2.6901
  94  1.446948  3.7890  3.9532  0.7547  4.4250  3.1053  2.7151  2.6492  2.6737
  95  1.450576  3.7880  3.9457  0.7593  4.4267  3.0978  2.7025  2.6351  2.6583
  96  1.453947  3.7869  3.9381  0.7635  4.4292  3.0915  2.6912  2.6223  2.6442
  97  1.457202  3.7859  3.9306  0.7677  4.4305  3.0852  2.6808  2.6102  2.6309
  98  1.460414  3.7848  3.9233  0.7718  4.4307  3.0787  2.6706  2.5984  2.6179
  99  1.463605  3.7837  3.9159  0.7760  4.4285  3.0714  2.6608  2.5870  2.6052
 100  1.466811  3.7827  3.9086  0.7804  4.4251  3.0634  2.6504  2.5752  2.5922
 101  1.469968  3.7819  3.9014  0.7852  4.4197  3.0541  2.6392  2.5627  2.5787
 102  1.472915  3.7813  3.8946  0.7901  4.4126  3.0438  2.6274  2.5499  2.5651
 103  1.475417  3.7809  3.8888  0.7950  4.4039  3.0330  2.6157  2.5375  2.5522
 104  1.477371  3.7806  3.8841  0.7994  4.3942  3.0223  2.6048  2.5263  2.5407
 105  1.478908  3.7805  3.8802  0.8035  4.3843  3.0122  2.5946  2.5160  2.5304
 106  1.479808  3.7807  3.8776  0.8065  4.3761  3.0043  2.5869  2.5084  2.5228
 107  1.480528  3.7807  3.8753  0.8094  4.3683  2.9967  2.5796  2.5013  2.5157
 108  1.481334  3.7809  3.8730  0.8128  4.3584  2.9875  2.5710  2.4930  2.5078
 109  1.482036  3.7812  3.8709  0.8160  4.3484  2.9785  2.5626  2.4850  2.5001
 110  1.482643  3.7814  3.8690  0.8192  4.3389  2.9698  2.5545  2.4774  2.4927
 111  1.483174  3.7817  3.8672  0.8222  4.3292  2.9611  2.5465  2.4699  2.4857
 112  1.483403  3.7819  3.8665  0.8237  4.3245  2.9571  2.5429  2.4665  2.4824
 113  1.483635  3.7820  3.8656  0.8252  4.3192  2.9525  2.5387  2.4626  2.4787
 114  1.483867  3.7822  3.8649  0.8268  4.3143  2.9482  2.5348  2.4590  2.4752
 115  1.484099  3.7824  3.8640  0.8284  4.3088  2.9433  2.5305  2.4549  2.4714
 116  1.484322  3.7826  3.8631  0.8303  4.3022  2.9377  2.5254  2.4503  2.4672
 117  1.484537  3.7829  3.8622  0.8322  4.2959  2.9323  2.5207  2.4459  2.4630
 118  1.484753  3.7832  3.8613  0.8343  4.2888  2.9262  2.5152  2.4410  2.4584
 119  1.484968  3.7835  3.8604  0.8365  4.2809  2.9195  2.5095  2.4356  2.4535
 120  1.485178  3.7838  3.8594  0.8389  4.2725  2.9124  2.5033  2.4300  2.4482
 121  1.485385  3.7842  3.8583  0.8417  4.2625  2.9040  2.4960  2.4234  2.4422
 122  1.485590  3.7846  3.8572  0.8446  4.2517  2.8954  2.4887  2.4168  2.4360
 123  1.485791  3.7851  3.8561  0.8477  4.2390  2.8855  2.4808  2.4096  2.4295
 124  1.485985  3.7856  3.8549  0.8511  4.2254  2.8752  2.4725  2.4022  2.4227
 125  1.486173  3.7862  3.8536  0.8548  4.2100  2.8636  2.4632  2.3939  2.4151
 126  1.486351  3.7869  3.8523  0.8588  4.1932  2.8510  2.4535  2.3851  2.4070
 127  1.486517  3.7876  3.8507  0.8633  4.1734  2.8369  2.4428  2.3757  2.3984
 128  1.486666  3.7883  3.8491  0.8681  4.1517  2.8215  2.4314  2.3654  2.3890
 129  1.486799  3.7892  3.8471  0.8734  4.1277  2.8046  2.4189  2.3542  2.3788
 130  1.486916  3.7901  3.8452  0.8790  4.1025  2.7869  2.4058  2.3425  2.3681
 131  1.487018  3.7911  3.8431  0.8849  4.0761  2.7681  2.3919  2.3301  2.3568
 132  1.487101  3.7920  3.8408  0.8910  4.0496  2.7487  2.3772  2.3169  2.3447
 133  1.487170  3.7930  3.8384  0.8974  4.0227  2.7287  2.3621  2.3033  2.3323
 134  1.487226  3.7940  3.8359  0.9039  3.9959  2.7085  2.3465  2.2893  2.3195
 135  1.487271  3.7950  3.8332  0.9104  3.9707  2.6884  2.3302  2.2747  2.3061
 136  1.487307  3.7960  3.8305  0.9171  3.9469  2.6684  2.3135  2.2596  2.2920
 137  1.487334  3.7969  3.8276  0.9238  3.9237  2.6484  2.2964  2.2442  2.2778
 138  1.487354  3.7978  3.8244  0.9306  3.9012  2.6287  2.2793  2.2287  2.2633
 139  1.487369  3.7987  3.8212  0.9374  3.8789  2.6088  2.2621  2.2129  2.2486
 140  1.487381  3.7996  3.8178  0.9442  3.8567  2.5892  2.2449  2.1971  2.2338
 141  1.487392  3.8004  3.8143  0.9510  3.8345  2.5693  2.2276  2.1812  2.2189
 142  1.487423  3.8013  3.8109  0.9578  3.8123  2.5496  2.2104  2.1655  2.2042
 143  1.487441  3.8015  3.8109  0.9589  3.8074  2.5463  2.2076  2.1630  2.2020
 144  1.487463  3.8017  3.8110  0.9594  3.8040  2.5448  2.2064  2.1619  2.2010
 145  1.487476  3.8010  3.8163  0.9516  3.8286  2.5666  2.2256  2.1802  2.2185
 146  1.487466  3.8002  3.8213  0.9433  3.8564  2.5902  2.2461  2.1993  2.2368
 147  1.487459  3.7993  3.8253  0.9357  3.8824  2.6122  2.2649  2.2166  2.2531
 148  1.487481  3.7974  3.8238  0.9299  3.9095  2.6325  2.2790  2.2279  2.2623
 149  1.487502  3.7959  3.8190  0.9284  3.9247  2.6413  2.2829  2.2293  2.2617
 150  1.487548  3.7935  3.8095  0.9283  3.9434  2.6492  2.2840  2.2264  2.2560
 151  1.487621  3.7910  3.7928  0.9350  3.9487  2.6403  2.2672  2.2059  2.2325
 152  1.487736  3.7888  3.7776  0.9414  3.9581  2.6323  2.2500  2.1853  2.2095
 153  1.487907  3.7864  3.7643  0.9453  3.9777  2.6320  2.2390  2.1707  2.1921
 154  1.488132  3.7842  3.7537  0.9470  4.0006  2.6371  2.2341  2.1621  2.1809
 155  1.488371  3.7825  3.7469  0.9472  4.0169  2.6431  2.2340  2.1594  2.1760
 156  1.488606  3.7812  3.7424  0.9468  4.0293  2.6487  2.2354  2.1587  2.1739
 157  1.488838  3.7802  3.7386  0.9464  4.0402  2.6538  2.2369  2.1585  2.1723
 158  1.489070  3.7792  3.7353  0.9460  4.0506  2.6586  2.2383  2.1584  2.1711
 159  1.489301  3.7784  3.7322  0.9454  4.0610  2.6634  2.2399  2.1585  2.1701
 160  1.489534  3.7775  3.7293  0.9449  4.0730  2.6685  2.2412  2.1584  2.1690
 161  1.489766  3.7766  3.7265  0.9443  4.0860  2.6739  2.2425  2.1583  2.1678
 162  1.490527  3.7740  3.7181  0.9424  4.1276  2.6911  2.2463  2.1580  2.1642
 163  1.491262  3.7711  3.7102  0.9390  4.1772  2.7131  2.2538  2.1609  2.1637
 164  1.491974  3.7680  3.7031  0.9342  4.2293  2.7391  2.2662  2.1683  2.1674
 165  1.492648  3.7648  3.6968  0.9277  4.2875  2.7700  2.2833  2.1802  2.1754
 166  1.493273  3.7615  3.6917  0.9196  4.3538  2.8059  2.3049  2.1963  2.1875
 167  1.493840  3.7581  3.6878  0.9100  4.4270  2.8465  2.3305  2.2165  2.2034
 168  1.494352  3.7546  3.6850  0.8991  4.5050  2.8907  2.3597  2.2400  2.2227
 169  1.494815  3.7512  3.6834  0.8873  4.5856  2.9378  2.3916  2.2662  2.2446
 170  1.495241  3.7478  3.6823  0.8748  4.6693  2.9866  2.4252  2.2944  2.2686
 171  1.495637  3.7444  3.6819  0.8620  4.7556  3.0367  2.4604  2.3241  2.2940
 172  1.496016  3.7411  3.6817  0.8488  4.8440  3.0882  2.4966  2.3547  2.3203
 173  1.496384  3.7377  3.6815  0.8355  4.9345  3.1409  2.5336  2.3859  2.3471
 174  1.496753  3.7341  3.6808  0.8222  5.0279  3.1949  2.5710  2.4174  2.3739
 175  1.497135  3.7304  3.6792  0.8091  5.1261  3.2499  2.6088  2.4487  2.4003
 176  1.497549  3.7264  3.6759  0.7964  5.2308  3.3065  2.6465  2.4795  2.4257
 177  1.498046  3.7218  3.6692  0.7845  5.3466  3.3654  2.6836  2.5085  2.4482
 178  1.498687  3.7162  3.6538  0.7778  5.4698  3.4190  2.7109  2.5257  2.4577
 179  1.499366  3.7107  3.6287  0.7813  5.5674  3.4475  2.7136  2.5184  2.4426
 180  1.499940  3.7068  3.6019  0.7929  5.6160  3.4457  2.6938  2.4913  2.4098
 181  1.500360  3.7044  3.5787  0.8067  5.6279  3.4275  2.6649  2.4580  2.3729
 182  1.500874  3.7020  3.5496  0.8261  5.6281  3.3966  2.6227  2.4110  2.3221
 183  1.501358  3.7000  3.5209  0.8470  5.6153  3.3586  2.5758  2.3602  2.2683
 184  1.501824  3.6983  3.4925  0.8687  5.5952  3.3170  2.5264  2.3075  2.2128
 185  1.502280  3.6968  3.4645  0.8908  5.5703  3.2730  2.4755  2.2536  2.1565
 186  1.502729  3.6954  3.4368  0.9131  5.5427  3.2276  2.4238  2.1990  2.0996
 187  1.503176  3.6941  3.4093  0.9355  5.5128  3.1812  2.3714  2.1441  2.0427
 188  1.503620  3.6929  3.3822  0.9579  5.4812  3.1344  2.3190  2.0891  1.9858
 189  1.504065  3.6918  3.3554  0.9804  5.4481  3.0873  2.2665  2.0342  1.9290
 190  1.504510  3.6906  3.3285  1.0026  5.4150  3.0402  2.2142  1.9795  1.8724
 191  1.504957  3.6896  3.3021  1.0249  5.3813  2.9933  2.1620  1.9250  1.8160
 192  1.505403  3.6886  3.2760  1.0471  5.3463  2.9457  2.1097  1.8706  1.7599
 193  1.505852  3.6875  3.2499  1.0692  5.3123  2.8988  2.0579  1.8166  1.7041
 194  1.506302  3.6865  3.2240  1.0912  5.2785  2.8520  2.0064  1.7628  1.6487
 195  1.506753  3.6855  3.1981  1.1131  5.2449  2.8055  1.9551  1.7093  1.5934
 196  1.507206  3.6844  3.1725  1.1348  5.2124  2.7595  1.9041  1.6561  1.5384
 197  1.507659  3.6835  3.1470  1.1565  5.1797  2.7133  1.8533  1.6030  1.4838
 198  1.508114  3.6824  3.1213  1.1781  5.1498  2.6684  1.8031  1.5505  1.4295
 199  1.508569  3.6814  3.0960  1.1996  5.1182  2.6228  1.7527  1.4979  1.3752
 200  1.509024  3.6804  3.0705  1.2210  5.0882  2.5779  1.7028  1.4456  1.3212
 201  1.509480  3.6794  3.0453  1.2425  5.0581  2.5330  1.6529  1.3936  1.2674
 202  1.509937  3.6784  3.0201  1.2638  5.0281  2.4883  1.6033  1.3417  1.2138
 203  1.510393  3.6774  2.9949  1.2850  4.9996  2.4443  1.5541  1.2900  1.1603
 204  1.510849  3.6763  2.9695  1.3062  4.9718  2.4005  1.5051  1.2384  1.1070
 205  1.511305  3.6752  2.9442  1.3273  4.9445  2.3571  1.4562  1.1871  1.0537
 206  1.511761  3.6742  2.9188  1.3485  4.9176  2.3139  1.4074  1.1358  1.0006
 207  1.512214  3.6730  2.8934  1.3697  4.8910  2.2707  1.3587  1.0844  0.9474
 208  1.512666  3.6719  2.8680  1.3909  4.8646  2.2276  1.3100  1.0331  0.8942
 209  1.513116  3.6709  2.8423  1.4121  4.8395  2.1849  1.2615  0.9818  0.8409
 210  1.513566  3.6697  2.8167  1.4334  4.8147  2.1424  1.2131  0.9306  0.7877
 211  1.514013  3.6686  2.7911  1.4546  4.7900  2.0999  1.1645  0.8793  0.7344
 212  1.514459  3.6674  2.7653  1.4759  4.7658  2.0575  1.1161  0.8281  0.6810
 213  1.514903  3.6662  2.7395  1.4972  4.7421  2.0154  1.0678  0.7768  0.6277
 214  1.515347  3.6651  2.7137  1.5184  4.7189  1.9734  1.0197  0.7257  0.5746
 215  1.515791  3.6639  2.6880  1.5397  4.6961  1.9317  0.9718  0.6747  0.5215
 216  1.516230  3.6627  2.6620  1.5610  4.6737  1.8900  0.9237  0.6236  0.4681
 217  1.516306  3.6625  2.6575  1.5647  4.6697  1.8827  0.9153  0.6147  0.4588
 218  1.516382  3.6623  2.6529  1.5684  4.6660  1.8755  0.9070  0.6058  0.4496
 219  1.516456  3.6621  2.6484  1.5722  4.6619  1.8681  0.8986  0.5968  0.4403
 220  1.516531  3.6619  2.6438  1.5759  4.6582  1.8609  0.8902  0.5879  0.4309
 221  1.516606  3.6617  2.6393  1.5797  4.6541  1.8535  0.8817  0.5789  0.4215
 222  1.516680  3.6615  2.6347  1.5834  4.6503  1.8463  0.8734  0.5699  0.4121
 223  1.516754  3.6613  2.6301  1.5871  4.6464  1.8390  0.8649  0.5609  0.4028
 224  1.516828  3.6611  2.6255  1.5909  4.6425  1.8316  0.8565  0.5520  0.3934
 225  1.516902  3.6609  2.6210  1.5947  4.6388  1.8244  0.8481  0.5431  0.3842
 226  1.516978  3.6607  2.6165  1.5983  4.6348  1.8171  0.8397  0.5341  0.3748
 227  1.517690  3.6587  2.5745  1.6327  4.6000  1.7503  0.7626  0.4520  0.2891
 228  1.518377  3.6572  2.5427  1.6588  4.5730  1.6992  0.7038  0.3894  0.2240
 229  1.519048  3.6573  2.5414  1.6606  4.5657  1.6927  0.6978  0.3842  0.2192
 230  1.519787  3.6594  2.5801  1.6307  4.5828  1.7450  0.7622  0.4545  0.2935
 231  1.520660  3.6592  2.5730  1.6375  4.5723  1.7314  0.7476  0.4387  0.2770
 232  1.521563  3.6553  2.4944  1.7006  4.5190  1.6141  0.6092  0.2891  0.1197
 233  1.522347  3.6513  2.4155  1.7638  4.4693  1.4985  0.4717  0.1401 -0.0373
 234  1.523032  3.6474  2.3395  1.8242  4.4257  1.3900  0.3418 -0.0018 -0.1871
 235  1.523631  3.6435  2.2655  1.8828  4.3860  1.2869  0.2177 -0.1384 -0.3320
 236  1.524148  3.6398  2.1964  1.9374  4.3515  1.1928  0.1039 -0.2648 -0.4668
 237  1.524616  3.6362  2.1280  1.9912  4.3198  1.1024 -0.0061 -0.3887 -0.5996
 238  1.525020  3.6326  2.0633  2.0419  4.2912  1.0185 -0.1083 -0.5046 -0.7244
 239  1.525387  3.6291  1.9989  2.0921  4.2641  0.9372 -0.2075 -0.6186 -0.8480
 240  1.525714  3.6255  1.9354  2.1413  4.2394  0.8597 -0.3019 -0.7293 -0.9689
 241  1.526004  3.6219  1.8732  2.1892  4.2170  0.7865 -0.3910 -0.8358 -1.0864
 242  1.526268  3.6183  1.8116  2.2365  4.1949  0.7165 -0.4764 -0.9401 -1.2024
 243  1.526504  3.6147  1.7515  2.2825  4.1736  0.6508 -0.5564 -1.0402 -1.3149
 244  1.526716  3.6113  1.6929  2.3272  4.1526  0.5892 -0.6308 -1.1364 -1.4243
 245  1.526908  3.6078  1.6353  2.3710  4.1321  0.5307 -0.7009 -1.2299 -1.5315
 246  1.527082  3.6044  1.5793  2.4135  4.1120  0.4761 -0.7652 -1.3195 -1.6355
 247  1.527239  3.6011  1.5245  2.4550  4.0916  0.4250 -0.8246 -1.4058 -1.7369
 248  1.527383  3.5977  1.4706  2.4956  4.0701  0.3780 -0.8791 -1.4889 -1.8358
 249  1.527514  3.5944  1.4179  2.5352  4.0492  0.3355 -0.9275 -1.5683 -1.9319
 250  1.527633  3.5912  1.3663  2.5738  4.0288  0.2972 -0.9694 -1.6443 -2.0255
 251  1.527743  3.5879  1.3155  2.6117  4.0083  0.2622 -1.0057 -1.7177 -2.1175
 252  1.527844  3.5848  1.2660  2.6486  3.9879  0.2308 -1.0356 -1.7877 -2.2068
 253  1.527937  3.5817  1.2176  2.6847  3.9666  0.2032 -1.0603 -1.8546 -2.2936
 254  1.528022  3.5786  1.1701  2.7198  3.9450  0.1797 -1.0792 -1.9185 -2.3779
 255  1.528101  3.5757  1.1240  2.7540  3.9238  0.1607 -1.0898 -1.9788 -2.4595
 256  1.528174  3.5727  1.0786  2.7876  3.9030  0.1468 -1.0924 -2.0358 -2.5391
 257  1.528241  3.5698  1.0342  2.8203  3.8834  0.1370 -1.0899 -2.0896 -2.6163
 258  1.528304  3.5668  0.9909  2.8521  3.8655  0.1333 -1.0808 -2.1392 -2.6901
 259  1.528362  3.5640  0.9483  2.8832  3.8518  0.1344 -1.0721 -2.1856 -2.7610
 260  1.528417  3.5611  0.9064  2.9137  3.8402  0.1417 -1.0587 -2.2282 -2.8288
 261  1.528467  3.5583  0.8658  2.9432  3.8287  0.1556 -1.0363 -2.2666 -2.8934
 262  1.528515  3.5556  0.8256  2.9722  3.8164  0.1780 -1.0011 -2.3000 -2.9551
 263  1.528560  3.5528  0.7862  3.0006  3.8016  0.2155 -0.9382 -2.3267 -3.0138
 264  1.528601  3.5502  0.7479  3.0283  3.7800  0.2580 -0.8568 -2.3499 -3.0697
 265  1.528640  3.5475  0.7101  3.0554  3.7575  0.3078 -0.7649 -2.3681 -3.1221
 266  1.528677  3.5448  0.6732  3.0819  3.7361  0.3640 -0.6674 -2.3813 -3.1707
 267  1.528712  3.5422  0.6369  3.1077  3.7145  0.4281 -0.5634 -2.3881 -3.2150
 268  1.528744  3.5397  0.6014  3.1330  3.6943  0.5078 -0.4549 -2.3829 -3.2513
 269  1.528775  3.5372  0.5668  3.1577  3.6734  0.5981 -0.3426 -2.3694 -3.2817
 270  1.528804  3.5347  0.5329  3.1817  3.6519  0.6975 -0.2227 -2.3494 -3.3076
 271  1.528832  3.5322  0.4995  3.2053  3.6269  0.8023 -0.0948 -2.3241 -3.3296
 272  1.528858  3.5298  0.4669  3.2282  3.6037  0.9070  0.0243 -2.2964 -3.3483
 273  1.528883  3.5274  0.4347  3.2507  3.5859  1.0043  0.1269 -2.2701 -3.3657
 274  1.528907  3.5251  0.4034  3.2727  3.5734  1.0907  0.2078 -2.2466 -3.3821
 275  1.528929  3.5228  0.3727  3.2941  3.5644  1.1756  0.2803 -2.2216 -3.3958
 276  1.528951  3.5205  0.3428  3.3150  3.5605  1.2600  0.3402 -2.1942 -3.4055
 277  1.528943  3.5183  0.3138  3.3351  3.5592  1.3390  0.3876 -2.1673 -3.4133
