#NUMBER OF AGES= 1
#----------------------------------------------------       
#MIX-LEN  Y      Z          Zeff        [Fe/H] [a/Fe]
# 1.9380  0.2846 2.4865E-02 2.4865E-02   0.20   0.00 
#----------------------------------------------------       
#**PHOTOMETRIC SYSTEM**: SDSS (AB)                          
#----------------------------------------------------       
#AGE= 3.250 EEPS=272
#EEP   M/Mo    LogTeff  LogG   LogL/Lo sdss_u  sdss_g  sdss_r  sdss_i  sdss_z
   7  0.112224  3.5006  5.2435 -2.7995 17.9469 14.8828 13.3878 12.0782 11.3206
   8  0.132816  3.5005  5.1742 -2.6575 17.5456 14.5232 13.0360 11.7269 10.9680
   9  0.167421  3.5028  5.0968 -2.4707 16.9686 14.0104 12.5399 11.2494 10.4996
  10  0.217070  3.5101  5.0364 -2.2677 16.2513 13.3766 11.9386 10.7023  9.9827
  11  0.254638  3.5153  4.9998 -2.1414 15.8087 12.9801 11.5640 10.3613  9.6617
  12  0.284770  3.5191  4.9750 -2.0526 15.5014 12.7013 11.3012 10.1218  9.4367
  13  0.301864  3.5212  4.9592 -2.0032 15.3339 12.5485 11.1574  9.9896  9.3121
  14  0.310407  3.5222  4.9519 -1.9797 15.2538 12.4749 11.0884  9.9262  9.2525
  15  0.316418  3.5229  4.9456 -1.9625 15.1976 12.4234 11.0397  9.8809  9.2094
  16  0.320651  3.5234  4.9396 -1.9490 15.1541 12.3836 11.0022  9.8455  9.1754
  17  0.324527  3.5238  4.9338 -1.9362 15.1137 12.3468 10.9675  9.8124  9.1437
  18  0.328970  3.5242  4.9276 -1.9223 15.0688 12.3058 10.9289  9.7759  9.1086
  19  0.332964  3.5247  4.9234 -1.9110 15.0318 12.2717 10.8969  9.7461  9.0804
  20  0.333699  3.5244  4.9258 -1.9139 15.0453 12.2830 10.9066  9.7545  9.0876
  21  0.336112  3.5252  4.9282 -1.9095 15.0196 12.2593 10.8858  9.7390  9.0758
  22  0.361000  3.5284  4.9041 -1.8424 14.7951 12.0529 10.6938  9.5597  8.9069
  23  0.396900  3.5342  4.8719 -1.7496 14.4824 11.7568 10.4195  9.3089  8.6749
  24  0.470005  3.5477  4.8150 -1.5610 13.8299 11.1305  9.8295  8.7893  8.2044
  25  0.490296  3.5527  4.7972 -1.5044 13.6371 10.9362  9.6461  8.6295  8.0640
  26  0.505654  3.5569  4.7835 -1.4606 13.4886 10.7828  9.4996  8.5052  7.9558
  27  0.518183  3.5606  4.7722 -1.4242 13.3657 10.6533  9.3748  8.4018  7.8667
  28  0.528603  3.5638  4.7630 -1.3936 13.2620 10.5420  9.2664  8.3145  7.7922
  29  0.537787  3.5666  4.7548 -1.3663 13.1701 10.4423  9.1687  8.2368  7.7263
  30  0.547906  3.5698  4.7458 -1.3367 13.0706 10.3336  9.0620  8.1521  7.6545
  31  0.561538  3.5745  4.7347 -1.2961 12.9346 10.1815  8.9122  8.0345  7.5566
  32  0.580691  3.5815  4.7200 -1.2388 12.7398  9.9577  8.6891  7.8647  7.4185
  33  0.604707  3.5907  4.7026 -1.1670 12.4883  9.6638  8.3914  7.6465  7.2461
  34  0.612964  3.5928  4.6920 -1.1406 12.4455  9.5888  8.3170  7.5792  7.1840
  35  0.637257  3.6033  4.6775 -1.0679 12.1848  9.2767  8.0047  7.3549  7.0116
  36  0.735886  3.6462  4.6330 -0.7927 10.8710  8.0662  6.9321  6.5353  6.3430
  37  0.757077  3.6557  4.6226 -0.7314 10.5790  7.8063  6.7141  6.3610  6.1950
  38  0.783028  3.6679  4.6112 -0.6558 10.1732  7.4764  6.4472  6.1457  6.0104
  39  0.846636  3.6966  4.5852 -0.4797  9.1145  6.7412  5.8934  5.6690  5.5776
  40  0.860471  3.7020  4.5783 -0.4443  8.9128  6.6065  5.7904  5.5776  5.4936
  41  0.873554  3.7070  4.5716 -0.4109  8.7268  6.4823  5.6950  5.4924  5.4151
  42  0.885502  3.7115  4.5652 -0.3805  8.5582  6.3707  5.6086  5.4150  5.3439
  43  0.897195  3.7159  4.5585 -0.3508  8.3953  6.2635  5.5250  5.3399  5.2748
  44  0.909200  3.7202  4.5514 -0.3205  8.2308  6.1565  5.4409  5.2639  5.2047
  45  0.921548  3.7246  4.5438 -0.2897  8.0657  6.0495  5.3561  5.1870  5.1335
  46  0.934053  3.7288  4.5356 -0.2586  7.9039  5.9435  5.2717  5.1102  5.0623
  47  0.946575  3.7329  4.5271 -0.2277  7.7467  5.8398  5.1885  5.0342  4.9918
  48  0.959126  3.7370  4.5183 -0.1970  7.5929  5.7389  5.1066  4.9589  4.9216
  49  0.971718  3.7409  4.5088 -0.1664  7.4434  5.6397  5.0257  4.8843  4.8518
  50  0.984419  3.7447  4.4989 -0.1356  7.2981  5.5413  4.9454  4.8102  4.7824
  51  0.996751  3.7483  4.4888 -0.1058  7.1617  5.4475  4.8682  4.7387  4.7153
  52  1.002662  3.7500  4.4837 -0.0915  7.0976  5.4028  4.8313  4.7044  4.6830
  53  1.008397  3.7515  4.4787 -0.0775  7.0360  5.3597  4.7954  4.6710  4.6515
  54  1.014164  3.7531  4.4735 -0.0636  6.9751  5.3167  4.7595  4.6376  4.6200
  55  1.020228  3.7547  4.4680 -0.0490  6.9122  5.2721  4.7223  4.6028  4.5873
  56  1.026996  3.7565  4.4619 -0.0330  6.8437  5.2234  4.6814  4.5647  4.5513
  57  1.035156  3.7586  4.4547 -0.0142  6.7629  5.1658  4.6333  4.5198  4.5089
  58  1.051067  3.7624  4.4402  0.0222  6.6086  5.0553  4.5405  4.4331  4.4267
  59  1.077275  3.7682  4.4137  0.0826  6.3644  4.8751  4.3874  4.2891  4.2899
  60  1.086292  3.7701  4.4047  0.1027  6.2863  4.8163  4.3371  4.2416  4.2446
  61  1.082696  3.7694  4.4076  0.0959  6.3188  4.8386  4.3557  4.2591  4.2612
  62  1.088121  3.7706  4.4015  0.1088  6.2699  4.8012  4.3234  4.2287  4.2321
  63  1.093302  3.7716  4.3954  0.1212  6.2239  4.7656  4.2924  4.1993  4.2040
  64  1.099219  3.7728  4.3886  0.1349  6.1732  4.7263  4.2583  4.1669  4.1729
  65  1.107930  3.7744  4.3793  0.1538  6.1043  4.6723  4.2111  4.1221  4.1299
  66  1.153024  3.7806  4.3304  0.2441  5.7924  4.4179  3.9872  3.9079  3.9232
  67  1.163056  3.7820  4.3196  0.2644  5.7201  4.3602  3.9375  3.8604  3.8775
  68  1.174546  3.7834  4.3063  0.2872  5.6431  4.2969  3.8818  3.8069  3.8255
  69  1.187371  3.7846  4.2903  0.3125  5.5631  4.2284  3.8197  3.7467  3.7666
  70  1.198471  3.7855  4.2764  0.3339  5.4983  4.1713  3.7669  3.6951  3.7160
  71  1.206703  3.7861  4.2662  0.3494  5.4513  4.1297  3.7284  3.6576  3.6792
  72  1.213058  3.7865  4.2580  0.3615  5.4146  4.0973  3.6985  3.6284  3.6504
  73  1.218467  3.7869  4.2507  0.3721  5.3830  4.0695  3.6729  3.6032  3.6256
  74  1.223238  3.7870  4.2439  0.3814  5.3556  4.0450  3.6501  3.5807  3.6034
  75  1.227640  3.7872  4.2375  0.3900  5.3304  4.0222  3.6289  3.5597  3.5825
  76  1.231981  3.7873  4.2311  0.3985  5.3077  4.0011  3.6082  3.5389  3.5617
  77  1.236397  3.7874  4.2244  0.4069  5.2860  3.9802  3.5874  3.5180  3.5407
  78  1.240990  3.7874  4.2176  0.4154  5.2652  3.9594  3.5660  3.4964  3.5190
  79  1.245580  3.7874  4.2105  0.4238  5.2468  3.9394  3.5447  3.4747  3.4970
  80  1.249973  3.7873  4.2034  0.4319  5.2304  3.9207  3.5241  3.4536  3.4756
  81  1.254471  3.7872  4.1965  0.4402  5.2141  3.9018  3.5029  3.4319  3.4536
  82  1.257532  3.7872  4.1921  0.4458  5.2020  3.8886  3.4886  3.4173  3.4389
  83  1.261100  3.7874  4.1874  0.4522  5.1877  3.8734  3.4721  3.4008  3.4221
  84  1.265817  3.7875  4.1815  0.4606  5.1684  3.8533  3.4507  3.3792  3.4006
  85  1.313866  3.7911  4.1207  0.5531  4.9060  3.6082  3.2207  3.1554  3.1812
  86  1.318369  3.7908  4.1138  0.5601  4.8944  3.5924  3.2027  3.1370  3.1623
  87  1.324174  3.7904  4.1052  0.5692  4.8772  3.5712  3.1795  3.1133  3.1382
  88  1.333889  3.7899  4.0905  0.5850  4.8445  3.5333  3.1393  3.0725  3.0969
  89  1.348320  3.7888  4.0665  0.6097  4.7961  3.4751  3.0768  3.0088  3.0322
  90  1.361014  3.7883  4.0481  0.6302  4.7503  3.4249  3.0251  2.9567  2.9796
  91  1.371175  3.7880  4.0344  0.6459  4.7146  3.3864  2.9858  2.9172  2.9398
  92  1.380643  3.7877  4.0221  0.6602  4.6817  3.3512  2.9499  2.8810  2.9034
  93  1.389525  3.7873  4.0100  0.6735  4.6526  3.3189  2.9164  2.8472  2.8692
  94  1.397978  3.7868  3.9977  0.6861  4.6269  3.2891  2.8848  2.8148  2.8362
  95  1.406010  3.7860  3.9853  0.6981  4.6039  3.2612  2.8547  2.7837  2.8043
  96  1.413294  3.7851  3.9729  0.7090  4.5857  3.2369  2.8273  2.7551  2.7747
  97  1.419747  3.7841  3.9609  0.7188  4.5709  3.2158  2.8034  2.7296  2.7480
  98  1.425525  3.7829  3.9495  0.7274  4.5560  3.1969  2.7828  2.7074  2.7245
  99  1.430782  3.7818  3.9389  0.7352  4.5431  3.1801  2.7643  2.6873  2.7030
 100  1.435478  3.7808  3.9291  0.7424  4.5324  3.1651  2.7475  2.6688  2.6834
 101  1.439517  3.7799  3.9201  0.7489  4.5231  3.1516  2.7320  2.6521  2.6655
 102  1.442827  3.7791  3.9125  0.7547  4.5147  3.1392  2.7180  2.6370  2.6495
 103  1.445397  3.7787  3.9064  0.7598  4.5061  3.1278  2.7053  2.6236  2.6357
 104  1.447332  3.7784  3.9015  0.7644  4.4970  3.1173  2.6941  2.6121  2.6239
 105  1.448811  3.7784  3.8976  0.7685  4.4876  3.1072  2.6839  2.6018  2.6135
 106  1.449941  3.7785  3.8944  0.7722  4.4777  3.0976  2.6746  2.5926  2.6043
 107  1.450813  3.7786  3.8917  0.7756  4.4685  3.0887  2.6661  2.5842  2.5960
 108  1.451482  3.7788  3.8895  0.7787  4.4585  3.0800  2.6579  2.5765  2.5885
 109  1.452054  3.7790  3.8875  0.7818  4.4486  3.0713  2.6501  2.5690  2.5813
 110  1.452531  3.7792  3.8858  0.7848  4.4391  3.0630  2.6426  2.5619  2.5745
 111  1.452932  3.7795  3.8841  0.7877  4.4296  3.0548  2.6351  2.5549  2.5679
 112  1.453081  3.7797  3.8834  0.7890  4.4249  3.0509  2.6316  2.5516  2.5648
 113  1.453226  3.7799  3.8826  0.7906  4.4195  3.0463  2.6277  2.5479  2.5613
 114  1.453365  3.7801  3.8819  0.7920  4.4146  3.0422  2.6239  2.5444  2.5581
 115  1.453497  3.7802  3.8811  0.7936  4.4090  3.0374  2.6197  2.5406  2.5544
 116  1.453620  3.7804  3.8803  0.7954  4.4027  3.0323  2.6152  2.5364  2.5505
 117  1.453739  3.7807  3.8796  0.7970  4.3968  3.0273  2.6108  2.5323  2.5468
 118  1.453858  3.7810  3.8788  0.7990  4.3897  3.0215  2.6057  2.5277  2.5425
 119  1.453978  3.7813  3.8780  0.8010  4.3824  3.0154  2.6004  2.5229  2.5381
 120  1.454101  3.7817  3.8771  0.8033  4.3739  3.0083  2.5942  2.5173  2.5329
 121  1.454228  3.7821  3.8762  0.8061  4.3642  3.0003  2.5871  2.5109  2.5270
 122  1.454361  3.7825  3.8752  0.8088  4.3542  2.9918  2.5798  2.5043  2.5209
 123  1.454497  3.7830  3.8742  0.8119  4.3430  2.9824  2.5716  2.4970  2.5142
 124  1.454635  3.7835  3.8732  0.8152  4.3309  2.9724  2.5629  2.4892  2.5071
 125  1.454772  3.7841  3.8719  0.8189  4.3175  2.9613  2.5534  2.4805  2.4993
 126  1.454902  3.7848  3.8706  0.8229  4.3026  2.9490  2.5428  2.4711  2.4906
 127  1.455024  3.7855  3.8691  0.8274  4.2845  2.9351  2.5317  2.4611  2.4816
 128  1.455136  3.7864  3.8675  0.8322  4.2645  2.9201  2.5198  2.4505  2.4718
 129  1.455236  3.7872  3.8657  0.8373  4.2426  2.9037  2.5071  2.4391  2.4614
 130  1.455318  3.7880  3.8636  0.8431  4.2173  2.8855  2.4934  2.4267  2.4501
 131  1.455389  3.7890  3.8602  0.8502  4.1881  2.8639  2.4765  2.4113  2.4357
 132  1.455445  3.7900  3.8576  0.8566  4.1602  2.8437  2.4613  2.3977  2.4232
 133  1.455494  3.7909  3.8552  0.8628  4.1329  2.8243  2.4468  2.3847  2.4112
 134  1.455527  3.7919  3.8523  0.8695  4.1041  2.8031  2.4307  2.3701  2.3978
 135  1.455562  3.7928  3.8497  0.8760  4.0775  2.7832  2.4154  2.3563  2.3852
 136  1.455590  3.7937  3.8469  0.8823  4.0514  2.7634  2.3999  2.3424  2.3722
 137  1.455612  3.7946  3.8438  0.8888  4.0264  2.7438  2.3842  2.3281  2.3589
 138  1.455625  3.7953  3.8400  0.8957  4.0035  2.7239  2.3670  2.3121  2.3438
 139  1.455637  3.7961  3.8359  0.9032  3.9790  2.7023  2.3481  2.2946  2.3273
 140  1.455650  3.7969  3.8319  0.9105  3.9555  2.6815  2.3298  2.2777  2.3114
 141  1.455674  3.7978  3.8284  0.9171  3.9340  2.6623  2.3130  2.2622  2.2968
 142  1.455691  3.7981  3.8266  0.9203  3.9237  2.6531  2.3045  2.2544  2.2895
 143  1.455702  3.7982  3.8271  0.9201  3.9242  2.6536  2.3045  2.2546  2.2898
 144  1.455707  3.7981  3.8301  0.9169  3.9335  2.6623  2.3125  2.2624  2.2974
 145  1.455688  3.7973  3.8364  0.9073  3.9630  2.6889  2.3365  2.2850  2.3192
 146  1.455657  3.7964  3.8401  0.9000  3.9870  2.7100  2.3548  2.3019  2.3350
 147  1.455646  3.7949  3.8382  0.8957  4.0094  2.7259  2.3656  2.3101  2.3414
 148  1.455639  3.7932  3.8339  0.8932  4.0301  2.7377  2.3716  2.3135  2.3429
 149  1.455655  3.7911  3.8244  0.8943  4.0461  2.7416  2.3690  2.3076  2.3345
 150  1.455706  3.7885  3.8112  0.8971  4.0685  2.7442  2.3606  2.2954  2.3193
 151  1.455792  3.7863  3.7964  0.9032  4.0770  2.7370  2.3449  2.2761  2.2975
 152  1.455920  3.7842  3.7845  0.9068  4.0914  2.7364  2.3356  2.2636  2.2824
 153  1.456084  3.7822  3.7743  0.9089  4.1079  2.7395  2.3308  2.2555  2.2717
 154  1.456266  3.7805  3.7673  0.9094  4.1233  2.7447  2.3299  2.2519  2.2661
 155  1.456446  3.7793  3.7626  0.9092  4.1362  2.7501  2.3307  2.2507  2.2634
 156  1.456625  3.7782  3.7588  0.9089  4.1498  2.7554  2.3314  2.2497  2.2611
 157  1.456806  3.7773  3.7556  0.9084  4.1632  2.7605  2.3321  2.2490  2.2593
 158  1.456987  3.7765  3.7527  0.9080  4.1763  2.7657  2.3330  2.2485  2.2578
 159  1.457169  3.7757  3.7499  0.9074  4.1895  2.7708  2.3340  2.2482  2.2565
 160  1.457352  3.7748  3.7473  0.9069  4.2028  2.7761  2.3351  2.2480  2.2553
 161  1.457535  3.7741  3.7448  0.9062  4.2163  2.7817  2.3364  2.2481  2.2544
 162  1.458178  3.7714  3.7367  0.9039  4.2607  2.8002  2.3412  2.2486  2.2518
 163  1.458802  3.7684  3.7290  0.9001  4.3078  2.8227  2.3510  2.2537  2.2534
 164  1.459404  3.7654  3.7220  0.8948  4.3617  2.8501  2.3653  2.2629  2.2589
 165  1.459971  3.7620  3.7161  0.8877  4.4241  2.8829  2.3841  2.2764  2.2683
 166  1.460493  3.7586  3.7112  0.8790  4.4952  2.9211  2.4074  2.2942  2.2820
 167  1.460968  3.7551  3.7076  0.8688  4.5722  2.9637  2.4347  2.3159  2.2994
 168  1.461397  3.7516  3.7050  0.8576  4.6532  3.0099  2.4653  2.3408  2.3198
 169  1.461788  3.7481  3.7033  0.8454  4.7378  3.0585  2.4984  2.3681  2.3428
 170  1.462149  3.7446  3.7021  0.8327  4.8256  3.1088  2.5332  2.3972  2.3674
 171  1.462491  3.7411  3.7013  0.8196  4.9157  3.1606  2.5691  2.4275  2.3932
 172  1.462823  3.7376  3.7005  0.8064  5.0081  3.2138  2.6060  2.4584  2.4196
 173  1.463153  3.7339  3.6993  0.7931  5.1039  3.2684  2.6435  2.4897  2.4460
 174  1.463494  3.7301  3.6971  0.7802  5.2043  3.3241  2.6813  2.5207  2.4720
 175  1.463865  3.7259  3.6929  0.7676  5.3111  3.3811  2.7187  2.5509  2.4966
 176  1.464304  3.7212  3.6849  0.7568  5.4265  3.4383  2.7537  2.5777  2.5168
 177  1.464838  3.7159  3.6699  0.7504  5.5446  3.4894  2.7794  2.5939  2.5255
 178  1.465450  3.7103  3.6466  0.7520  5.6488  3.5234  2.7873  2.5916  2.5153
 179  1.465977  3.7063  3.6199  0.7628  5.7019  3.5244  2.7697  2.5664  2.4843
 180  1.466357  3.7039  3.5969  0.7764  5.7158  3.5073  2.7418  2.5339  2.4481
 181  1.466697  3.7021  3.5756  0.7904  5.7177  3.4857  2.7116  2.5001  2.4115
 182  1.467146  3.7000  3.5470  0.8105  5.7092  3.4506  2.6669  2.4513  2.3594
 183  1.467581  3.6982  3.5190  0.8317  5.6912  3.4105  2.6189  2.3998  2.3051
 184  1.468006  3.6966  3.4913  0.8534  5.6677  3.3677  2.5691  2.3469  2.2498
 185  1.468428  3.6953  3.4639  0.8753  5.6409  3.3233  2.5183  2.2933  2.1939
 186  1.468848  3.6940  3.4368  0.8975  5.6119  3.2778  2.4668  2.2393  2.1378
 187  1.469268  3.6928  3.4101  0.9195  5.5801  3.2316  2.4151  2.1851  2.0817
 188  1.469691  3.6917  3.3836  0.9416  5.5476  3.1853  2.3634  2.1310  2.0257
 189  1.470116  3.6906  3.3574  0.9636  5.5140  3.1385  2.3117  2.0770  1.9700
 190  1.470544  3.6896  3.3315  0.9856  5.4800  3.0918  2.2601  2.0232  1.9144
 191  1.470974  3.6885  3.3057  1.0074  5.4458  3.0452  2.2088  1.9697  1.8592
 192  1.471408  3.6876  3.2801  1.0291  5.4117  2.9987  2.1577  1.9165  1.8043
 193  1.471845  3.6866  3.2547  1.0508  5.3777  2.9526  2.1068  1.8635  1.7496
 194  1.472283  3.6856  3.2294  1.0723  5.3441  2.9065  2.0561  1.8108  1.6952
 195  1.472725  3.6846  3.2042  1.0939  5.3107  2.8606  2.0057  1.7582  1.6410
 196  1.473169  3.6836  3.1791  1.1152  5.2781  2.8149  1.9555  1.7059  1.5871
 197  1.473614  3.6828  3.1541  1.1366  5.2460  2.7695  1.9054  1.6537  1.5333
 198  1.474063  3.6817  3.1289  1.1578  5.2157  2.7249  1.8559  1.6019  1.4798
 199  1.474512  3.6808  3.1039  1.1791  5.1849  2.6801  1.8063  1.5500  1.4264
 200  1.474962  3.6798  3.0790  1.2002  5.1540  2.6351  1.7567  1.4983  1.3729
 201  1.475412  3.6788  3.0540  1.2215  5.1238  2.5906  1.7072  1.4466  1.3195
 202  1.475865  3.6779  3.0291  1.2427  5.0929  2.5456  1.6576  1.3949  1.2662
 203  1.476316  3.6769  3.0040  1.2639  5.0634  2.5013  1.6083  1.3432  1.2128
 204  1.476768  3.6758  2.9788  1.2852  5.0346  2.4572  1.5591  1.2916  1.1594
 205  1.477219  3.6748  2.9534  1.3064  5.0072  2.4136  1.5101  1.2400  1.1061
 206  1.477669  3.6737  2.9279  1.3278  4.9792  2.3696  1.4607  1.1881  1.0523
 207  1.478115  3.6727  2.9024  1.3492  4.9504  2.3252  1.4110  1.1360  0.9983
 208  1.478558  3.6715  2.8763  1.3709  4.9245  2.2816  1.3616  1.0837  0.9442
 209  1.478999  3.6704  2.8502  1.3926  4.8978  2.2376  1.3116  1.0311  0.8896
 210  1.479435  3.6693  2.8239  1.4145  4.8714  2.1934  1.2614  0.9782  0.8346
 211  1.479863  3.6681  2.7973  1.4367  4.8453  2.1489  1.2109  0.9247  0.7792
 212  1.480287  3.6669  2.7702  1.4591  4.8197  2.1043  1.1599  0.8708  0.7231
 213  1.480704  3.6657  2.7428  1.4816  4.7942  2.0594  1.1085  0.8163  0.6665
 214  1.481115  3.6644  2.7151  1.5045  4.7691  2.0142  1.0567  0.7613  0.6093
 215  1.481522  3.6631  2.6872  1.5275  4.7444  1.9691  1.0050  0.7063  0.5520
 216  1.481939  3.6619  2.6597  1.5501  4.7204  1.9249  0.9540  0.6522  0.4955
 217  1.482009  3.6617  2.6549  1.5540  4.7161  1.9170  0.9451  0.6426  0.4855
 218  1.482078  3.6615  2.6500  1.5580  4.7118  1.9091  0.9360  0.6330  0.4756
 219  1.482146  3.6613  2.6451  1.5621  4.7075  1.9013  0.9270  0.6234  0.4655
 220  1.482215  3.6610  2.6403  1.5660  4.7035  1.8935  0.9179  0.6138  0.4555
 221  1.482283  3.6607  2.6354  1.5700  4.6992  1.8856  0.9089  0.6042  0.4455
 222  1.482353  3.6605  2.6305  1.5741  4.6950  1.8777  0.8998  0.5945  0.4354
 223  1.482421  3.6603  2.6256  1.5781  4.6909  1.8699  0.8908  0.5849  0.4254
 224  1.482490  3.6601  2.6207  1.5822  4.6865  1.8620  0.8818  0.5753  0.4153
 225  1.482559  3.6599  2.6157  1.5862  4.6826  1.8543  0.8728  0.5657  0.4054
 226  1.482628  3.6597  2.6110  1.5901  4.6784  1.8465  0.8638  0.5562  0.3954
 227  1.483280  3.6578  2.5705  1.6233  4.6435  1.7813  0.7890  0.4766  0.3125
 228  1.483916  3.6569  2.5495  1.6410  4.6228  1.7457  0.7487  0.4341  0.2684
 229  1.484563  3.6582  2.5717  1.6238  4.6322  1.7753  0.7854  0.4743  0.3109
 230  1.485292  3.6585  2.5743  1.6229  4.6265  1.7751  0.7872  0.4765  0.3135
 231  1.486082  3.6567  2.5342  1.6559  4.5940  1.7120  0.7141  0.3980  0.2313
 232  1.486838  3.6527  2.4551  1.7194  4.5414  1.5946  0.5750  0.2477  0.0734
 233  1.487493  3.6489  2.3799  1.7794  4.4957  1.4856  0.4451  0.1064 -0.0756
 234  1.488075  3.6451  2.3063  1.8380  4.4541  1.3812  0.3200 -0.0307 -0.2207
 235  1.488586  3.6413  2.2340  1.8953  4.4158  1.2812  0.1995 -0.1638 -0.3621
 236  1.489035  3.6376  2.1657  1.9491  4.3823  1.1895  0.0883 -0.2881 -0.4950
 237  1.489432  3.6341  2.0997  2.0010  4.3518  1.1027 -0.0172 -0.4073 -0.6230
 238  1.489785  3.6305  2.0356  2.0512  4.3236  1.0202 -0.1176 -0.5217 -0.7465
 239  1.490102  3.6271  1.9717  2.1010  4.2970  0.9404 -0.2148 -0.6342 -0.8688
 240  1.490388  3.6234  1.9082  2.1501  4.2728  0.8639 -0.3078 -0.7441 -0.9894
 241  1.490641  3.6199  1.8467  2.1974  4.2505  0.7926 -0.3948 -0.8488 -1.1054
 242  1.490872  3.6163  1.7855  2.2443  4.2280  0.7241 -0.4782 -0.9517 -1.2205
 243  1.491079  3.6127  1.7259  2.2899  4.2061  0.6598 -0.5561 -1.0506 -1.3321
 244  1.491265  3.6092  1.6677  2.3342  4.1850  0.5994 -0.6288 -1.1457 -1.4407
 245  1.491434  3.6059  1.6108  2.3775  4.1643  0.5423 -0.6964 -1.2376 -1.5466
 246  1.491587  3.6025  1.5551  2.4198  4.1436  0.4889 -0.7590 -1.3262 -1.6500
 247  1.491726  3.5991  1.5004  2.4612  4.1217  0.4390 -0.8168 -1.4117 -1.7510
 248  1.491853  3.5958  1.4465  2.5016  4.0999  0.3939 -0.8687 -1.4937 -1.8494
 249  1.491969  3.5925  1.3940  2.5411  4.0788  0.3528 -0.9145 -1.5722 -1.9453
 250  1.492074  3.5892  1.3427  2.5794  4.0578  0.3158 -0.9539 -1.6472 -2.0384
 251  1.492171  3.5861  1.2922  2.6171  4.0368  0.2819 -0.9872 -1.7196 -2.1299
 252  1.492261  3.5829  1.2430  2.6538  4.0152  0.2519 -1.0148 -1.7886 -2.2185
 253  1.492343  3.5798  1.1950  2.6894  3.9930  0.2258 -1.0368 -1.8544 -2.3043
 254  1.492419  3.5767  1.1475  2.7247  3.9707  0.2038 -1.0511 -1.9175 -2.3888
 255  1.492489  3.5738  1.1013  2.7589  3.9492  0.1870 -1.0571 -1.9769 -2.4706
 256  1.492553  3.5708  1.0562  2.7922  3.9289  0.1749 -1.0568 -2.0327 -2.5495
 257  1.492613  3.5679  1.0121  2.8246  3.9101  0.1679 -1.0510 -2.0848 -2.6256
 258  1.492669  3.5649  0.9685  2.8565  3.8948  0.1660 -1.0440 -2.1338 -2.6992
 259  1.492721  3.5621  0.9261  2.8874  3.8829  0.1703 -1.0340 -2.1787 -2.7690
 260  1.492769  3.5592  0.8844  2.9177  3.8712  0.1818 -1.0144 -2.2195 -2.8360
 261  1.492814  3.5564  0.8438  2.9471  3.8591  0.2011 -0.9833 -2.2554 -2.8996
 262  1.492856  3.5536  0.8037  2.9761  3.8465  0.2332 -0.9301 -2.2858 -2.9608
 263  1.492896  3.5509  0.7644  3.0044  3.8252  0.2743 -0.8501 -2.3112 -3.0187
 264  1.492934  3.5482  0.7260  3.0321  3.8025  0.3227 -0.7587 -2.3316 -3.0734
 265  1.492968  3.5455  0.6884  3.0590  3.7808  0.3783 -0.6600 -2.3464 -3.1239
 266  1.493001  3.5429  0.6515  3.0853  3.7585  0.4416 -0.5544 -2.3551 -3.1702
 267  1.493032  3.5403  0.6154  3.1111  3.7359  0.5197 -0.4411 -2.3529 -3.2094
 268  1.493061  3.5377  0.5800  3.1363  3.7139  0.6112 -0.3245 -2.3403 -3.2415
 269  1.493089  3.5352  0.5454  3.1609  3.6903  0.7119 -0.1993 -2.3210 -3.2691
 270  1.493114  3.5327  0.5113  3.1849  3.6648  0.8225 -0.0645 -2.2935 -3.2909
 271  1.493140  3.5302  0.4779  3.2084  3.6400  0.9314  0.0633 -2.2649 -3.3104
 272  1.493162  3.5278  0.4454  3.2313  3.6201  1.0340  0.1737 -2.2368 -3.3279
 273  1.493185  3.5254  0.4134  3.2537  3.6070  1.1253  0.2601 -2.2113 -3.3441
 274  1.493206  3.5231  0.3821  3.2756  3.5978  1.2144  0.3359 -2.1845 -3.3574
 275  1.493226  3.5208  0.3515  3.2969  3.5939  1.3018  0.3964 -2.1559 -3.3671
 276  1.493245  3.5185  0.3216  3.3178  3.5922  1.3837  0.4446 -2.1281 -3.3752
 277  1.493263  3.5163  0.2926  3.3381  3.5924  1.4591  0.4811 -2.1017 -3.3820
 278  1.493244  3.5140  0.2641  3.3573  3.5942  1.5315  0.5126 -2.0729 -3.3849
