#NUMBER OF AGES= 1
#----------------------------------------------------       
#MIX-LEN  Y      Z          Zeff        [Fe/H] [a/Fe]
# 1.9380  0.2846 2.4865E-02 2.4865E-02   0.20   0.00 
#----------------------------------------------------       
#**PHOTOMETRIC SYSTEM**: SDSS (AB)                          
#----------------------------------------------------       
#AGE= 3.500 EEPS=273
#EEP   M/Mo    LogTeff  LogG   LogL/Lo sdss_u  sdss_g  sdss_r  sdss_i  sdss_z
   7  0.106463  3.5007  5.2653 -2.8440 18.0724 14.9953 13.4978 12.1883 11.4311
   8  0.125485  3.5005  5.1970 -2.7049 17.6807 14.6442 13.1543 11.8447 11.0860
   9  0.153438  3.5012  5.1217 -2.5395 17.1947 14.2103 12.7317 11.4295 10.6734
  10  0.200978  3.5080  5.0541 -2.3278 16.4609 13.5632 12.1154 10.8637 10.1354
  11  0.241279  3.5135  5.0114 -2.1834 15.9550 13.1120 11.6886 10.4747  9.7683
  12  0.272061  3.5175  4.9841 -2.0878 15.6234 12.8125 11.4060 10.2171  9.5261
  13  0.294503  3.5204  4.9646 -2.0227 15.4002 12.6093 11.2147 10.0420  9.3614
  14  0.306008  3.5217  4.9541 -1.9901 15.2902 12.5086 11.1199  9.9548  9.2790
  15  0.313123  3.5225  4.9473 -1.9702 15.2240 12.4478 11.0627  9.9018  9.2289
  16  0.318055  3.5230  4.9411 -1.9551 15.1749 12.4028 11.0203  9.8620  9.1909
  17  0.322144  3.5235  4.9352 -1.9419 15.1326 12.3643 10.9839  9.8276  9.1578
  18  0.326296  3.5239  4.9292 -1.9286 15.0901 12.3255 10.9474  9.7929  9.1246
  19  0.329809  3.5243  4.9252 -1.9184 15.0566 12.2947 10.9185  9.7658  9.0989
  20  0.330610  3.5240  4.9271 -1.9203 15.0669 12.3032 10.9255  9.7718  9.1040
  21  0.332561  3.5248  4.9291 -1.9166 15.0447 12.2828 10.9078  9.7586  9.0939
  22  0.339302  3.5257  4.9220 -1.8978 14.9823 12.2256 10.8542  9.7085  9.0463
  23  0.391881  3.5330  4.8742 -1.7603 14.5192 11.7956 10.4563  9.3391  8.7008
  24  0.406109  3.5360  4.8642 -1.7254 14.4005 11.6773 10.3460  9.2426  8.6144
  25  0.479756  3.5500  4.8057 -1.5332 13.7355 11.0360  9.7407  8.7112  8.1352
  26  0.497697  3.5548  4.7898 -1.4826 13.5636 10.8608  9.5744  8.5678  8.0099
  27  0.511496  3.5586  4.7773 -1.4427 13.4289 10.7204  9.4396  8.4549  7.9121
  28  0.523172  3.5621  4.7670 -1.4086 13.3136 10.5978  9.3209  8.3578  7.8288
  29  0.532869  3.5651  4.7584 -1.3799 13.2162 10.4926  9.2182  8.2757  7.7590
  30  0.542353  3.5681  4.7498 -1.3519 13.1223 10.3903  9.1178  8.1960  7.6913
  31  0.553890  3.5719  4.7399 -1.3178 13.0084 10.2647  8.9944  8.0983  7.6091
  32  0.569984  3.5776  4.7272 -1.2697 12.8464 10.0807  8.8123  7.9573  7.4928
  33  0.591415  3.5856  4.7111 -1.2055 12.6246  9.8241  8.5539  7.7644  7.3385
  34  0.616486  3.5955  4.6935 -1.1302 12.3629  9.5139  8.2420  7.5356  7.1575
  35  0.624519  3.5978  4.6838 -1.1048 12.3195  9.4386  8.1678  7.4702  7.0986
  36  0.651301  3.6096  4.6690 -1.0246 12.0223  9.0892  7.8203  7.2220  6.9097
  37  0.741134  3.6489  4.6285 -0.7740 10.8002  7.9900  6.8631  6.4816  6.2988
  38  0.762946  3.6589  4.6182 -0.7105 10.4824  7.7162  6.6370  6.3007  6.1449
  39  0.790105  3.6718  4.6067 -0.6313 10.0300  7.3688  6.3635  6.0765  5.9493
  40  0.843922  3.6959  4.5841 -0.4827  9.1358  6.7547  5.9029  5.6771  5.5847
  41  0.857337  3.7011  4.5774 -0.4481  8.9391  6.6227  5.8022  5.5876  5.5025
  42  0.870032  3.7060  4.5708 -0.4156  8.7570  6.5010  5.7087  5.5041  5.4256
  43  0.881746  3.7105  4.5643 -0.3855  8.5903  6.3903  5.6231  5.4275  5.3551
  44  0.893196  3.7148  4.5577 -0.3561  8.4287  6.2838  5.5401  5.3531  5.2867
  45  0.904784  3.7190  4.5507 -0.3265  8.2677  6.1788  5.4577  5.2788  5.2181
  46  0.916664  3.7233  4.5433 -0.2964  8.1064  6.0742  5.3749  5.2037  5.1486
  47  0.928770  3.7275  4.5353 -0.2661  7.9471  5.9702  5.2920  5.1282  5.0787
  48  0.940889  3.7316  4.5270 -0.2357  7.7924  5.8683  5.2103  5.0536  5.0094
  49  0.953029  3.7355  4.5182 -0.2056  7.6411  5.7688  5.1298  4.9796  4.9405
  50  0.965264  3.7394  4.5089 -0.1754  7.4930  5.6708  5.0499  4.9060  4.8717
  51  0.977567  3.7432  4.4992 -0.1452  7.3493  5.5738  4.9707  4.8330  4.8032
  52  0.984343  3.7451  4.4936 -0.1286  7.2723  5.5212  4.9275  4.7930  4.7658
  53  0.990940  3.7471  4.4880 -0.1125  7.1987  5.4704  4.8857  4.7543  4.7294
  54  0.997050  3.7488  4.4828 -0.0975  7.1313  5.4237  4.8471  4.7185  4.6957
  55  1.002750  3.7504  4.4777 -0.0835  7.0692  5.3802  4.8110  4.6848  4.6640
  56  1.008284  3.7519  4.4726 -0.0698  7.0096  5.3383  4.7760  4.6522  4.6332
  57  1.013823  3.7534  4.4673 -0.0562  6.9509  5.2965  4.7411  4.6196  4.6025
  58  1.019604  3.7549  4.4618 -0.0421  6.8906  5.2536  4.7051  4.5860  4.5707
  59  1.025926  3.7566  4.4559 -0.0270  6.8262  5.2075  4.6664  4.5498  4.5365
  60  1.033317  3.7585  4.4491 -0.0097  6.7524  5.1547  4.6221  4.5085  4.4974
  61  1.043440  3.7609  4.4397  0.0137  6.6539  5.0841  4.5626  4.4528  4.4447
  62  1.067499  3.7664  4.4146  0.0705  6.4227  4.9144  4.4184  4.3172  4.3157
  63  1.083014  3.7696  4.3987  0.1054  6.2864  4.8117  4.3304  4.2342  4.2366
  64  1.089774  3.7710  4.3913  0.1209  6.2285  4.7671  4.2918  4.1978  4.2017
  65  1.085592  3.7703  4.3947  0.1130  6.2642  4.7923  4.3131  4.2177  4.2206
  66  1.090767  3.7713  4.3885  0.1254  6.2180  4.7564  4.2818  4.1881  4.1923
  67  1.096126  3.7724  4.3821  0.1382  6.1715  4.7201  4.2500  4.1579  4.1632
  68  1.102972  3.7735  4.3742  0.1536  6.1158  4.6762  4.2116  4.1213  4.1280
  69  1.144021  3.7783  4.3259  0.2364  5.8433  4.4478  4.0049  3.9220  3.9344
  70  1.153081  3.7798  4.3165  0.2549  5.7776  4.3951  3.9596  3.8790  3.8932
  71  1.161757  3.7809  4.3062  0.2728  5.7166  4.3450  3.9157  3.8368  3.8524
  72  1.171669  3.7818  4.2939  0.2925  5.6515  4.2904  3.8672  3.7900  3.8068
  73  1.184113  3.7828  4.2779  0.3170  5.5750  4.2245  3.8074  3.7318  3.7497
  74  1.195785  3.7835  4.2622  0.3395  5.5073  4.1644  3.7519  3.6774  3.6962
  75  1.204780  3.7840  4.2503  0.3565  5.4567  4.1193  3.7101  3.6364  3.6558
  76  1.211351  3.7843  4.2413  0.3690  5.4213  4.0868  3.6794  3.6061  3.6257
  77  1.216872  3.7844  4.2333  0.3795  5.3930  4.0599  3.6534  3.5802  3.5999
  78  1.221815  3.7846  4.2261  0.3890  5.3680  4.0359  3.6299  3.5568  3.5766
  79  1.226322  3.7846  4.2190  0.3976  5.3479  4.0150  3.6084  3.5351  3.5548
  80  1.230647  3.7844  4.2117  0.4057  5.3313  3.9961  3.5875  3.5138  3.5332
  81  1.234902  3.7843  4.2046  0.4137  5.3169  3.9781  3.5671  3.4928  3.5117
  82  1.237537  3.7841  4.2002  0.4186  5.3075  3.9670  3.5543  3.4798  3.4985
  83  1.240236  3.7840  4.1957  0.4236  5.2982  3.9557  3.5416  3.4666  3.4851
  84  1.243006  3.7840  4.1912  0.4287  5.2888  3.9442  3.5285  3.4532  3.4714
  85  1.245714  3.7838  4.1867  0.4336  5.2790  3.9330  3.5160  3.4403  3.4582
  86  1.248386  3.7837  4.1821  0.4385  5.2696  3.9221  3.5037  3.4275  3.4452
  87  1.251114  3.7836  4.1776  0.4434  5.2600  3.9109  3.4912  3.4146  3.4319
  88  1.253950  3.7835  4.1730  0.4486  5.2501  3.8995  3.4784  3.4014  3.4184
  89  1.257009  3.7833  4.1681  0.4540  5.2397  3.8874  3.4649  3.3874  3.4040
  90  1.260684  3.7833  4.1629  0.4603  5.2261  3.8727  3.4490  3.3712  3.3876
  91  1.265839  3.7833  4.1561  0.4691  5.2062  3.8517  3.4269  3.3489  3.3649
  92  1.314270  3.7848  4.0891  0.5596  4.9681  3.6188  3.2016  3.1267  3.1448
  93  1.319310  3.7842  4.0810  0.5671  4.9558  3.6021  3.1828  3.1071  3.1247
  94  1.326448  3.7835  4.0693  0.5781  4.9357  3.5767  3.1553  3.0786  3.0953
  95  1.338255  3.7822  4.0490  0.5975  4.8990  3.5314  3.1067  3.0287  3.0443
  96  1.351748  3.7810  4.0261  0.6197  4.8523  3.4782  3.0522  2.9727  2.9871
  97  1.360843  3.7802  4.0119  0.6339  4.8224  3.4444  3.0176  2.9373  2.9508
  98  1.369160  3.7796  3.9999  0.6464  4.7949  3.4140  2.9865  2.9056  2.9186
  99  1.377130  3.7792  3.9885  0.6585  4.7682  3.3849  2.9569  2.8754  2.8879
 100  1.384693  3.7787  3.9774  0.6701  4.7423  3.3568  2.9285  2.8463  2.8583
 101  1.391642  3.7783  3.9668  0.6812  4.7169  3.3299  2.9013  2.8187  2.8302
 102  1.397614  3.7779  3.9570  0.6912  4.6937  3.3054  2.8767  2.7934  2.8045
 103  1.402466  3.7775  3.9482  0.7002  4.6731  3.2838  2.8549  2.7712  2.7818
 104  1.406299  3.7773  3.9409  0.7078  4.6547  3.2649  2.8358  2.7518  2.7622
 105  1.409066  3.7773  3.9352  0.7142  4.6388  3.2490  2.8202  2.7361  2.7464
 106  1.411180  3.7773  3.9306  0.7196  4.6242  3.2350  2.8066  2.7226  2.7330
 107  1.412876  3.7774  3.9265  0.7244  4.6111  3.2226  2.7945  2.7106  2.7211
 108  1.414237  3.7775  3.9233  0.7288  4.5983  3.2109  2.7835  2.6999  2.7106
 109  1.415371  3.7777  3.9204  0.7328  4.5858  3.1999  2.7733  2.6900  2.7009
 110  1.416323  3.7780  3.9178  0.7365  4.5743  3.1896  2.7639  2.6809  2.6921
 111  1.417121  3.7782  3.9156  0.7401  4.5628  3.1798  2.7548  2.6723  2.6838
 112  1.417552  3.7784  3.9143  0.7422  4.5560  3.1739  2.7495  2.6672  2.6789
 113  1.417979  3.7786  3.9129  0.7445  4.5483  3.1673  2.7434  2.6616  2.6735
 114  1.418397  3.7788  3.9116  0.7468  4.5408  3.1609  2.7376  2.6561  2.6682
 115  1.418803  3.7791  3.9102  0.7493  4.5326  3.1538  2.7312  2.6501  2.6625
 116  1.419204  3.7794  3.9088  0.7520  4.5236  3.1462  2.7243  2.6436  2.6564
 117  1.419591  3.7796  3.9074  0.7547  4.5145  3.1383  2.7171  2.6369  2.6500
 118  1.419965  3.7800  3.9058  0.7578  4.5039  3.1292  2.7089  2.6294  2.6429
 119  1.420313  3.7804  3.9042  0.7611  4.4929  3.1197  2.7002  2.6213  2.6354
 120  1.420636  3.7809  3.9024  0.7649  4.4803  3.1087  2.6903  2.6121  2.6268
 121  1.420935  3.7814  3.9006  0.7691  4.4667  3.0968  2.6794  2.6021  2.6174
 122  1.421206  3.7821  3.8987  0.7734  4.4522  3.0842  2.6680  2.5916  2.6077
 123  1.421449  3.7827  3.8969  0.7780  4.4367  3.0707  2.6558  2.5806  2.5974
 124  1.421668  3.7834  3.8948  0.7828  4.4197  3.0563  2.6431  2.5689  2.5866
 125  1.421860  3.7841  3.8926  0.7879  4.4003  3.0411  2.6304  2.5572  2.5757
 126  1.422028  3.7848  3.8903  0.7933  4.3794  3.0246  2.6168  2.5449  2.5643
 127  1.422174  3.7857  3.8878  0.7990  4.3570  3.0073  2.6026  2.5319  2.5522
 128  1.422305  3.7865  3.8852  0.8050  4.3335  2.9892  2.5878  2.5185  2.5397
 129  1.422423  3.7873  3.8825  0.8112  4.3091  2.9703  2.5725  2.5046  2.5269
 130  1.422546  3.7882  3.8800  0.8169  4.2863  2.9529  2.5585  2.4918  2.5151
 131  1.422628  3.7886  3.8787  0.8203  4.2717  2.9422  2.5504  2.4845  2.5084
 132  1.422725  3.7890  3.8744  0.8260  4.2519  2.9260  2.5366  2.4712  2.4956
 133  1.422789  3.7897  3.8703  0.8328  4.2256  2.9055  2.5200  2.4558  2.4809
 134  1.422876  3.7903  3.8672  0.8383  4.2033  2.8889  2.5071  2.4438  2.4696
 135  1.422903  3.7911  3.8634  0.8454  4.1751  2.8675  2.4902  2.4283  2.4549
 136  1.422918  3.7919  3.8595  0.8524  4.1473  2.8461  2.4732  2.4125  2.4403
 137  1.422909  3.7927  3.8556  0.8596  4.1201  2.8248  2.4560  2.3967  2.4253
 138  1.422902  3.7937  3.8533  0.8658  4.0948  2.8055  2.4412  2.3835  2.4132
 139  1.422883  3.7943  3.8521  0.8698  4.0770  2.7926  2.4317  2.3750  2.4056
 140  1.422863  3.7950  3.8502  0.8740  4.0601  2.7797  2.4215  2.3658  2.3971
 141  1.422864  3.7955  3.8487  0.8776  4.0472  2.7689  2.4124  2.3576  2.3895
 142  1.422847  3.7955  3.8500  0.8765  4.0493  2.7712  2.4145  2.3599  2.3919
 143  1.422852  3.7954  3.8515  0.8747  4.0546  2.7761  2.4187  2.3640  2.3960
 144  1.422862  3.7944  3.8542  0.8678  4.0804  2.7972  2.4359  2.3795  2.4103
 145  1.422891  3.7933  3.8549  0.8628  4.1022  2.8134  2.4485  2.3903  2.4198
 146  1.422995  3.7921  3.8552  0.8577  4.1256  2.8301  2.4607  2.4008  2.4289
 147  1.423134  3.7905  3.8509  0.8554  4.1479  2.8416  2.4661  2.4036  2.4299
 148  1.423264  3.7892  3.8466  0.8545  4.1649  2.8488  2.4678  2.4033  2.4280
 149  1.423441  3.7866  3.8336  0.8572  4.1911  2.8529  2.4595  2.3909  2.4126
 150  1.423641  3.7848  3.8206  0.8632  4.1939  2.8444  2.4445  2.3731  2.3926
 151  1.423891  3.7829  3.8091  0.8671  4.2029  2.8419  2.4353  2.3608  2.3779
 152  1.424197  3.7809  3.7989  0.8694  4.2176  2.8440  2.4301  2.3524  2.3670
 153  1.424527  3.7793  3.7921  0.8701  4.2314  2.8481  2.4288  2.3487  2.3614
 154  1.424851  3.7782  3.7875  0.8703  4.2441  2.8523  2.4284  2.3465  2.3578
 155  1.425170  3.7772  3.7836  0.8703  4.2572  2.8565  2.4280  2.3444  2.3547
 156  1.425487  3.7763  3.7801  0.8703  4.2701  2.8607  2.4276  2.3427  2.3519
 157  1.425800  3.7755  3.7771  0.8702  4.2821  2.8648  2.4274  2.3413  2.3495
 158  1.426109  3.7747  3.7741  0.8701  4.2943  2.8690  2.4275  2.3401  2.3473
 159  1.426416  3.7739  3.7714  0.8698  4.3066  2.8733  2.4277  2.3391  2.3453
 160  1.426719  3.7731  3.7687  0.8695  4.3192  2.8779  2.4281  2.3382  2.3435
 161  1.427018  3.7724  3.7660  0.8691  4.3323  2.8828  2.4287  2.3376  2.3420
 162  1.428038  3.7696  3.7568  0.8675  4.3746  2.8997  2.4322  2.3367  2.3377
 163  1.428992  3.7666  3.7485  0.8641  4.4218  2.9215  2.4413  2.3410  2.3384
 164  1.429880  3.7633  3.7410  0.8590  4.4775  2.9490  2.4553  2.3497  2.3433
 165  1.430689  3.7600  3.7346  0.8520  4.5435  2.9825  2.4743  2.3632  2.3526
 166  1.431410  3.7564  3.7295  0.8432  4.6173  3.0217  2.4979  2.3812  2.3663
 167  1.432050  3.7528  3.7255  0.8329  4.6965  3.0654  2.5258  2.4031  2.3837
 168  1.432619  3.7492  3.7225  0.8217  4.7803  3.1124  2.5566  2.4281  2.4042
 169  1.433133  3.7456  3.7204  0.8095  4.8681  3.1615  2.5899  2.4555  2.4271
 170  1.433607  3.7420  3.7187  0.7969  4.9586  3.2125  2.6248  2.4845  2.4514
 171  1.434055  3.7384  3.7172  0.7841  5.0514  3.2652  2.6608  2.5145  2.4767
 172  1.434490  3.7346  3.7154  0.7710  5.1477  3.3195  2.6976  2.5449  2.5022
 173  1.434928  3.7308  3.7128  0.7582  5.2484  3.3750  2.7349  2.5755  2.5276
 174  1.435388  3.7266  3.7087  0.7458  5.3549  3.4318  2.7720  2.6054  2.5520
 175  1.435907  3.7218  3.7015  0.7344  5.4703  3.4898  2.8082  2.6335  2.5737
 176  1.436568  3.7163  3.6874  0.7264  5.5961  3.5461  2.8383  2.6537  2.5861
 177  1.437311  3.7107  3.6633  0.7283  5.7009  3.5797  2.8454  2.6505  2.5748
 178  1.437906  3.7068  3.6382  0.7377  5.7564  3.5837  2.8309  2.6285  2.5471
 179  1.438393  3.7039  3.6147  0.7503  5.7814  3.5723  2.8066  2.5988  2.5132
 180  1.438804  3.7019  3.5928  0.7641  5.7872  3.5523  2.7773  2.5656  2.4768
 181  1.439179  3.7003  3.5721  0.7785  5.7836  3.5284  2.7459  2.5310  2.4397
 182  1.439670  3.6984  3.5442  0.7989  5.7700  3.4910  2.6999  2.4813  2.3871
 183  1.440144  3.6968  3.5167  0.8202  5.7488  3.4498  2.6514  2.4297  2.3328
 184  1.440606  3.6954  3.4895  0.8418  5.7232  3.4063  2.6014  2.3767  2.2777
 185  1.441062  3.6940  3.4626  0.8637  5.6954  3.3618  2.5508  2.3234  2.2222
 186  1.441513  3.6928  3.4359  0.8856  5.6647  3.3163  2.4996  2.2697  2.1666
 187  1.441961  3.6917  3.4097  0.9075  5.6324  3.2703  2.4483  2.2161  2.1110
 188  1.442407  3.6906  3.3836  0.9293  5.5995  3.2242  2.3971  2.1626  2.0557
 189  1.442851  3.6896  3.3580  0.9511  5.5654  3.1778  2.3459  2.1092  2.0006
 190  1.443294  3.6886  3.3324  0.9728  5.5313  3.1314  2.2949  2.0560  1.9458
 191  1.443737  3.6876  3.3070  0.9944  5.4972  3.0852  2.2440  2.0031  1.8912
 192  1.444178  3.6867  3.2818  1.0159  5.4629  3.0390  2.1934  1.9504  1.8368
 193  1.444620  3.6857  3.2567  1.0374  5.4288  2.9930  2.1430  1.8979  1.7828
 194  1.445060  3.6848  3.2317  1.0588  5.3950  2.9472  2.0927  1.8456  1.7288
 195  1.445498  3.6839  3.2067  1.0801  5.3620  2.9014  2.0425  1.7934  1.6750
 196  1.445936  3.6829  3.1818  1.1014  5.3293  2.8558  1.9924  1.7412  1.6213
 197  1.446373  3.6820  3.1568  1.1227  5.2978  2.8107  1.9426  1.6893  1.5676
 198  1.446809  3.6811  3.1321  1.1440  5.2653  2.7652  1.8927  1.6373  1.5143
 199  1.447244  3.6801  3.1072  1.1651  5.2346  2.7205  1.8433  1.5857  1.4610
 200  1.447678  3.6792  3.0824  1.1863  5.2033  2.6755  1.7937  1.5339  1.4076
 201  1.448110  3.6782  3.0572  1.2076  5.1732  2.6309  1.7441  1.4821  1.3542
 202  1.448538  3.6772  3.0322  1.2289  5.1422  2.5858  1.6943  1.4300  1.3004
 203  1.448962  3.6763  3.0069  1.2504  5.1117  2.5405  1.6441  1.3776  1.2462
 204  1.449386  3.6752  2.9812  1.2721  5.0823  2.4956  1.5940  1.3251  1.1920
 205  1.449807  3.6741  2.9554  1.2938  5.0533  2.4508  1.5439  1.2724  1.1375
 206  1.450222  3.6730  2.9293  1.3157  5.0243  2.4056  1.4932  1.2192  1.0824
 207  1.450633  3.6720  2.9031  1.3377  4.9950  2.3602  1.4423  1.1658  1.0272
 208  1.451036  3.6709  2.8764  1.3601  4.9669  2.3145  1.3908  1.1115  0.9709
 209  1.451432  3.6697  2.8490  1.3829  4.9388  2.2683  1.3385  1.0565  0.9139
 210  1.451820  3.6685  2.8214  1.4059  4.9107  2.2218  1.2858  1.0008  0.8561
 211  1.452206  3.6673  2.7936  1.4290  4.8829  2.1752  1.2328  0.9449  0.7981
 212  1.452588  3.6661  2.7656  1.4522  4.8559  2.1288  1.1801  0.8891  0.7402
 213  1.452954  3.6648  2.7369  1.4760  4.8289  2.0815  1.1260  0.8318  0.6806
 214  1.453312  3.6635  2.7077  1.5000  4.8024  2.0340  1.0715  0.7740  0.6203
 215  1.453663  3.6622  2.6782  1.5243  4.7763  1.9863  1.0168  0.7159  0.5599
 216  1.454014  3.6608  2.6490  1.5483  4.7510  1.9393  0.9628  0.6583  0.4998
 217  1.454074  3.6606  2.6439  1.5524  4.7467  1.9313  0.9535  0.6485  0.4895
 218  1.454134  3.6603  2.6389  1.5566  4.7424  1.9232  0.9442  0.6385  0.4792
 219  1.454192  3.6601  2.6338  1.5607  4.7382  1.9152  0.9349  0.6286  0.4689
 220  1.454251  3.6599  2.6287  1.5649  4.7340  1.9072  0.9257  0.6187  0.4585
 221  1.454311  3.6597  2.6237  1.5690  4.7297  1.8992  0.9164  0.6088  0.4482
 222  1.454370  3.6594  2.6186  1.5731  4.7256  1.8912  0.9071  0.5989  0.4379
 223  1.454429  3.6592  2.6135  1.5773  4.7213  1.8831  0.8979  0.5891  0.4276
 224  1.454488  3.6590  2.6085  1.5814  4.7171  1.8751  0.8887  0.5792  0.4173
 225  1.454547  3.6587  2.6035  1.5855  4.7130  1.8672  0.8795  0.5695  0.4071
 226  1.454605  3.6585  2.5985  1.5896  4.7091  1.8594  0.8705  0.5597  0.3969
 227  1.455156  3.6567  2.5605  1.6207  4.6769  1.7989  0.8008  0.4854  0.3193
 228  1.455691  3.6565  2.5514  1.6287  4.6638  1.7812  0.7819  0.4657  0.2990
 229  1.456257  3.6582  2.5807  1.6066  4.6733  1.8180  0.8282  0.5172  0.3539
 230  1.456910  3.6575  2.5683  1.6167  4.6661  1.8005  0.8072  0.4938  0.3291
 231  1.457572  3.6546  2.5050  1.6685  4.6164  1.7019  0.6925  0.3708  0.2004
 232  1.458176  3.6507  2.4262  1.7318  4.5647  1.5855  0.5545  0.2213  0.0431
 233  1.458701  3.6469  2.3518  1.7911  4.5204  1.4786  0.4271  0.0822 -0.1039
 234  1.459165  3.6431  2.2788  1.8491  4.4795  1.3760  0.3040 -0.0532 -0.2474
 235  1.459570  3.6393  2.2077  1.9053  4.4422  1.2787  0.1865 -0.1835 -0.3862
 236  1.459928  3.6357  2.1398  1.9589  4.4089  1.1880  0.0768 -0.3068 -0.5185
 237  1.460244  3.6322  2.0742  2.0103  4.3788  1.1025 -0.0270 -0.4246 -0.6453
 238  1.460527  3.6286  2.0094  2.0609  4.3498  1.0200 -0.1272 -0.5396 -0.7698
 239  1.460781  3.6250  1.9449  2.1111  4.3233  0.9406 -0.2236 -0.6524 -0.8930
 240  1.461008  3.6214  1.8814  2.1600  4.2991  0.8655 -0.3148 -0.7614 -1.0131
 241  1.461211  3.6178  1.8197  2.2075  4.2759  0.7951 -0.4005 -0.8659 -1.1295
 242  1.461394  3.6142  1.7588  2.2542  4.2530  0.7282 -0.4815 -0.9675 -1.2438
 243  1.461559  3.6107  1.6993  2.2997  4.2306  0.6652 -0.5574 -1.0656 -1.3552
 244  1.461707  3.6072  1.6411  2.3440  4.2090  0.6058 -0.6281 -1.1602 -1.4639
 245  1.461841  3.6038  1.5841  2.3874  4.1876  0.5502 -0.6935 -1.2514 -1.5698
 246  1.461964  3.6004  1.5281  2.4297  4.1657  0.4980 -0.7538 -1.3395 -1.6734
 247  1.462074  3.5970  1.4732  2.4712  4.1425  0.4502 -0.8089 -1.4240 -1.7742
 248  1.462175  3.5937  1.4196  2.5114  4.1204  0.4071 -0.8574 -1.5047 -1.8720
 249  1.462268  3.5904  1.3669  2.5509  4.0992  0.3683 -0.8993 -1.5822 -1.9678
 250  1.462352  3.5871  1.3152  2.5895  4.0777  0.3328 -0.9349 -1.6566 -2.0615
 251  1.462429  3.5839  1.2650  2.6270  4.0561  0.3012 -0.9644 -1.7276 -2.1523
 252  1.462500  3.5807  1.2158  2.6636  4.0335  0.2735 -0.9884 -1.7955 -2.2404
 253  1.462565  3.5776  1.1675  2.6994  4.0109  0.2504 -1.0052 -1.8602 -2.3262
 254  1.462626  3.5745  1.1202  2.7345  3.9886  0.2320 -1.0132 -1.9216 -2.4102
 255  1.462681  3.5715  1.0739  2.7687  3.9675  0.2190 -1.0144 -1.9791 -2.4911
 256  1.462733  3.5685  1.0289  2.8018  3.9477  0.2105 -1.0100 -2.0330 -2.5691
 257  1.462781  3.5656  0.9844  2.8345  3.9310  0.2080 -1.0020 -2.0831 -2.6443
 258  1.462825  3.5626  0.9409  2.8662  3.9185  0.2114 -0.9929 -2.1296 -2.7160
 259  1.462867  3.5597  0.8983  2.8972  3.9064  0.2218 -0.9754 -2.1717 -2.7845
 260  1.462905  3.5569  0.8566  2.9274  3.8938  0.2405 -0.9452 -2.2089 -2.8498
 261  1.462941  3.5540  0.8159  2.9569  3.8811  0.2722 -0.8943 -2.2398 -2.9118
 262  1.462975  3.5513  0.7758  2.9859  3.8592  0.3129 -0.8152 -2.2662 -2.9711
 263  1.463007  3.5485  0.7364  3.0141  3.8358  0.3620 -0.7228 -2.2870 -3.0269
 264  1.463036  3.5458  0.6980  3.0417  3.8130  0.4173 -0.6244 -2.3027 -3.0787
 265  1.463063  3.5431  0.6603  3.0687  3.7906  0.4811 -0.5186 -2.3119 -3.1261
 266  1.463090  3.5405  0.6235  3.0950  3.7685  0.5588 -0.4079 -2.3103 -3.1661
 267  1.463115  3.5379  0.5873  3.1207  3.7468  0.6503 -0.2927 -2.2980 -3.1989
 268  1.463137  3.5352  0.5519  3.1458  3.7255  0.7512 -0.1719 -2.2789 -3.2270
 269  1.463160  3.5327  0.5171  3.1704  3.6997  0.8593 -0.0409 -2.2534 -3.2503
 270  1.463180  3.5302  0.4831  3.1943  3.6756  0.9676  0.0832 -2.2251 -3.2702
 271  1.463200  3.5277  0.4497  3.2178  3.6565  1.0665  0.1870 -2.1992 -3.2891
 272  1.463218  3.5253  0.4172  3.2405  3.6435  1.1555  0.2699 -2.1752 -3.3065
 273  1.463236  3.5229  0.3852  3.2630  3.6339  1.2430  0.3444 -2.1496 -3.3211
 274  1.463253  3.5205  0.3538  3.2848  3.6297  1.3310  0.4067 -2.1211 -3.3314
 275  1.463269  3.5182  0.3233  3.3061  3.6280  1.4137  0.4564 -2.0932 -3.3400
 276  1.463284  3.5158  0.2933  3.3269  3.6285  1.4920  0.4959 -2.0653 -3.3467
 277  1.463299  3.5135  0.2637  3.3470  3.6288  1.5668  0.5326 -2.0358 -3.3503
 278  1.463312  3.5114  0.2359  3.3662  3.6273  1.6287  0.5574 -2.0128 -3.3559
 279  1.463671  3.5097  0.2127  3.3825  3.6258  1.6752  0.5700 -1.9958 -3.3613
