#NUMBER OF AGES= 1
#----------------------------------------------------       
#MIX-LEN  Y      Z          Zeff        [Fe/H] [a/Fe]
# 1.9380  0.2846 2.4865E-02 2.4865E-02   0.20   0.00 
#----------------------------------------------------       
#**PHOTOMETRIC SYSTEM**: SDSS (AB)                          
#----------------------------------------------------       
#AGE= 3.750 EEPS=271
#EEP   M/Mo    LogTeff  LogG   LogL/Lo sdss_u  sdss_g  sdss_r  sdss_i  sdss_z
   8  0.119394  3.5006  5.2175 -2.7470 17.7989 14.7502 13.2580 11.9484 11.1901
   9  0.143282  3.5007  5.1451 -2.5947 17.3626 14.3598 12.8768 11.5698 10.8116
  10  0.185746  3.5056  5.0718 -2.3892 16.6801 13.7567 12.2988 11.0298 10.2918
  11  0.228452  3.5118  5.0233 -2.2260 16.1051 13.2466 11.8156 10.5901  9.8768
  12  0.258903  3.5158  4.9939 -2.1259 15.7558 12.9328 11.5193 10.3202  9.6227
  13  0.285372  3.5192  4.9713 -2.0475 15.4850 12.6869 11.2877 10.1086  9.4239
  14  0.301072  3.5211  4.9570 -2.0024 15.3327 12.5478 11.1567  9.9881  9.3103
  15  0.309553  3.5221  4.9492 -1.9787 15.2530 12.4746 11.0879  9.9247  9.2504
  16  0.315380  3.5228  4.9427 -1.9614 15.1964 12.4228 11.0390  9.8792  9.2070
  17  0.319883  3.5232  4.9366 -1.9472 15.1508 12.3811 10.9997  9.8421  9.1715
  18  0.324003  3.5237  4.9306 -1.9340 15.1084 12.3424 10.9632  9.8075  9.1383
  19  0.327317  3.5241  4.9266 -1.9242 15.0762 12.3128 10.9355  9.7814  9.1135
  20  0.328295  3.5238  4.9279 -1.9251 15.0828 12.3181 10.9395  9.7847  9.1160
  21  0.330041  3.5246  4.9296 -1.9216 15.0621 12.2992 10.9230  9.7723  9.1064
  22  0.335148  3.5251  4.9236 -1.9066 15.0130 12.2542 10.8809  9.7326  9.0687
  23  0.341904  3.5258  4.9158 -1.8876 14.9534 12.1993 10.8290  9.6834  9.0214
  24  0.407537  3.5359  4.8620 -1.7207 14.3824 11.6656 10.3368  9.2305  8.6014
  25  0.467892  3.5471  4.8152 -1.5651 13.8453 11.1461  9.8442  8.8014  8.2146
  26  0.488982  3.5525  4.7968 -1.5065 13.6453 10.9448  9.6543  8.6359  8.0690
  27  0.504557  3.5567  4.7828 -1.4619 13.4944 10.7892  9.5058  8.5096  7.9592
  28  0.517452  3.5604  4.7713 -1.4245 13.3679 10.6560  9.3774  8.4031  7.8674
  29  0.527990  3.5637  4.7619 -1.3934 13.2627 10.5430  9.2676  8.3146  7.7918
  30  0.537528  3.5667  4.7534 -1.3651 13.1671 10.4391  9.1658  8.2337  7.7231
  31  0.547837  3.5698  4.7442 -1.3347 13.0656 10.3282  9.0568  8.1472  7.6498
  32  0.561371  3.5745  4.7331 -1.2945 12.9307 10.1772  8.9081  8.0304  7.5525
  33  0.580127  3.5814  4.7185 -1.2382 12.7394  9.9577  8.6892  7.8636  7.4169
  34  0.603416  3.5904  4.7014 -1.1682 12.4945  9.6718  8.3997  7.6513  7.2489
  35  0.611242  3.5924  4.6912 -1.1429 12.4516  9.6011  8.3310  7.5879  7.1898
  36  0.635122  3.6025  4.6765 -1.0713 12.1967  9.2954  8.0255  7.3675  7.0194
  37  0.720402  3.6402  4.6365 -0.8289 11.0835  8.2242  7.0540  6.6367  6.4335
  38  0.746652  3.6518  4.6240 -0.7544 10.7177  7.9071  6.7905  6.4249  6.2522
  39  0.770349  3.6628  4.6132 -0.6852 10.3515  7.6055  6.5456  6.2277  6.0832
  40  0.810530  3.6821  4.5968 -0.5685  9.6417  7.0980  6.1607  5.9034  5.7923
  41  0.841412  3.6953  4.5830 -0.4853  9.1543  6.7661  5.9110  5.6839  5.5907
  42  0.854531  3.7004  4.5763 -0.4512  8.9608  6.6360  5.8117  5.5958  5.5096
  43  0.866748  3.7052  4.5698 -0.4196  8.7842  6.5177  5.7208  5.5146  5.4349
  44  0.878302  3.7097  4.5634 -0.3897  8.6181  6.4072  5.6355  5.4383  5.3647
  45  0.889488  3.7139  4.5569 -0.3607  8.4586  6.3020  5.5536  5.3648  5.2971
  46  0.900692  3.7180  4.5500 -0.3318  8.3011  6.1989  5.4728  5.2920  5.2300
  47  0.912176  3.7222  4.5427 -0.3024  8.1430  6.0962  5.3915  5.2185  5.1619
  48  0.923820  3.7263  4.5349 -0.2728  7.9872  5.9948  5.3107  5.1448  5.0937
  49  0.935532  3.7303  4.5267 -0.2431  7.8352  5.8947  5.2305  5.0716  5.0257
  50  0.947290  3.7341  4.5180 -0.2136  7.6865  5.7968  5.1514  4.9989  4.9581
  51  0.959098  3.7379  4.5090 -0.1840  7.5407  5.7005  5.0730  4.9268  4.8906
  52  0.966005  3.7401  4.5034 -0.1668  7.4579  5.6452  5.0276  4.8849  4.8514
  53  0.972770  3.7422  4.4979 -0.1500  7.3784  5.5913  4.9836  4.8442  4.8132
  54  0.979393  3.7441  4.4924 -0.1335  7.3018  5.5390  4.9407  4.8046  4.7760
  55  0.985883  3.7460  4.4868 -0.1175  7.2281  5.4882  4.8990  4.7659  4.7397
  56  0.992185  3.7478  4.4812 -0.1019  7.1578  5.4395  4.8587  4.7286  4.7046
  57  0.998012  3.7495  4.4759 -0.0874  7.0936  5.3946  4.8214  4.6939  4.6719
  58  1.003483  3.7510  4.4708 -0.0738  7.0339  5.3526  4.7863  4.6612  4.6411
  59  1.008800  3.7525  4.4656 -0.0605  6.9764  5.3118  4.7523  4.6294  4.6111
  60  1.014134  3.7539  4.4603 -0.0471  6.9196  5.2713  4.7183  4.5976  4.5810
  61  1.019671  3.7554  4.4548 -0.0335  6.8616  5.2298  4.6833  4.5648  4.5501
  62  1.025690  3.7569  4.4490 -0.0189  6.8000  5.1855  4.6460  4.5300  4.5170
  63  1.032587  3.7587  4.4423 -0.0024  6.7311  5.1358  4.6042  4.4908  4.4800
  64  1.041138  3.7607  4.4341  0.0176  6.6474  5.0755  4.5532  4.4430  4.4346
  65  1.060367  3.7650  4.4139  0.0630  6.4622  4.9396  4.4376  4.3343  4.3312
  66  1.079966  3.7691  4.3924  0.1086  6.2851  4.8058  4.3225  4.2256  4.2274
  67  1.088243  3.7707  4.3833  0.1274  6.2144  4.7516  4.2756  4.1811  4.1848
  68  1.083600  3.7700  4.3873  0.1185  6.2539  4.7796  4.2994  4.2036  4.2062
  69  1.088944  3.7710  4.3808  0.1314  6.2069  4.7429  4.2673  4.1731  4.1769
  70  1.094141  3.7720  4.3742  0.1438  6.1619  4.7075  4.2360  4.1433  4.1483
  71  1.100306  3.7730  4.3666  0.1580  6.1116  4.6674  4.2006  4.1096  4.1157
  72  1.109955  3.7744  4.3553  0.1786  6.0401  4.6097  4.1491  4.0602  4.0679
  73  1.147063  3.7779  4.3094  0.2524  5.8082  4.4094  3.9650  3.8814  3.8934
  74  1.155409  3.7788  4.2992  0.2696  5.7528  4.3623  3.9223  3.8402  3.8533
  75  1.163729  3.7796  4.2881  0.2866  5.7001  4.3164  3.8803  3.7994  3.8133
  76  1.173308  3.7802  4.2752  0.3056  5.6428  4.2656  3.8332  3.7534  3.7682
  77  1.184985  3.7809  4.2588  0.3285  5.5766  4.2053  3.7766  3.6978  3.7133
  78  1.195878  3.7813  4.2430  0.3496  5.5177  4.1505  3.7243  3.6461  3.6619
  79  1.204483  3.7815  4.2306  0.3659  5.4738  4.1089  3.6840  3.6061  3.6222
  80  1.210964  3.7816  4.2210  0.3780  5.4422  4.0782  3.6541  3.5762  3.5923
  81  1.216438  3.7814  4.2125  0.3882  5.4168  4.0530  3.6288  3.5508  3.5668
  82  1.219481  3.7814  4.2076  0.3940  5.4025  4.0388  3.6146  3.5365  3.5524
  83  1.222365  3.7814  4.2029  0.3994  5.3895  4.0255  3.6013  3.5230  3.5388
  84  1.225110  3.7812  4.1983  0.4046  5.3774  4.0131  3.5886  3.5101  3.5256
  85  1.227762  3.7811  4.1938  0.4096  5.3665  4.0015  3.5763  3.4975  3.5127
  86  1.230360  3.7810  4.1894  0.4144  5.3566  3.9904  3.5643  3.4850  3.5001
  87  1.232937  3.7809  4.1849  0.4192  5.3470  3.9796  3.5524  3.4728  3.4876
  88  1.235483  3.7807  4.1803  0.4238  5.3382  3.9691  3.5408  3.4608  3.4751
  89  1.238094  3.7805  4.1757  0.4286  5.3291  3.9585  3.5290  3.4486  3.4626
  90  1.240769  3.7803  4.1710  0.4334  5.3203  3.9479  3.5173  3.4363  3.4499
  91  1.243526  3.7801  4.1663  0.4382  5.3117  3.9371  3.5053  3.4238  3.4370
  92  1.246251  3.7799  4.1616  0.4430  5.3035  3.9265  3.4933  3.4114  3.4243
  93  1.248998  3.7797  4.1571  0.4478  5.2954  3.9160  3.4815  3.3990  3.4116
  94  1.251811  3.7795  4.1524  0.4526  5.2875  3.9054  3.4694  3.3865  3.3987
  95  1.254801  3.7793  4.1476  0.4577  5.2794  3.8943  3.4568  3.3734  3.3852
  96  1.258170  3.7791  4.1425  0.4633  5.2698  3.8818  3.4427  3.3589  3.3704
  97  1.262400  3.7790  4.1365  0.4703  5.2565  3.8656  3.4252  3.3410  3.3522
  98  1.312509  3.7787  4.0621  0.5614  5.0312  3.6360  3.1982  3.1146  3.1259
  99  1.316956  3.7780  4.0543  0.5683  5.0201  3.6205  3.1813  3.0969  3.1076
 100  1.322144  3.7774  4.0450  0.5768  5.0050  3.6011  3.1607  3.0755  3.0855
 101  1.329290  3.7766  4.0320  0.5889  4.9801  3.5723  3.1312  3.0451  3.0543
 102  1.337375  3.7756  4.0163  0.6033  4.9494  3.5382  3.0965  3.0092  3.0175
 103  1.344537  3.7748  4.0021  0.6167  4.9203  3.5063  3.0641  2.9757  2.9831
 104  1.350059  3.7744  3.9915  0.6276  4.8953  3.4799  3.0374  2.9485  2.9554
 105  1.353988  3.7743  3.9841  0.6358  4.8752  3.4594  3.0169  2.9279  2.9347
 106  1.356601  3.7744  3.9791  0.6421  4.8578  3.4431  3.0014  2.9125  2.9194
 107  1.358773  3.7745  3.9747  0.6476  4.8429  3.4288  2.9876  2.8989  2.9059
 108  1.360479  3.7747  3.9713  0.6525  4.8281  3.4157  2.9753  2.8870  2.8942
 109  1.361797  3.7750  3.9685  0.6568  4.8143  3.4037  2.9643  2.8764  2.8840
 110  1.362995  3.7753  3.9658  0.6609  4.8014  3.3925  2.9539  2.8664  2.8744
 111  1.364057  3.7756  3.9634  0.6648  4.7885  3.3814  2.9439  2.8569  2.8652
 112  1.364907  3.7759  3.9615  0.6682  4.7779  3.3722  2.9353  2.8488  2.8573
 113  1.365683  3.7762  3.9596  0.6717  4.7668  3.3624  2.9262  2.8402  2.8492
 114  1.366403  3.7765  3.9577  0.6752  4.7559  3.3526  2.9171  2.8316  2.8410
 115  1.367097  3.7769  3.9559  0.6788  4.7441  3.3422  2.9075  2.8226  2.8325
 116  1.367715  3.7774  3.9540  0.6826  4.7324  3.3317  2.8975  2.8134  2.8237
 117  1.368313  3.7778  3.9522  0.6864  4.7203  3.3208  2.8873  2.8039  2.8148
 118  1.368864  3.7783  3.9502  0.6906  4.7072  3.3091  2.8763  2.7937  2.8052
 119  1.369365  3.7788  3.9482  0.6949  4.6935  3.2968  2.8647  2.7829  2.7951
 120  1.369836  3.7795  3.9462  0.6997  4.6779  3.2831  2.8521  2.7713  2.7842
 121  1.370274  3.7801  3.9439  0.7047  4.6597  3.2684  2.8393  2.7596  2.7732
 122  1.370660  3.7809  3.9413  0.7103  4.6385  3.2518  2.8254  2.7469  2.7613
 123  1.371003  3.7816  3.9387  0.7160  4.6163  3.2345  2.8111  2.7337  2.7490
 124  1.371309  3.7824  3.9358  0.7221  4.5927  3.2163  2.7960  2.7198  2.7361
 125  1.371582  3.7832  3.9328  0.7285  4.5680  3.1973  2.7804  2.7055  2.7226
 126  1.371820  3.7840  3.9295  0.7349  4.5427  3.1778  2.7644  2.6906  2.7087
 127  1.372020  3.7848  3.9260  0.7417  4.5166  3.1575  2.7476  2.6752  2.6941
 128  1.372175  3.7857  3.9223  0.7487  4.4902  3.1369  2.7304  2.6592  2.6792
 129  1.372246  3.7865  3.9188  0.7556  4.4647  3.1163  2.7132  2.6433  2.6642
 130  1.372260  3.7872  3.9162  0.7612  4.4432  3.0994  2.6991  2.6305  2.6523
 131  1.372236  3.7875  3.9167  0.7618  4.4375  3.0964  2.6974  2.6293  2.6515
 132  1.372266  3.7874  3.9113  0.7668  4.4244  3.0837  2.6846  2.6163  2.6384
 133  1.372269  3.7878  3.9057  0.7741  4.4012  3.0634  2.6663  2.5988  2.6214
 134  1.372413  3.7877  3.9030  0.7767  4.3944  3.0568  2.6597  2.5922  2.6148
 135  1.372483  3.7877  3.8967  0.7830  4.3778  3.0404  2.6437  2.5762  2.5989
 136  1.372567  3.7879  3.8900  0.7905  4.3557  3.0201  2.6248  2.5577  2.5808
 137  1.372893  3.7883  3.8835  0.7984  4.3322  2.9988  2.6053  2.5388  2.5622
 138  1.373331  3.7890  3.8811  0.8040  4.3084  2.9814  2.5919  2.5266  2.5510
 139  1.373719  3.7894  3.8821  0.8047  4.3010  2.9779  2.5908  2.5261  2.5508
 140  1.374074  3.7896  3.8826  0.8052  4.2948  2.9750  2.5898  2.5255  2.5505
 141  1.374401  3.7899  3.8824  0.8063  4.2875  2.9708  2.5874  2.5234  2.5487
 142  1.374719  3.7900  3.8816  0.8080  4.2787  2.9650  2.5834  2.5198  2.5454
 143  1.375054  3.7896  3.8843  0.8037  4.2939  2.9776  2.5941  2.5298  2.5549
 144  1.375384  3.7882  3.8820  0.8006  4.3164  2.9904  2.6012  2.5348  2.5583
 145  1.375761  3.7871  3.8776  0.8005  4.3289  2.9948  2.6010  2.5328  2.5550
 146  1.376262  3.7861  3.8751  0.7991  4.3401  3.0014  2.6050  2.5353  2.5563
 147  1.376784  3.7852  3.8745  0.7960  4.3577  3.0127  2.6125  2.5413  2.5612
 148  1.377336  3.7833  3.8678  0.7956  4.3806  3.0215  2.6133  2.5391  2.5568
 149  1.377871  3.7820  3.8587  0.7996  4.3842  3.0167  2.6037  2.5275  2.5435
 150  1.378414  3.7807  3.8490  0.8043  4.3861  3.0100  2.5926  2.5143  2.5287
 151  1.379019  3.7790  3.8396  0.8075  4.3964  3.0085  2.5853  2.5044  2.5169
 152  1.379668  3.7777  3.8324  0.8092  4.4090  3.0099  2.5815  2.4984  2.5092
 153  1.380321  3.7766  3.8275  0.8102  4.4191  3.0117  2.5797  2.4950  2.5044
 154  1.380963  3.7757  3.8235  0.8109  4.4271  3.0133  2.5783  2.4922  2.5006
 155  1.381596  3.7750  3.8199  0.8116  4.4343  3.0147  2.5769  2.4897  2.4971
 156  1.382218  3.7742  3.8165  0.8122  4.4420  3.0163  2.5755  2.4870  2.4936
 157  1.382831  3.7735  3.8132  0.8127  4.4515  3.0186  2.5738  2.4841  2.4898
 158  1.383434  3.7727  3.8100  0.8133  4.4610  3.0208  2.5724  2.4815  2.4862
 159  1.384027  3.7720  3.8069  0.8136  4.4711  3.0235  2.5711  2.4790  2.4829
 160  1.384610  3.7713  3.8038  0.8139  4.4822  3.0266  2.5699  2.4767  2.4796
 161  1.385182  3.7705  3.8006  0.8141  4.4943  3.0302  2.5691  2.4745  2.4766
 162  1.386928  3.7676  3.7900  0.8139  4.5393  3.0451  2.5679  2.4688  2.4675
 163  1.388559  3.7645  3.7801  0.8117  4.5872  3.0646  2.5739  2.4699  2.4648
 164  1.390066  3.7611  3.7713  0.8073  4.6447  3.0909  2.5861  2.4768  2.4675
 165  1.391428  3.7575  3.7638  0.8007  4.7129  3.1243  2.6041  2.4890  2.4754
 166  1.392631  3.7537  3.7578  0.7922  4.7882  3.1641  2.6276  2.5064  2.4881
 167  1.393689  3.7500  3.7532  0.7822  4.8695  3.2085  2.6553  2.5278  2.5048
 168  1.394632  3.7462  3.7496  0.7711  4.9562  3.2556  2.6859  2.5524  2.5247
 169  1.395490  3.7425  3.7468  0.7594  5.0470  3.3048  2.7187  2.5793  2.5468
 170  1.396290  3.7388  3.7443  0.7471  5.1399  3.3560  2.7530  2.6074  2.5702
 171  1.397059  3.7350  3.7418  0.7347  5.2354  3.4092  2.7883  2.6363  2.5940
 172  1.397820  3.7311  3.7387  0.7223  5.3352  3.4636  2.8244  2.6655  2.6182
 173  1.398606  3.7269  3.7344  0.7102  5.4406  3.5193  2.8608  2.6948  2.6418
 174  1.399475  3.7223  3.7276  0.6989  5.5545  3.5769  2.8967  2.7227  2.6635
 175  1.400521  3.7170  3.7150  0.6906  5.6758  3.6323  2.9270  2.7435  2.6768
 176  1.401741  3.7115  3.6951  0.6889  5.7872  3.6738  2.9425  2.7490  2.6744
 177  1.402976  3.7068  3.6696  0.6957  5.8647  3.6898  2.9362  2.7337  2.6523
 178  1.403976  3.7037  3.6450  0.7082  5.8944  3.6805  2.9126  2.7042  2.6182
 179  1.404808  3.7015  3.6230  0.7220  5.9025  3.6617  2.8838  2.6713  2.5819
 180  1.405553  3.6998  3.6022  0.7362  5.9009  3.6386  2.8529  2.6370  2.5450
 181  1.406241  3.6985  3.5822  0.7507  5.8926  3.6126  2.8204  2.6017  2.5075
 182  1.407093  3.6968  3.5558  0.7710  5.8744  3.5741  2.7745  2.5525  2.4558
 183  1.407917  3.6954  3.5296  0.7918  5.8507  3.5325  2.7264  2.5016  2.4026
 184  1.408719  3.6941  3.5035  0.8132  5.8233  3.4887  2.6768  2.4495  2.3485
 185  1.409502  3.6930  3.4774  0.8347  5.7933  3.4439  2.6266  2.3968  2.2938
 186  1.410269  3.6919  3.4516  0.8564  5.7608  3.3981  2.5756  2.3435  2.2388
 187  1.411023  3.6908  3.4258  0.8782  5.7271  3.3518  2.5244  2.2901  2.1836
 188  1.411764  3.6898  3.4002  0.9001  5.6925  3.3050  2.4730  2.2365  2.1284
 189  1.412492  3.6888  3.3746  0.9220  5.6570  3.2578  2.4213  2.1828  2.0730
 190  1.413209  3.6879  3.3492  0.9439  5.6212  3.2105  2.3696  2.1290  2.0177
 191  1.413914  3.6869  3.3237  0.9659  5.5851  3.1630  2.3177  2.0752  1.9622
 192  1.414607  3.6861  3.2982  0.9878  5.5490  3.1155  2.2660  2.0214  1.9068
 193  1.415288  3.6851  3.2728  1.0098  5.5129  3.0679  2.2140  1.9675  1.8514
 194  1.415958  3.6842  3.2473  1.0319  5.4771  3.0202  2.1621  1.9136  1.7959
 195  1.416617  3.6833  3.2219  1.0539  5.4418  2.9726  2.1101  1.8597  1.7404
 196  1.417265  3.6824  3.1963  1.0760  5.4068  2.9249  2.0581  1.8055  1.6847
 197  1.417902  3.6814  3.1705  1.0981  5.3729  2.8776  2.0062  1.7515  1.6291
 198  1.418528  3.6806  3.1450  1.1202  5.3376  2.8297  1.9540  1.6972  1.5733
 199  1.419145  3.6796  3.1193  1.1423  5.3045  2.7826  1.9022  1.6433  1.5178
 200  1.419750  3.6787  3.0935  1.1645  5.2708  2.7353  1.8501  1.5892  1.4620
 201  1.420344  3.6777  3.0675  1.1868  5.2378  2.6880  1.7981  1.5348  1.4060
 202  1.420923  3.6767  3.0412  1.2093  5.2044  2.6401  1.7454  1.4798  1.3494
 203  1.421488  3.6756  3.0146  1.2321  5.1712  2.5920  1.6922  1.4243  1.2921
 204  1.422042  3.6746  2.9875  1.2551  5.1397  2.5442  1.6391  1.3685  1.2344
 205  1.422586  3.6735  2.9603  1.2780  5.1080  2.4964  1.5857  1.3127  1.1768
 206  1.423119  3.6724  2.9330  1.3011  5.0770  2.4486  1.5323  1.2566  1.1188
 207  1.423637  3.6713  2.9052  1.3244  5.0459  2.4004  1.4782  1.1999  1.0601
 208  1.424137  3.6701  2.8768  1.3483  5.0151  2.3515  1.4234  1.1421  1.0002
 209  1.424618  3.6689  2.8479  1.3727  4.9843  2.3019  1.3674  1.0833  0.9393
 210  1.425084  3.6676  2.8183  1.3973  4.9542  2.2521  1.3110  1.0238  0.8776
 211  1.425544  3.6663  2.7886  1.4219  4.9253  2.2027  1.2548  0.9644  0.8158
 212  1.425999  3.6651  2.7592  1.4463  4.8964  2.1537  1.1991  0.9054  0.7546
 213  1.426427  3.6637  2.7286  1.4717  4.8676  2.1035  1.1416  0.8446  0.6914
 214  1.426844  3.6623  2.6977  1.4972  4.8394  2.0530  1.0839  0.7834  0.6276
 215  1.427251  3.6609  2.6665  1.5229  4.8116  2.0025  1.0260  0.7216  0.5634
 216  1.427648  3.6595  2.6350  1.5489  4.7841  1.9518  0.9676  0.6596  0.4986
 217  1.427712  3.6593  2.6299  1.5530  4.7798  1.9437  0.9583  0.6496  0.4883
 218  1.427775  3.6590  2.6248  1.5571  4.7755  1.9357  0.9492  0.6398  0.4780
 219  1.427838  3.6588  2.6199  1.5612  4.7714  1.9277  0.9400  0.6300  0.4678
 220  1.427901  3.6586  2.6148  1.5653  4.7671  1.9198  0.9308  0.6203  0.4575
 221  1.427965  3.6583  2.6099  1.5694  4.7628  1.9118  0.9217  0.6105  0.4474
 222  1.428029  3.6581  2.6049  1.5735  4.7587  1.9040  0.9126  0.6008  0.4372
 223  1.428093  3.6579  2.6000  1.5775  4.7545  1.8961  0.9035  0.5911  0.4271
 224  1.428157  3.6576  2.5950  1.5815  4.7505  1.8884  0.8946  0.5815  0.4171
 225  1.428222  3.6575  2.5902  1.5855  4.7462  1.8806  0.8857  0.5719  0.4071
 226  1.428288  3.6572  2.5853  1.5895  4.7424  1.8730  0.8769  0.5625  0.3972
 227  1.428895  3.6556  2.5500  1.6186  4.7109  1.8162  0.8119  0.4930  0.3246
 228  1.429494  3.6564  2.5625  1.6097  4.7113  1.8295  0.8300  0.5136  0.3467
 229  1.430160  3.6579  2.5887  1.5895  4.7236  1.8647  0.8728  0.5608  0.3970
 230  1.430912  3.6564  2.5557  1.6170  4.6949  1.8114  0.8115  0.4953  0.3286
 231  1.431628  3.6528  2.4790  1.6791  4.6401  1.6953  0.6750  0.3481  0.1742
 232  1.432242  3.6490  2.4037  1.7395  4.5918  1.5848  0.5440  0.2059  0.0243
 233  1.432789  3.6451  2.3290  1.7991  4.5474  1.4781  0.4166  0.0665 -0.1230
 234  1.433260  3.6414  2.2572  1.8561  4.5076  1.3779  0.2963 -0.0663 -0.2641
 235  1.433676  3.6377  2.1863  1.9122  4.4703  1.2810  0.1795 -0.1962 -0.4028
 236  1.434040  3.6341  2.1192  1.9652  4.4376  1.1919  0.0717 -0.3178 -0.5332
 237  1.434363  3.6306  2.0534  2.0167  4.4068  1.1066 -0.0318 -0.4356 -0.6603
 238  1.434652  3.6269  1.9878  2.0680  4.3778  1.0237 -0.1323 -0.5517 -0.7864
 239  1.434906  3.6233  1.9234  2.1179  4.3515  0.9453 -0.2272 -0.6635 -0.9090
 240  1.435135  3.6197  1.8599  2.1670  4.3269  0.8711 -0.3174 -0.7722 -1.0292
 241  1.435340  3.6160  1.7978  2.2146  4.3032  0.8013 -0.4022 -0.8766 -1.1461
 242  1.435523  3.6124  1.7370  2.2612  4.2795  0.7352 -0.4820 -0.9778 -1.2603
 243  1.435686  3.6090  1.6778  2.3064  4.2570  0.6731 -0.5563 -1.0749 -1.3710
 244  1.435835  3.6055  1.6193  2.3509  4.2348  0.6145 -0.6255 -1.1693 -1.4799
 245  1.435969  3.6020  1.5620  2.3944  4.2123  0.5594 -0.6898 -1.2605 -1.5865
 246  1.436091  3.5986  1.5060  2.4368  4.1889  0.5085 -0.7485 -1.3479 -1.6898
 247  1.436200  3.5952  1.4511  2.4782  4.1654  0.4620 -0.8013 -1.4317 -1.7905
 248  1.436301  3.5918  1.3971  2.5187  4.1430  0.4202 -0.8471 -1.5122 -1.8890
 249  1.436392  3.5886  1.3447  2.5580  4.1212  0.3827 -0.8862 -1.5887 -1.9843
 250  1.436476  3.5852  1.2929  2.5966  4.0991  0.3483 -0.9192 -1.6627 -2.0782
 251  1.436552  3.5820  1.2426  2.6341  4.0762  0.3181 -0.9461 -1.7329 -2.1687
 252  1.436623  3.5789  1.1931  2.6710  4.0527  0.2923 -0.9665 -1.8003 -2.2573
 253  1.436687  3.5757  1.1448  2.7068  4.0297  0.2713 -0.9778 -1.8640 -2.3432
 254  1.436746  3.5727  1.0975  2.7419  4.0075  0.2554 -0.9820 -1.9242 -2.4268
 255  1.436802  3.5696  1.0512  2.7759  3.9869  0.2446 -0.9800 -1.9806 -2.5074
 256  1.436852  3.5666  1.0059  2.8093  3.9685  0.2390 -0.9741 -2.0334 -2.5851
 257  1.436899  3.5636  0.9613  2.8418  3.9552  0.2396 -0.9677 -2.0824 -2.6593
 258  1.436943  3.5607  0.9178  2.8735  3.9429  0.2476 -0.9530 -2.1267 -2.7300
 259  1.436983  3.5577  0.8752  2.9046  3.9301  0.2639 -0.9262 -2.1664 -2.7977
 260  1.437022  3.5549  0.8334  2.9348  3.9163  0.2889 -0.8843 -2.2012 -2.8621
 261  1.437057  3.5520  0.7925  2.9643  3.8969  0.3309 -0.8050 -2.2288 -2.9235
 262  1.437090  3.5492  0.7525  2.9932  3.8730  0.3782 -0.7141 -2.2517 -2.9812
 263  1.437121  3.5465  0.7129  3.0215  3.8494  0.4342 -0.6131 -2.2687 -3.0350
 264  1.437150  3.5437  0.6746  3.0490  3.8261  0.4970 -0.5069 -2.2796 -3.0842
 265  1.437177  3.5410  0.6369  3.0759  3.8029  0.5746 -0.3927 -2.2799 -3.1266
 266  1.437203  3.5383  0.6000  3.1022  3.7803  0.6669 -0.2755 -2.2682 -3.1607
 267  1.437227  3.5357  0.5637  3.1279  3.7581  0.7672 -0.1550 -2.2502 -3.1901
 268  1.437250  3.5331  0.5283  3.1530  3.7325  0.8773 -0.0217 -2.2249 -3.2146
 269  1.437271  3.5306  0.4936  3.1775  3.7076  0.9883  0.1060 -2.1960 -3.2352
 270  1.437292  3.5280  0.4594  3.2016  3.6881  1.0895  0.2117 -2.1696 -3.2546
 271  1.437310  3.5255  0.4261  3.2249  3.6745  1.1804  0.2964 -2.1452 -3.2727
 272  1.437329  3.5231  0.3935  3.2477  3.6645  1.2693  0.3719 -2.1194 -3.2878
 273  1.437346  3.5207  0.3615  3.2700  3.6600  1.3588  0.4354 -2.0905 -3.2987
 274  1.437363  3.5183  0.3303  3.2918  3.6579  1.4435  0.4868 -2.0620 -3.3076
 275  1.437379  3.5160  0.2998  3.3130  3.6574  1.5222  0.5271 -2.0341 -3.3149
 276  1.437394  3.5136  0.2694  3.3338  3.6575  1.5990  0.5649 -2.0037 -3.3185
 277  1.437408  3.5113  0.2403  3.3538  3.6565  1.6645  0.5908 -1.9785 -3.3235
 278  1.437486  3.5092  0.2128  3.3728  3.6560  1.7197  0.6042 -1.9577 -3.3291
