#NUMBER OF AGES= 1
#----------------------------------------------------       
#MIX-LEN  Y      Z          Zeff        [Fe/H] [a/Fe]
# 1.9380  0.2846 2.4865E-02 2.4865E-02   0.20   0.00 
#----------------------------------------------------       
#**PHOTOMETRIC SYSTEM**: SDSS (AB)                          
#----------------------------------------------------       
#AGE= 4.000 EEPS=272
#EEP   M/Mo    LogTeff  LogG   LogL/Lo sdss_u  sdss_g  sdss_r  sdss_i  sdss_z
   8  0.114088  3.5006  5.2364 -2.7853 17.9070 14.8471 13.3528 12.0433 11.2855
   9  0.135461  3.5005  5.1662 -2.6409 17.4977 14.4804 12.9943 11.6855 10.9267
  10  0.171543  3.5033  5.0901 -2.4511 16.9004 13.9506 12.4829 11.1971 10.4496
  11  0.216181  3.5100  5.0358 -2.2693 16.2569 13.3820 11.9435 10.7067  9.9866
  12  0.247815  3.5144  5.0032 -2.1600 15.8745 13.0400 11.6205 10.4123  9.7093
  13  0.275044  3.5179  4.9788 -2.0761 15.5841 12.7773 11.3728 10.1862  9.4966
  14  0.294903  3.5203  4.9610 -2.0184 15.3879 12.5984 11.2043 10.0314  9.3507
  15  0.305668  3.5217  4.9514 -1.9881 15.2851 12.5043 11.1158  9.9501  9.2741
  16  0.312543  3.5225  4.9443 -1.9683 15.2195 12.4442 11.0591  9.8975  9.2242
  17  0.317625  3.5230  4.9379 -1.9527 15.1690 12.3979 11.0155  9.8566  9.1851
  18  0.321913  3.5235  4.9319 -1.9391 15.1252 12.3579 10.9778  9.8209  9.1510
  19  0.325222  3.5239  4.9278 -1.9291 15.0926 12.3281 10.9498  9.7947  9.1258
  20  0.326439  3.5236  4.9286 -1.9289 15.0956 12.3299 10.9507  9.7950  9.1256
  21  0.328115  3.5243  4.9299 -1.9253 15.0754 12.3115 10.9346  9.7826  9.1158
  22  0.332263  3.5248  4.9244 -1.9125 15.0337 12.2735 10.8988  9.7489  9.0837
  23  0.337292  3.5252  4.9179 -1.8978 14.9883 12.2316 10.8593  9.7110  9.0470
  24  0.389486  3.5326  4.8756 -1.7657 14.5380 11.8136 10.4727  9.3540  8.7144
  25  0.420824  3.5386  4.8518 -1.6866 14.2656 11.5526 10.2328  9.1367  8.5162
  26  0.479298  3.5500  4.8046 -1.5329 13.7353 11.0362  9.7409  8.7108  8.1344
  27  0.497283  3.5547  4.7886 -1.4820 13.5628 10.8604  9.5740  8.5668  8.0085
  28  0.511352  3.5587  4.7759 -1.4414 13.4254 10.7171  9.4364  8.4515  7.9087
  29  0.522993  3.5621  4.7656 -1.4072 13.3101 10.5943  9.3176  8.3543  7.8254
  30  0.532986  3.5653  4.7566 -1.3776 13.2097 10.4857  9.2116  8.2697  7.7533
  31  0.542773  3.5683  4.7479 -1.3486 13.1126 10.3798  9.1076  8.1871  7.6833
  32  0.554536  3.5721  4.7378 -1.3138 12.9963 10.2513  8.9812  8.0872  7.5993
  33  0.570671  3.5779  4.7249 -1.2654 12.8336 10.0664  8.7981  7.9454  7.4825
  34  0.591772  3.5859  4.7088 -1.2020 12.6140  9.8122  8.5422  7.7546  7.3299
  35  0.616104  3.5956  4.6916 -1.1286 12.3591  9.5100  8.2384  7.5316  7.1535
  36  0.624086  3.5978  4.6822 -1.1033 12.3128  9.4351  8.1663  7.4671  7.0947
  37  0.647614  3.6083  4.6685 -1.0322 12.0503  9.1263  7.8588  7.2473  6.9272
  38  0.728186  3.6440  4.6310 -0.8034 10.9759  8.1189  6.9614  6.5637  6.3725
  39  0.753003  3.6551  4.6193 -0.7321 10.6151  7.8114  6.7090  6.3609  6.1989
  40  0.777143  3.6666  4.6088 -0.6615 10.2190  7.5016  6.4630  6.1602  6.0245
  41  0.820168  3.6869  4.5906 -0.5376  9.4565  6.9733  6.0671  5.8214  5.7167
  42  0.839107  3.6948  4.5817 -0.4872  9.1700  6.7757  5.9176  5.6894  5.5954
  43  0.851940  3.6999  4.5751 -0.4537  8.9796  6.6473  5.8196  5.6024  5.5155
  44  0.863751  3.7045  4.5688 -0.4230  8.8072  6.5317  5.7310  5.5233  5.4427
  45  0.875097  3.7089  4.5624 -0.3933  8.6430  6.4223  5.6464  5.4478  5.3731
  46  0.885996  3.7131  4.5560 -0.3648  8.4859  6.3185  5.5657  5.3754  5.3064
  47  0.896917  3.7172  4.5491 -0.3364  8.3310  6.2168  5.4860  5.3037  5.2403
  48  0.907960  3.7212  4.5419 -0.3077  8.1768  6.1164  5.4068  5.2319  5.1740
  49  0.919184  3.7252  4.5343 -0.2789  8.0243  6.0172  5.3278  5.1599  5.1073
  50  0.930488  3.7290  4.5263 -0.2500  7.8753  5.9194  5.2493  5.0883  5.0408
  51  0.941803  3.7328  4.5179 -0.2211  7.7298  5.8235  5.1720  5.0174  4.9748
  52  0.948772  3.7351  4.5124 -0.2034  7.6421  5.7655  5.1248  4.9740  4.9344
  53  0.955627  3.7373  4.5070 -0.1861  7.5572  5.7093  5.0789  4.9316  4.8946
  54  0.962350  3.7395  4.5015 -0.1691  7.4752  5.6546  5.0341  4.8903  4.8560
  55  0.968945  3.7415  4.4960 -0.1525  7.3967  5.6014  4.9906  4.8500  4.8182
  56  0.975411  3.7434  4.4904 -0.1362  7.3210  5.5497  4.9481  4.8108  4.7814
  57  0.981744  3.7453  4.4847 -0.1203  7.2482  5.4996  4.9068  4.7726  4.7455
  58  0.987955  3.7471  4.4792 -0.1048  7.1778  5.4507  4.8666  4.7352  4.7103
  59  0.993912  3.7488  4.4737 -0.0899  7.1114  5.4044  4.8281  4.6994  4.6765
  60  0.999436  3.7503  4.4684 -0.0760  7.0504  5.3616  4.7924  4.6661  4.6452
  61  1.004655  3.7518  4.4632 -0.0628  6.9933  5.3211  4.7585  4.6345  4.6152
  62  1.009762  3.7532  4.4581 -0.0498  6.9382  5.2817  4.7253  4.6034  4.5860
  63  1.014896  3.7545  4.4528 -0.0368  6.8834  5.2424  4.6922  4.5724  4.5566
  64  1.020235  3.7560  4.4473 -0.0235  6.8274  5.2019  4.6581  4.5405  4.5263
  65  1.026020  3.7574  4.4413 -0.0092  6.7682  5.1591  4.6218  4.5065  4.4941
  66  1.032578  3.7590  4.4347  0.0066  6.7026  5.1116  4.5816  4.4688  4.4583
  67  1.040560  3.7609  4.4267  0.0254  6.6246  5.0548  4.5336  4.4237  4.4155
  68  1.056652  3.7645  4.4096  0.0635  6.4702  4.9414  4.4367  4.3325  4.3286
  69  1.077370  3.7687  4.3855  0.1128  6.2805  4.7973  4.3124  4.2147  4.2160
  70  1.086948  3.7705  4.3749  0.1345  6.1996  4.7349  4.2580  4.1632  4.1666
  71  1.092667  3.7715  4.3677  0.1479  6.1518  4.6969  4.2245  4.1313  4.1358
  72  1.087696  3.7708  4.3722  0.1385  6.1916  4.7259  4.2494  4.1549  4.1583
  73  1.092911  3.7717  4.3653  0.1511  6.1473  4.6905  4.2180  4.1249  4.1294
  74  1.098939  3.7726  4.3576  0.1650  6.0990  4.6515  4.1833  4.0916  4.0972
  75  1.107700  3.7738  4.3468  0.1838  6.0351  4.5991  4.1362  4.0463  4.0532
  76  1.141647  3.7764  4.3023  0.2513  5.8300  4.4188  3.9678  3.8818  3.8918
  77  1.150855  3.7772  4.2904  0.2699  5.7730  4.3689  3.9216  3.8369  3.8478
  78  1.159094  3.7777  4.2787  0.2865  5.7246  4.3250  3.8802  3.7962  3.8077
  79  1.167608  3.7780  4.2663  0.3035  5.6766  4.2808  3.8382  3.7548  3.7668
  80  1.177736  3.7783  4.2513  0.3232  5.6223  4.2298  3.7892  3.7063  3.7186
  81  1.188719  3.7785  4.2344  0.3448  5.5651  4.1749  3.7359  3.6533  3.6657
  82  1.194625  3.7786  4.2251  0.3563  5.5345  4.1455  3.7074  3.6250  3.6374
  83  1.199957  3.7786  4.2169  0.3665  5.5079  4.1198  3.6823  3.5999  3.6123
  84  1.204581  3.7785  4.2097  0.3752  5.4856  4.0980  3.6609  3.5784  3.5908
  85  1.208585  3.7785  4.2034  0.3827  5.4666  4.0793  3.6425  3.5600  3.5723
  86  1.212219  3.7785  4.1977  0.3894  5.4498  4.0626  3.6261  3.5434  3.5556
  87  1.215559  3.7784  4.1924  0.3956  5.4349  4.0476  3.6111  3.5283  3.5403
  88  1.218638  3.7782  4.1874  0.4012  5.4220  4.0339  3.5973  3.5142  3.5262
  89  1.221546  3.7781  4.1825  0.4065  5.4105  4.0214  3.5843  3.5010  3.5127
  90  1.224316  3.7779  4.1778  0.4115  5.4004  4.0096  3.5722  3.4885  3.4999
  91  1.226980  3.7777  4.1732  0.4164  5.3913  3.9986  3.5603  3.4763  3.4874
  92  1.229580  3.7775  4.1686  0.4210  5.3831  3.9882  3.5488  3.4643  3.4751
  93  1.232163  3.7774  4.1641  0.4256  5.3753  3.9780  3.5374  3.4525  3.4629
  94  1.234728  3.7771  4.1596  0.4301  5.3681  3.9681  3.5262  3.4408  3.4509
  95  1.237320  3.7769  4.1550  0.4346  5.3612  3.9583  3.5151  3.4291  3.4389
  96  1.239977  3.7767  4.1504  0.4393  5.3540  3.9482  3.5036  3.4172  3.4266
  97  1.242713  3.7764  4.1455  0.4439  5.3468  3.9380  3.4919  3.4049  3.4140
  98  1.245453  3.7761  4.1407  0.4488  5.3396  3.9277  3.4801  3.3926  3.4012
  99  1.248162  3.7759  4.1358  0.4536  5.3320  3.9172  3.4682  3.3801  3.3884
 100  1.250877  3.7756  4.1309  0.4585  5.3236  3.9062  3.4557  3.3672  3.3750
 101  1.253589  3.7756  4.1262  0.4638  5.3135  3.8943  3.4427  3.3539  3.3615
 102  1.256380  3.7756  4.1216  0.4693  5.3011  3.8810  3.4288  3.3398  3.3472
 103  1.259497  3.7757  4.1169  0.4756  5.2858  3.8655  3.4130  3.3240  3.3315
 104  1.264168  3.7759  4.1102  0.4848  5.2620  3.8424  3.3901  3.3013  3.3089
 105  1.307845  3.7747  4.0378  0.5685  5.0531  3.6312  3.1833  3.0943  3.1013
 106  1.309046  3.7749  4.0349  0.5726  5.0414  3.6205  3.1730  3.0842  3.0914
 107  1.310077  3.7751  4.0323  0.5764  5.0304  3.6103  3.1631  3.0746  3.0821
 108  1.310909  3.7753  4.0299  0.5801  5.0195  3.6005  3.1539  3.0658  3.0735
 109  1.311581  3.7757  4.0279  0.5835  5.0084  3.5909  3.1449  3.0573  3.0654
 110  1.312203  3.7760  4.0259  0.5868  4.9978  3.5817  3.1363  3.0490  3.0574
 111  1.312767  3.7763  4.0242  0.5902  4.9870  3.5724  3.1277  3.0409  3.0496
 112  1.313374  3.7767  4.0222  0.5939  4.9755  3.5622  3.1179  3.0317  3.0409
 113  1.313881  3.7771  4.0203  0.5976  4.9638  3.5517  3.1081  3.0224  3.0320
 114  1.314337  3.7776  4.0186  0.6014  4.9522  3.5414  3.0984  3.0133  3.0234
 115  1.314743  3.7780  4.0168  0.6052  4.9385  3.5302  3.0887  3.0044  3.0150
 116  1.315094  3.7785  4.0150  0.6088  4.9249  3.5193  3.0794  2.9958  3.0069
 117  1.315415  3.7790  4.0131  0.6127  4.9104  3.5078  3.0698  2.9870  2.9987
 118  1.315718  3.7795  4.0113  0.6166  4.8957  3.4963  3.0602  2.9781  2.9904
 119  1.315997  3.7799  4.0094  0.6205  4.8803  3.4844  3.0504  2.9691  2.9819
 120  1.316245  3.7805  4.0074  0.6246  4.8645  3.4723  3.0404  2.9599  2.9733
 121  1.316468  3.7810  4.0054  0.6288  4.8481  3.4595  3.0299  2.9502  2.9643
 122  1.316669  3.7815  4.0031  0.6333  4.8305  3.4461  3.0188  2.9401  2.9547
 123  1.316857  3.7821  4.0007  0.6379  4.8125  3.4323  3.0075  2.9296  2.9449
 124  1.317034  3.7826  3.9983  0.6426  4.7940  3.4181  2.9958  2.9188  2.9348
 125  1.317204  3.7832  3.9957  0.6475  4.7747  3.4034  2.9837  2.9076  2.9242
 126  1.317373  3.7837  3.9930  0.6525  4.7550  3.3883  2.9711  2.8959  2.9133
 127  1.317565  3.7843  3.9899  0.6579  4.7352  3.3727  2.9577  2.8835  2.9015
 128  1.317873  3.7846  3.9857  0.6635  4.7160  3.3568  2.9436  2.8700  2.8884
 129  1.318646  3.7847  3.9800  0.6697  4.6984  3.3407  2.9279  2.8544  2.8730
 130  1.320147  3.7848  3.9746  0.6761  4.6794  3.3235  2.9115  2.8383  2.8570
 131  1.321761  3.7850  3.9692  0.6829  4.6595  3.3053  2.8943  2.8216  2.8406
 132  1.323314  3.7853  3.9641  0.6897  4.6387  3.2867  2.8770  2.8048  2.8243
 133  1.324747  3.7856  3.9590  0.6966  4.6177  3.2679  2.8599  2.7883  2.8082
 134  1.326055  3.7858  3.9543  0.7026  4.6000  3.2517  2.8446  2.7734  2.7936
 135  1.327245  3.7857  3.9483  0.7085  4.5859  3.2369  2.8296  2.7583  2.7784
 136  1.328319  3.7857  3.9421  0.7148  4.5696  3.2206  2.8135  2.7423  2.7624
 137  1.329443  3.7855  3.9359  0.7210  4.5538  3.2046  2.7978  2.7265  2.7466
 138  1.330566  3.7855  3.9299  0.7271  4.5380  3.1889  2.7825  2.7112  2.7314
 139  1.331631  3.7855  3.9239  0.7334  4.5212  3.1727  2.7669  2.6957  2.7158
 140  1.332634  3.7854  3.9180  0.7397  4.5040  3.1563  2.7514  2.6802  2.7004
 141  1.333586  3.7853  3.9129  0.7446  4.4905  3.1437  2.7397  2.6684  2.6885
 142  1.334477  3.7851  3.9089  0.7479  4.4824  3.1357  2.7320  2.6604  2.6802
 143  1.335321  3.7845  3.9082  0.7465  4.4909  3.1411  2.7358  2.6632  2.6823
 144  1.336091  3.7839  3.9078  0.7450  4.4993  3.1468  2.7399  2.6665  2.6849
 145  1.336818  3.7833  3.9077  0.7428  4.5101  3.1544  2.7457  2.6712  2.6889
 146  1.337508  3.7821  3.9041  0.7420  4.5241  3.1610  2.7482  2.6719  2.6881
 147  1.338163  3.7812  3.8990  0.7432  4.5305  3.1617  2.7456  2.6678  2.6828
 148  1.338820  3.7794  3.8892  0.7461  4.5422  3.1616  2.7394  2.6587  2.6715
 149  1.339464  3.7781  3.8799  0.7504  4.5454  3.1555  2.7290  2.6463  2.6575
 150  1.340119  3.7767  3.8713  0.7537  4.5539  3.1529  2.7215  2.6367  2.6462
 151  1.340796  3.7753  3.8635  0.7560  4.5654  3.1528  2.7163  2.6292  2.6370
 152  1.341474  3.7742  3.8580  0.7573  4.5772  3.1544  2.7131  2.6243  2.6308
 153  1.342139  3.7732  3.8536  0.7583  4.5884  3.1565  2.7103  2.6200  2.6254
 154  1.342792  3.7723  3.8494  0.7591  4.5998  3.1588  2.7078  2.6161  2.6204
 155  1.343438  3.7715  3.8457  0.7598  4.6108  3.1612  2.7055  2.6125  2.6158
 156  1.344075  3.7707  3.8421  0.7604  4.6220  3.1637  2.7035  2.6092  2.6116
 157  1.344703  3.7699  3.8387  0.7609  4.6338  3.1667  2.7016  2.6061  2.6075
 158  1.345328  3.7691  3.8352  0.7613  4.6461  3.1698  2.7002  2.6033  2.6037
 159  1.345949  3.7683  3.8320  0.7615  4.6588  3.1734  2.6989  2.6008  2.6002
 160  1.346565  3.7674  3.8287  0.7617  4.6715  3.1773  2.6983  2.5989  2.5972
 161  1.347174  3.7667  3.8253  0.7617  4.6838  3.1813  2.6982  2.5974  2.5947
 162  1.349061  3.7637  3.8146  0.7615  4.7237  3.1946  2.6997  2.5943  2.5882
 163  1.350857  3.7606  3.8050  0.7592  4.7727  3.2144  2.7067  2.5964  2.5866
 164  1.352563  3.7572  3.7963  0.7549  4.8323  3.2410  2.7190  2.6034  2.5894
 165  1.354117  3.7536  3.7888  0.7484  4.9017  3.2754  2.7374  2.6160  2.5974
 166  1.355490  3.7497  3.7827  0.7398  4.9802  3.3165  2.7615  2.6337  2.6104
 167  1.356693  3.7458  3.7777  0.7296  5.0670  3.3620  2.7900  2.6559  2.6278
 168  1.357761  3.7420  3.7737  0.7184  5.1597  3.4106  2.8215  2.6812  2.6482
 169  1.358738  3.7381  3.7702  0.7066  5.2554  3.4621  2.8552  2.7085  2.6703
 170  1.359661  3.7341  3.7667  0.6944  5.3543  3.5159  2.8904  2.7368  2.6934
 171  1.360568  3.7301  3.7628  0.6823  5.4576  3.5712  2.9264  2.7657  2.7169
 172  1.361507  3.7257  3.7575  0.6703  5.5668  3.6280  2.9629  2.7948  2.7400
 173  1.362557  3.7208  3.7495  0.6594  5.6842  3.6862  2.9984  2.8216  2.7602
 174  1.363796  3.7154  3.7353  0.6523  5.8053  3.7398  3.0262  2.8397  2.7708
 175  1.365148  3.7099  3.7134  0.6529  5.9116  3.7761  3.0367  2.8400  2.7632
 176  1.366429  3.7057  3.6888  0.6608  5.9756  3.7858  3.0266  2.8218  2.7389
 177  1.367571  3.7027  3.6654  0.6725  6.0052  3.7783  3.0048  2.7943  2.7067
 178  1.368564  3.7005  3.6437  0.6858  6.0156  3.7612  2.9773  2.7626  2.6717
 179  1.369456  3.6987  3.6231  0.6998  6.0151  3.7390  2.9471  2.7289  2.6354
 180  1.370281  3.6974  3.6034  0.7141  6.0076  3.7136  2.9152  2.6942  2.5985
 181  1.371059  3.6962  3.5844  0.7287  5.9953  3.6861  2.8822  2.6589  2.5612
 182  1.371953  3.6949  3.5610  0.7472  5.9754  3.6495  2.8396  2.6136  2.5140
 183  1.372836  3.6937  3.5375  0.7663  5.9522  3.6109  2.7955  2.5671  2.4656
 184  1.373709  3.6926  3.5141  0.7857  5.9255  3.5704  2.7501  2.5195  2.4163
 185  1.374574  3.6916  3.4907  0.8054  5.8963  3.5288  2.7039  2.4713  2.3664
 186  1.375431  3.6907  3.4673  0.8254  5.8652  3.4862  2.6570  2.4223  2.3159
 187  1.376283  3.6898  3.4438  0.8455  5.8332  3.4430  2.6096  2.3729  2.2650
 188  1.377129  3.6890  3.4202  0.8659  5.7999  3.3990  2.5615  2.3230  2.2135
 189  1.377969  3.6880  3.3964  0.8864  5.7659  3.3545  2.5130  2.2725  2.1616
 190  1.378801  3.6872  3.3724  0.9072  5.7311  3.3093  2.4639  2.2216  2.1093
 191  1.379626  3.6864  3.3483  0.9282  5.6959  3.2637  2.4143  2.1702  2.0564
 192  1.380442  3.6855  3.3239  0.9495  5.6599  3.2173  2.3640  2.1181  2.0028
 193  1.381249  3.6847  3.2991  0.9711  5.6236  3.1702  2.3129  2.0651  1.9484
 194  1.382049  3.6838  3.2741  0.9929  5.5869  3.1226  2.2613  2.0116  1.8933
 195  1.382839  3.6829  3.2488  1.0150  5.5499  3.0744  2.2091  1.9575  1.8377
 196  1.383621  3.6821  3.2231  1.0373  5.5131  3.0258  2.1562  1.9028  1.7815
 197  1.384393  3.6812  3.1972  1.0600  5.4766  2.9768  2.1029  1.8474  1.7246
 198  1.385154  3.6802  3.1710  1.0828  5.4398  2.9272  2.0490  1.7914  1.6671
 199  1.385901  3.6793  3.1442  1.1060  5.4031  2.8772  1.9944  1.7347  1.6087
 200  1.386636  3.6783  3.1169  1.1296  5.3670  2.8267  1.9391  1.6771  1.5495
 201  1.387353  3.6774  3.0893  1.1536  5.3290  2.7750  1.8827  1.6185  1.4892
 202  1.388053  3.6764  3.0611  1.1780  5.2917  2.7228  1.8255  1.5589  1.4279
 203  1.388737  3.6753  3.0323  1.2027  5.2545  2.6701  1.7675  1.4985  1.3656
 204  1.389412  3.6741  3.0027  1.2278  5.2195  2.6177  1.7094  1.4376  1.3028
 205  1.390072  3.6729  2.9734  1.2529  5.1835  2.5650  1.6509  1.3765  1.2397
 206  1.390730  3.6718  2.9442  1.2778  5.1486  2.5130  1.5933  1.3161  1.1773
 207  1.391351  3.6707  2.9137  1.3037  5.1126  2.4589  1.5331  1.2531  1.1121
 208  1.391955  3.6694  2.8824  1.3300  5.0782  2.4048  1.4724  1.1892  1.0461
 209  1.392539  3.6681  2.8509  1.3567  5.0421  2.3495  1.4106  1.1245  0.9792
 210  1.393106  3.6668  2.8188  1.3837  5.0076  2.2945  1.3486  1.0592  0.9115
 211  1.393659  3.6653  2.7859  1.4109  4.9765  2.2404  1.2869  0.9937  0.8435
 212  1.394201  3.6639  2.7533  1.4381  4.9440  2.1856  1.2247  0.9281  0.7753
 213  1.394722  3.6625  2.7199  1.4658  4.9119  2.1305  1.1620  0.8616  0.7062
 214  1.395234  3.6610  2.6867  1.4935  4.8804  2.0756  1.0994  0.7952  0.6371
 215  1.395737  3.6595  2.6530  1.5212  4.8500  2.0209  1.0368  0.7287  0.5678
 216  1.396246  3.6580  2.6192  1.5490  4.8203  1.9665  0.9744  0.6622  0.4985
 217  1.396310  3.6579  2.6149  1.5526  4.8165  1.9595  0.9664  0.6536  0.4895
 218  1.396374  3.6576  2.6106  1.5562  4.8127  1.9525  0.9584  0.6451  0.4806
 219  1.396440  3.6574  2.6061  1.5598  4.8092  1.9457  0.9504  0.6366  0.4717
 220  1.396508  3.6572  2.6018  1.5634  4.8055  1.9387  0.9424  0.6279  0.4627
 221  1.396577  3.6570  2.5974  1.5670  4.8019  1.9317  0.9344  0.6194  0.4537
 222  1.396649  3.6568  2.5931  1.5705  4.7980  1.9248  0.9264  0.6109  0.4449
 223  1.396724  3.6566  2.5889  1.5740  4.7941  1.9178  0.9185  0.6024  0.4360
 224  1.396802  3.6565  2.5847  1.5776  4.7902  1.9109  0.9107  0.5941  0.4273
 225  1.396890  3.6563  2.5807  1.5809  4.7860  1.9042  0.9031  0.5860  0.4189
 226  1.396983  3.6561  2.5772  1.5838  4.7823  1.8981  0.8963  0.5788  0.4116
 227  1.397709  3.6557  2.5656  1.5942  4.7658  1.8756  0.8721  0.5538  0.3857
 228  1.398493  3.6574  2.5987  1.5680  4.7869  1.9233  0.9288  0.6154  0.4507
 229  1.399406  3.6573  2.5908  1.5759  4.7709  1.9046  0.9095  0.5959  0.4311
 230  1.400318  3.6547  2.5318  1.6247  4.7210  1.8106  0.8010  0.4798  0.3098
 231  1.401140  3.6509  2.4545  1.6870  4.6679  1.6951  0.6649  0.3326  0.1551
 232  1.401846  3.6473  2.3814  1.7457  4.6208  1.5880  0.5379  0.1944  0.0094
 233  1.402476  3.6436  2.3089  1.8036  4.5773  1.4845  0.4144  0.0591 -0.1338
 234  1.403024  3.6400  2.2382  1.8599  4.5374  1.3859  0.2962 -0.0717 -0.2731
 235  1.403509  3.6363  2.1685  1.9151  4.5005  1.2911  0.1821 -0.1992 -0.4093
 236  1.403937  3.6327  2.1019  1.9677  4.4675  1.2027  0.0753 -0.3198 -0.5388
 237  1.404316  3.6292  2.0364  2.0191  4.4362  1.1177 -0.0275 -0.4370 -0.6654
 238  1.404656  3.6256  1.9710  2.0702  4.4070  1.0356 -0.1267 -0.5523 -0.7910
 239  1.404958  3.6219  1.9070  2.1198  4.3808  0.9584 -0.2202 -0.6631 -0.9128
 240  1.405230  3.6183  1.8438  2.1685  4.3556  0.8850 -0.3090 -0.7709 -1.0324
 241  1.405472  3.6148  1.7822  2.2159  4.3312  0.8161 -0.3924 -0.8745 -1.1485
 242  1.405689  3.6112  1.7218  2.2622  4.3072  0.7509 -0.4708 -0.9746 -1.2620
 243  1.405885  3.6077  1.6626  2.3075  4.2842  0.6894 -0.5440 -1.0715 -1.3727
 244  1.406061  3.6042  1.6045  2.3517  4.2615  0.6316 -0.6118 -1.1649 -1.4810
 245  1.406221  3.6008  1.5475  2.3951  4.2382  0.5772 -0.6747 -1.2555 -1.5872
 246  1.406365  3.5974  1.4919  2.4372  4.2137  0.5273 -0.7321 -1.3420 -1.6898
 247  1.406497  3.5940  1.4370  2.4784  4.1901  0.4819 -0.7831 -1.4253 -1.7903
 248  1.406617  3.5906  1.3832  2.5189  4.1675  0.4412 -0.8269 -1.5049 -1.8884
 249  1.406726  3.5873  1.3306  2.5582  4.1453  0.4042 -0.8641 -1.5812 -1.9841
 250  1.406827  3.5841  1.2791  2.5966  4.1226  0.3708 -0.8953 -1.6544 -2.0773
 251  1.406918  3.5808  1.2290  2.6340  4.0991  0.3418 -0.9204 -1.7241 -2.1676
 252  1.407002  3.5777  1.1795  2.6708  4.0752  0.3172 -0.9375 -1.7907 -2.2559
 253  1.407080  3.5745  1.1313  2.7066  4.0521  0.2977 -0.9464 -1.8537 -2.3417
 254  1.407151  3.5715  1.0841  2.7416  4.0302  0.2835 -0.9485 -1.9129 -2.4246
 255  1.407217  3.5685  1.0378  2.7757  4.0099  0.2744 -0.9447 -1.9686 -2.5049
 256  1.407278  3.5655  0.9925  2.8090  3.9935  0.2704 -0.9403 -2.0205 -2.5819
 257  1.407335  3.5625  0.9480  2.8415  3.9806  0.2737 -0.9313 -2.0682 -2.6553
 258  1.407388  3.5595  0.9045  2.8732  3.9680  0.2850 -0.9119 -2.1112 -2.7254
 259  1.407436  3.5565  0.8618  2.9041  3.9546  0.3051 -0.8788 -2.1491 -2.7924
 260  1.407482  3.5537  0.8201  2.9344  3.9392  0.3390 -0.8187 -2.1811 -2.8564
 261  1.407525  3.5508  0.7792  2.9638  3.9162  0.3818 -0.7347 -2.2075 -2.9167
 262  1.407565  3.5480  0.7392  2.9927  3.8915  0.4331 -0.6380 -2.2281 -2.9733
 263  1.407602  3.5453  0.6997  3.0210  3.8680  0.4923 -0.5344 -2.2428 -3.0257
 264  1.407637  3.5425  0.6613  3.0485  3.8442  0.5608 -0.4233 -2.2502 -3.0730
 265  1.407669  3.5398  0.6237  3.0754  3.8213  0.6479 -0.3068 -2.2435 -3.1111
 266  1.407700  3.5372  0.5868  3.1017  3.7984  0.7439 -0.1884 -2.2292 -3.1434
 267  1.407730  3.5345  0.5505  3.1274  3.7749  0.8505 -0.0605 -2.2075 -3.1711
 268  1.407757  3.5319  0.5150  3.1524  3.7490  0.9622  0.0716 -2.1800 -3.1937
 269  1.407783  3.5293  0.4803  3.1769  3.7254  1.0700  0.1906 -2.1517 -3.2137
 270  1.407808  3.5268  0.4461  3.2009  3.7100  1.1639  0.2813 -2.1275 -3.2332
 271  1.407831  3.5243  0.4128  3.2243  3.6980  1.2543  0.3616 -2.1024 -3.2502
 272  1.407853  3.5219  0.3802  3.2470  3.6907  1.3438  0.4319 -2.0749 -3.2634
 273  1.407874  3.5194  0.3483  3.2694  3.6874  1.4316  0.4894 -2.0460 -3.2735
 274  1.407894  3.5171  0.3170  3.2911  3.6864  1.5144  0.5353 -2.0174 -3.2816
 275  1.407913  3.5147  0.2862  3.3124  3.6858  1.5931  0.5758 -1.9877 -3.2870
 276  1.407931  3.5123  0.2559  3.3332  3.6855  1.6654  0.6078 -1.9591 -3.2912
 277  1.407948  3.5100  0.2268  3.3532  3.6843  1.7266  0.6276 -1.9360 -3.2969
 278  1.407965  3.5077  0.1985  3.3725  3.6866  1.7798  0.6318 -1.9155 -3.3020
 279  1.407910  3.5057  0.1738  3.3892  3.6911  1.8230  0.6270 -1.8984 -3.3059
