#NUMBER OF AGES= 1
#----------------------------------------------------       
#MIX-LEN  Y      Z          Zeff        [Fe/H] [a/Fe]
# 1.9380  0.2846 2.4865E-02 2.4865E-02   0.20   0.00 
#----------------------------------------------------       
#**PHOTOMETRIC SYSTEM**: SDSS (AB)                          
#----------------------------------------------------       
#AGE= 4.250 EEPS=272
#EEP   M/Mo    LogTeff  LogG   LogL/Lo sdss_u  sdss_g  sdss_r  sdss_i  sdss_z
   8  0.109300  3.5007  5.2542 -2.8216 18.0090 14.9385 13.4424 12.1329 11.3754
   9  0.129101  3.5005  5.1853 -2.6810 17.6124 14.5831 13.0946 11.7851 11.0263
  10  0.159525  3.5018  5.1096 -2.5081 17.0936 14.1209 12.6457 11.3481 10.5943
  11  0.204587  3.5085  5.0486 -2.3124 16.4074 13.5159 12.0706 10.8227 10.0964
  12  0.237979  3.5131  5.0121 -2.1918 15.9854 13.1397 11.7146 10.4980  9.7899
  13  0.264177  3.5165  4.9870 -2.1074 15.6926 12.8761 11.4658 10.2708  9.5759
  14  0.287403  3.5194  4.9662 -2.0385 15.4568 12.6616 11.2637 10.0855  9.4014
  15  0.301398  3.5211  4.9540 -1.9988 15.3218 12.5381 11.1475  9.9791  9.3012
  16  0.309485  3.5221  4.9460 -1.9757 15.2446 12.4673 11.0810  9.9175  9.2429
  17  0.315295  3.5227  4.9393 -1.9583 15.1879 12.4154 11.0320  9.8718  9.1993
  18  0.319908  3.5232  4.9332 -1.9439 15.1414 12.3729 10.9919  9.8339  9.1631
  19  0.323360  3.5236  4.9289 -1.9334 15.1073 12.3417 10.9625  9.8063  9.1369
  20  0.324860  3.5235  4.9292 -1.9322 15.1063 12.3400 10.9603  9.8038  9.1339
  21  0.326554  3.5241  4.9301 -1.9283 15.0862 12.3216 10.9439  9.7910  9.1235
  22  0.330102  3.5245  4.9250 -1.9169 15.0490 12.2877 10.9122  9.7609  9.0948
  23  0.334153  3.5248  4.9191 -1.9044 15.0112 12.2530 10.8792  9.7291  9.0639
  24  0.339723  3.5255  4.9143 -1.8899 14.9631 12.2085 10.8375  9.6904  9.0273
  25  0.343463  3.5252  4.9153 -1.8873 14.9615 12.2054 10.8329  9.6851  9.0212
  26  0.485681  3.5505  4.7995 -1.5174 13.6802 10.9923  9.7046  8.6709  8.0940
  27  0.489337  3.5526  4.7950 -1.5037 13.6372 10.9369  9.6468  8.6288  8.0624
  28  0.505038  3.5569  4.7809 -1.4588 13.4849 10.7796  9.4966  8.5013  7.9515
  29  0.517754  3.5606  4.7694 -1.4217 13.3597 10.6475  9.3692  8.3959  7.8607
  30  0.528476  3.5639  4.7599 -1.3900 13.2524 10.5322  9.2572  8.3056  7.7836
  31  0.538273  3.5670  4.7512 -1.3608 13.1542 10.4253  9.1524  8.2223  7.7129
  32  0.548927  3.5704  4.7417 -1.3294 13.0491 10.3100  9.0390  8.1324  7.6370
  33  0.562835  3.5751  4.7302 -1.2880 12.9104 10.1543  8.8855  8.0120  7.5368
  34  0.581652  3.5821  4.7155 -1.2313 12.7172  9.9323  8.6638  7.8438  7.4002
  35  0.604516  3.5910  4.6987 -1.1623 12.4757  9.6499  8.3779  7.6342  7.2346
  36  0.628198  3.6008  4.6825 -1.0902 12.2295  9.3542  8.0856  7.4171  7.0615
  37  0.635400  3.6029  4.6742 -1.0675 12.1816  9.2820  8.0142  7.3573  7.0101
  38  0.701260  3.6327  4.6419 -0.8751 11.3478  8.4295  7.2190  6.7705  6.5492
  39  0.735603  3.6476  4.6257 -0.7786 10.8657  8.0140  6.8712  6.4926  6.3132
  40  0.760255  3.6590  4.6144 -0.7073 10.4875  7.7028  6.6192  6.2893  6.1383
  41  0.784231  3.6705  4.6043 -0.6371 10.0724  7.3944  6.3809  6.0916  5.9634
  42  0.820723  3.6876  4.5883 -0.5324  9.4297  6.9545  6.0523  5.8080  5.7041
  43  0.837100  3.6944  4.5804 -0.4885  9.1815  6.7825  5.9220  5.6929  5.5984
  44  0.849540  3.6994  4.5738 -0.4558  8.9952  6.6567  5.8262  5.6079  5.5202
  45  0.861036  3.7039  4.5677 -0.4257  8.8263  6.5432  5.7391  5.5302  5.4488
  46  0.872065  3.7082  4.5613 -0.3966  8.6655  6.4358  5.6562  5.4562  5.3805
  47  0.882742  3.7123  4.5549 -0.3685  8.5105  6.3333  5.5765  5.3846  5.3147
  48  0.893329  3.7163  4.5482 -0.3406  8.3585  6.2334  5.4983  5.3143  5.2498
  49  0.904017  3.7203  4.5411 -0.3127  8.2079  6.1350  5.4207  5.2441  5.1850
  50  0.914808  3.7241  4.5336 -0.2845  8.0591  6.0381  5.3435  5.1739  5.1199
  51  0.925677  3.7279  4.5258 -0.2563  7.9133  5.9427  5.2671  5.1040  5.0551
  52  0.932658  3.7303  4.5206 -0.2383  7.8220  5.8824  5.2185  5.0595  5.0137
  53  0.939536  3.7325  4.5152 -0.2206  7.7335  5.8239  5.1711  5.0160  4.9732
  54  0.946303  3.7348  4.5098 -0.2032  7.6472  5.7669  5.1248  4.9734  4.9334
  55  0.952968  3.7369  4.5043 -0.1862  7.5640  5.7115  5.0795  4.9317  4.8943
  56  0.959517  3.7390  4.4989 -0.1694  7.4833  5.6576  5.0354  4.8909  4.8561
  57  0.965936  3.7410  4.4933 -0.1530  7.4060  5.6053  4.9925  4.8512  4.8188
  58  0.972223  3.7430  4.4878 -0.1370  7.3315  5.5545  4.9507  4.8125  4.7825
  59  0.978386  3.7447  4.4822 -0.1213  7.2598  5.5050  4.9100  4.7748  4.7470
  60  0.984430  3.7465  4.4766 -0.1061  7.1905  5.4570  4.8702  4.7379  4.7123
  61  0.990353  3.7482  4.4710 -0.0911  7.1236  5.4103  4.8315  4.7019  4.6784
  62  0.995937  3.7498  4.4656 -0.0768  7.0615  5.3666  4.7950  4.6679  4.6462
  63  1.001148  3.7512  4.4603 -0.0636  7.0040  5.3258  4.7608  4.6359  4.6161
  64  1.006122  3.7526  4.4551 -0.0508  6.9497  5.2869  4.7281  4.6053  4.5871
  65  1.011025  3.7539  4.4499 -0.0381  6.8965  5.2488  4.6959  4.5752  4.5586
  66  1.015972  3.7553  4.4445 -0.0255  6.8438  5.2106  4.6635  4.5448  4.5298
  67  1.021137  3.7565  4.4389 -0.0124  6.7898  5.1713  4.6303  4.5136  4.5001
  68  1.026723  3.7579  4.4329  0.0015  6.7326  5.1297  4.5950  4.4804  4.4686
  69  1.033044  3.7594  4.4263  0.0168  6.6695  5.0836  4.5558  4.4437  4.4337
  70  1.040662  3.7612  4.4184  0.0350  6.5954  5.0293  4.5097  4.4002  4.3924
  71  1.055225  3.7644  4.4024  0.0697  6.4566  4.9267  4.4217  4.3173  4.3132
  72  1.075617  3.7684  4.3777  0.1188  6.2698  4.7838  4.2977  4.1995  4.2004
  73  1.086215  3.7702  4.3654  0.1428  6.1815  4.7151  4.2375  4.1423  4.1453
  74  1.092605  3.7713  4.3574  0.1576  6.1291  4.6733  4.2003  4.1068  4.1112
  75  1.086932  3.7705  4.3626  0.1469  6.1734  4.7059  4.2286  4.1338  4.1370
  76  1.092414  3.7714  4.3552  0.1598  6.1289  4.6698  4.1963  4.1027  4.1069
  77  1.098761  3.7722  4.3467  0.1742  6.0807  4.6300  4.1604  4.0681  4.0732
  78  1.108647  3.7733  4.3340  0.1950  6.0133  4.5733  4.1086  4.0179  4.0243
  79  1.138402  3.7750  4.2929  0.2539  5.8408  4.4181  3.9616  3.8735  3.8817
  80  1.148955  3.7755  4.2782  0.2746  5.7817  4.3640  3.9100  3.8227  3.8316
  81  1.157095  3.7758  4.2659  0.2909  5.7374  4.3222  3.8695  3.7826  3.7917
  82  1.161686  3.7759  4.2588  0.3002  5.7116  4.2981  3.8464  3.7598  3.7690
  83  1.166563  3.7760  4.2512  0.3100  5.6851  4.2731  3.8224  3.7360  3.7453
  84  1.171868  3.7761  4.2431  0.3204  5.6570  4.2464  3.7966  3.7103  3.7198
  85  1.177713  3.7761  4.2338  0.3319  5.6271  4.2172  3.7682  3.6819  3.6915
  86  1.183840  3.7761  4.2239  0.3440  5.5964  4.1868  3.7383  3.6521  3.6616
  87  1.189852  3.7760  4.2140  0.3558  5.5673  4.1575  3.7093  3.6229  3.6323
  88  1.195503  3.7759  4.2047  0.3666  5.5411  4.1307  3.6825  3.5959  3.6052
  89  1.200653  3.7758  4.1962  0.3763  5.5184  4.1069  3.6587  3.5720  3.5811
  90  1.205217  3.7757  4.1888  0.3846  5.4992  4.0865  3.6382  3.5512  3.5601
  91  1.209163  3.7755  4.1825  0.3918  5.4832  4.0692  3.6206  3.5335  3.5421
  92  1.212737  3.7753  4.1767  0.3982  5.4693  4.0538  3.6050  3.5176  3.5260
  93  1.216016  3.7751  4.1712  0.4040  5.4572  4.0401  3.5908  3.5031  3.5112
  94  1.219057  3.7749  4.1662  0.4094  5.4466  4.0276  3.5777  3.4896  3.4976
  95  1.221919  3.7747  4.1612  0.4144  5.4373  4.0161  3.5656  3.4771  3.4847
  96  1.224654  3.7745  4.1564  0.4192  5.4284  4.0052  3.5539  3.4650  3.4723
  97  1.227288  3.7742  4.1517  0.4239  5.4202  3.9947  3.5426  3.4532  3.4601
  98  1.229851  3.7740  4.1470  0.4285  5.4127  3.9848  3.5313  3.4414  3.4480
  99  1.232351  3.7737  4.1422  0.4332  5.4051  3.9747  3.5199  3.4295  3.4357
 100  1.234751  3.7735  4.1376  0.4379  5.3970  3.9643  3.5084  3.4174  3.4234
 101  1.236945  3.7734  4.1332  0.4425  5.3878  3.9535  3.4968  3.4056  3.4114
 102  1.238885  3.7734  4.1292  0.4470  5.3775  3.9427  3.4856  3.3942  3.3998
 103  1.240614  3.7734  4.1257  0.4515  5.3667  3.9319  3.4747  3.3834  3.3889
 104  1.242191  3.7736  4.1224  0.4557  5.3552  3.9211  3.4641  3.3728  3.3784
 105  1.243683  3.7737  4.1194  0.4598  5.3433  3.9102  3.4536  3.3625  3.3682
 106  1.245162  3.7740  4.1166  0.4640  5.3305  3.8990  3.4431  3.3522  3.3581
 107  1.246621  3.7742  4.1139  0.4682  5.3179  3.8879  3.4325  3.3419  3.3480
 108  1.248207  3.7744  4.1112  0.4726  5.3041  3.8760  3.4213  3.3310  3.3374
 109  1.250068  3.7748  4.1083  0.4775  5.2887  3.8629  3.4090  3.3191  3.3258
 110  1.252420  3.7751  4.1049  0.4832  5.2715  3.8478  3.3947  3.3052  3.3122
 111  1.293530  3.7747  4.0351  0.5663  5.0592  3.6368  3.1888  3.0997  3.1067
 112  1.293808  3.7751  4.0334  0.5698  5.0481  3.6274  3.1799  3.0913  3.0988
 113  1.294043  3.7756  4.0317  0.5732  5.0368  3.6175  3.1708  3.0828  3.0906
 114  1.294246  3.7760  4.0301  0.5767  5.0255  3.6078  3.1616  3.0742  3.0824
 115  1.294417  3.7764  4.0284  0.5803  5.0136  3.5975  3.1520  3.0653  3.0741
 116  1.294557  3.7769  4.0268  0.5839  5.0018  3.5874  3.1426  3.0566  3.0659
 117  1.294675  3.7774  4.0251  0.5877  4.9889  3.5766  3.1327  3.0473  3.0572
 118  1.294767  3.7779  4.0234  0.5913  4.9752  3.5657  3.1233  3.0387  3.0492
 119  1.294837  3.7785  4.0216  0.5953  4.9599  3.5539  3.1135  3.0298  3.0408
 120  1.294881  3.7790  4.0198  0.5992  4.9445  3.5420  3.1037  3.0208  3.0325
 121  1.294899  3.7795  4.0177  0.6034  4.9274  3.5290  3.0929  3.0109  3.0233
 122  1.294896  3.7801  4.0156  0.6079  4.9097  3.5155  3.0819  3.0008  3.0138
 123  1.294883  3.7806  4.0132  0.6125  4.8914  3.5017  3.0704  2.9902  3.0040
 124  1.294857  3.7812  4.0108  0.6172  4.8726  3.4874  3.0586  2.9794  2.9936
 125  1.294827  3.7818  4.0081  0.6221  4.8533  3.4727  3.0464  2.9680  2.9830
 126  1.294820  3.7823  4.0050  0.6272  4.8341  3.4577  3.0336  2.9561  2.9718
 127  1.294978  3.7826  4.0014  0.6324  4.8156  3.4428  3.0205  2.9437  2.9598
 128  1.295301  3.7829  3.9974  0.6375  4.7983  3.4284  3.0076  2.9312  2.9476
 129  1.295766  3.7831  3.9927  0.6428  4.7827  3.4146  2.9943  2.9182  2.9348
 130  1.296456  3.7831  3.9885  0.6477  4.7674  3.4012  2.9817  2.9058  2.9226
 131  1.297199  3.7833  3.9842  0.6527  4.7519  3.3876  2.9690  2.8934  2.9103
 132  1.297985  3.7834  3.9800  0.6578  4.7366  3.3739  2.9562  2.8808  2.8980
 133  1.298812  3.7836  3.9756  0.6630  4.7213  3.3599  2.9431  2.8680  2.8855
 134  1.299670  3.7838  3.9714  0.6684  4.7048  3.3452  2.9294  2.8547  2.8725
 135  1.300557  3.7840  3.9673  0.6738  4.6881  3.3303  2.9158  2.8416  2.8597
 136  1.301471  3.7842  3.9630  0.6792  4.6721  3.3158  2.9023  2.8285  2.8468
 137  1.302388  3.7844  3.9585  0.6847  4.6560  3.3009  2.8886  2.8151  2.8338
 138  1.303320  3.7845  3.9538  0.6902  4.6400  3.2862  2.8748  2.8016  2.8205
 139  1.304274  3.7846  3.9489  0.6958  4.6240  3.2712  2.8609  2.7879  2.8069
 140  1.305247  3.7846  3.9437  0.7016  4.6070  3.2558  2.8468  2.7740  2.7931
 141  1.306254  3.7844  3.9408  0.7037  4.6027  3.2509  2.8419  2.7688  2.7876
 142  1.307244  3.7838  3.9407  0.7019  4.6125  3.2576  2.8470  2.7730  2.7911
 143  1.308219  3.7831  3.9402  0.7001  4.6222  3.2642  2.8519  2.7769  2.7943
 144  1.309176  3.7824  3.9389  0.6991  4.6294  3.2685  2.8547  2.7787  2.7952
 145  1.310112  3.7817  3.9372  0.6980  4.6394  3.2744  2.8583  2.7810  2.7966
 146  1.311048  3.7798  3.9277  0.7000  4.6551  3.2768  2.8542  2.7738  2.7870
 147  1.311941  3.7785  3.9166  0.7066  4.6515  3.2648  2.8384  2.7562  2.7680
 148  1.312820  3.7772  3.9062  0.7119  4.6536  3.2567  2.8259  2.7416  2.7517
 149  1.313722  3.7756  3.8961  0.7158  4.6631  3.2532  2.8168  2.7300  2.7382
 150  1.314620  3.7744  3.8893  0.7182  4.6715  3.2518  2.8112  2.7226  2.7294
 151  1.315485  3.7734  3.8838  0.7202  4.6779  3.2508  2.8064  2.7164  2.7220
 152  1.316319  3.7726  3.8789  0.7221  4.6859  3.2503  2.8014  2.7100  2.7147
 153  1.317125  3.7718  3.8741  0.7237  4.6945  3.2501  2.7967  2.7038  2.7075
 154  1.317907  3.7709  3.8694  0.7253  4.7043  3.2506  2.7920  2.6979  2.7005
 155  1.318664  3.7701  3.8649  0.7267  4.7150  3.2515  2.7877  2.6922  2.6938
 156  1.319401  3.7692  3.8603  0.7280  4.7269  3.2531  2.7838  2.6869  2.6875
 157  1.320114  3.7683  3.8559  0.7290  4.7400  3.2555  2.7803  2.6821  2.6814
 158  1.320805  3.7672  3.8513  0.7298  4.7531  3.2583  2.7778  2.6780  2.6762
 159  1.321475  3.7662  3.8469  0.7303  4.7655  3.2614  2.7765  2.6751  2.6720
 160  1.322122  3.7652  3.8427  0.7306  4.7789  3.2653  2.7760  2.6730  2.6687
 161  1.322737  3.7641  3.8386  0.7306  4.7935  3.2702  2.7765  2.6717  2.6661
 162  1.324153  3.7612  3.8282  0.7295  4.8370  3.2859  2.7803  2.6709  2.6619
 163  1.325521  3.7579  3.8189  0.7263  4.8919  3.3090  2.7897  2.6752  2.6621
 164  1.326841  3.7544  3.8105  0.7211  4.9566  3.3393  2.8047  2.6846  2.6672
 165  1.328073  3.7506  3.8032  0.7137  5.0321  3.3773  2.8258  2.6994  2.6773
 166  1.329192  3.7466  3.7970  0.7042  5.1184  3.4213  2.8524  2.7195  2.6924
 167  1.330202  3.7425  3.7918  0.6934  5.2129  3.4697  2.8830  2.7437  2.7114
 168  1.331126  3.7384  3.7874  0.6817  5.3118  3.5222  2.9166  2.7705  2.7329
 169  1.331996  3.7342  3.7831  0.6694  5.4148  3.5775  2.9523  2.7990  2.7558
 170  1.332847  3.7298  3.7783  0.6570  5.5232  3.6350  2.9893  2.8283  2.7794
 171  1.333724  3.7252  3.7723  0.6448  5.6375  3.6937  3.0265  2.8577  2.8025
 172  1.334688  3.7202  3.7636  0.6338  5.7591  3.7535  3.0627  2.8850  2.8230
 173  1.335837  3.7145  3.7491  0.6259  5.8881  3.8111  3.0932  2.9052  2.8351
 174  1.337210  3.7087  3.7265  0.6258  6.0034  3.8517  3.1062  2.9074  2.8290
 175  1.338578  3.7041  3.7008  0.6337  6.0749  3.8643  3.0974  2.8899  2.8048
 176  1.339734  3.7011  3.6765  0.6463  6.1038  3.8554  3.0739  2.8605  2.7708
 177  1.340728  3.6990  3.6542  0.6602  6.1117  3.8362  3.0447  2.8271  2.7340
 178  1.341635  3.6973  3.6332  0.6748  6.1090  3.8124  3.0131  2.7921  2.6964
 179  1.342484  3.6959  3.6131  0.6897  6.0996  3.7857  2.9799  2.7561  2.6582
 180  1.343291  3.6947  3.5935  0.7048  6.0861  3.7570  2.9456  2.7194  2.6197
 181  1.344065  3.6937  3.5744  0.7200  6.0690  3.7267  2.9105  2.6822  2.5808
 182  1.344860  3.6927  3.5527  0.7378  6.0458  3.6904  2.8693  2.6388  2.5357
 183  1.345656  3.6916  3.5308  0.7560  6.0204  3.6528  2.8271  2.5945  2.4898
 184  1.346452  3.6908  3.5089  0.7744  5.9927  3.6138  2.7838  2.5492  2.4430
 185  1.347248  3.6898  3.4869  0.7933  5.9632  3.5736  2.7396  2.5032  2.3955
 186  1.348043  3.6891  3.4648  0.8124  5.9322  3.5326  2.6947  2.4565  2.3474
 187  1.348839  3.6882  3.4426  0.8316  5.9006  3.4910  2.6493  2.4093  2.2988
 188  1.349633  3.6875  3.4201  0.8511  5.8675  3.4483  2.6030  2.3614  2.2495
 189  1.350426  3.6867  3.3974  0.8709  5.8340  3.4052  2.5562  2.3128  2.1996
 190  1.351216  3.6859  3.3744  0.8910  5.7996  3.3613  2.5087  2.2636  2.1491
 191  1.352001  3.6851  3.3512  0.9114  5.7646  3.3165  2.4604  2.2135  2.0976
 192  1.352785  3.6843  3.3277  0.9321  5.7285  3.2710  2.4114  2.1629  2.0456
 193  1.353567  3.6836  3.3045  0.9526  5.6927  3.2257  2.3626  2.1124  1.9940
 194  1.354341  3.6828  3.2807  0.9735  5.6564  3.1795  2.3128  2.0610  1.9412
 195  1.355101  3.6820  3.2558  0.9954  5.6193  3.1315  2.2611  2.0074  1.8862
 196  1.355851  3.6812  3.2306  1.0176  5.5819  3.0828  2.2085  1.9530  1.8304
 197  1.356591  3.6803  3.2049  1.0402  5.5445  3.0335  2.1550  1.8976  1.7735
 198  1.357321  3.6795  3.1786  1.0632  5.5069  2.9834  2.1008  1.8414  1.7158
 199  1.358037  3.6786  3.1517  1.0866  5.4689  2.9326  2.0454  1.7840  1.6568
 200  1.358739  3.6776  3.1242  1.1106  5.4314  2.8811  1.9892  1.7255  1.5968
 201  1.359423  3.6767  3.0962  1.1351  5.3921  2.8281  1.9317  1.6658  1.5354
 202  1.360092  3.6756  3.0675  1.1599  5.3533  2.7747  1.8734  1.6051  1.4729
 203  1.360744  3.6746  3.0382  1.1852  5.3147  2.7205  1.8141  1.5433  1.4093
 204  1.361382  3.6734  3.0080  1.2109  5.2778  2.6666  1.7543  1.4808  1.3448
 205  1.362004  3.6722  2.9778  1.2368  5.2401  2.6119  1.6939  1.4177  1.2797
 206  1.362618  3.6711  2.9475  1.2627  5.2037  2.5579  1.6340  1.3549  1.2149
 207  1.363199  3.6698  2.9158  1.2896  5.1662  2.5017  1.5714  1.2894  1.1472
 208  1.363761  3.6686  2.8832  1.3170  5.1304  2.4455  1.5084  1.2231  1.0785
 209  1.364301  3.6673  2.8505  1.3448  5.0925  2.3879  1.4441  1.1557  1.0089
 210  1.364826  3.6659  2.8171  1.3730  5.0564  2.3305  1.3796  1.0878  0.9385
 211  1.365330  3.6644  2.7826  1.4014  5.0241  2.2741  1.3150  1.0193  0.8673
 212  1.365817  3.6629  2.7480  1.4301  4.9895  2.2162  1.2494  0.9499  0.7953
 213  1.366290  3.6614  2.7131  1.4592  4.9557  2.1582  1.1836  0.8801  0.7227
 214  1.366752  3.6598  2.6778  1.4885  4.9229  2.1004  1.1175  0.8100  0.6497
 215  1.367206  3.6583  2.6426  1.5176  4.8905  2.0429  1.0519  0.7403  0.5770
 216  1.367674  3.6567  2.6080  1.5461  4.8599  1.9872  0.9881  0.6721  0.5060
 217  1.367732  3.6566  2.6042  1.5493  4.8563  1.9809  0.9808  0.6645  0.4980
 218  1.367792  3.6564  2.6005  1.5524  4.8524  1.9745  0.9738  0.6569  0.4901
 219  1.367851  3.6562  2.5969  1.5554  4.8490  1.9686  0.9670  0.6498  0.4827
 220  1.367911  3.6561  2.5934  1.5583  4.8454  1.9627  0.9603  0.6428  0.4754
 221  1.367970  3.6559  2.5900  1.5612  4.8421  1.9570  0.9539  0.6359  0.4683
 222  1.368032  3.6558  2.5866  1.5640  4.8390  1.9514  0.9475  0.6292  0.4613
 223  1.368094  3.6556  2.5833  1.5668  4.8360  1.9460  0.9413  0.6225  0.4543
 224  1.368161  3.6555  2.5799  1.5695  4.8330  1.9407  0.9352  0.6160  0.4475
 225  1.368236  3.6553  2.5770  1.5720  4.8303  1.9359  0.9297  0.6101  0.4413
 226  1.368316  3.6553  2.5748  1.5738  4.8281  1.9321  0.9255  0.6056  0.4367
 227  1.368947  3.6561  2.5880  1.5639  4.8318  1.9482  0.9459  0.6286  0.4614
 228  1.369652  3.6576  2.6119  1.5462  4.8373  1.9764  0.9822  0.6694  0.5051
 229  1.370456  3.6562  2.5820  1.5712  4.8119  1.9289  0.9273  0.6103  0.4433
 230  1.371235  3.6527  2.5061  1.6332  4.7525  1.8111  0.7903  0.4631  0.2892
 231  1.371915  3.6490  2.4297  1.6949  4.6993  1.6969  0.6558  0.3176  0.1361
 232  1.372501  3.6453  2.3567  1.7534  4.6526  1.5907  0.5299  0.1802 -0.0090
 233  1.373020  3.6417  2.2846  1.8110  4.6094  1.4883  0.4079  0.0458 -0.1515
 234  1.373475  3.6380  2.2137  1.8675  4.5693  1.3900  0.2901 -0.0850 -0.2910
 235  1.373877  3.6343  2.1445  1.9222  4.5330  1.2967  0.1778 -0.2110 -0.4260
 236  1.374232  3.6308  2.0775  1.9750  4.4992  1.2082  0.0711 -0.3321 -0.5562
 237  1.374549  3.6272  2.0108  2.0274  4.4670  1.1225 -0.0322 -0.4508 -0.6850
 238  1.374829  3.6236  1.9456  2.0782  4.4384  1.0419 -0.1295 -0.5648 -0.8097
 239  1.375080  3.6199  1.8814  2.1279  4.4114  0.9654 -0.2218 -0.6755 -0.9320
 240  1.375304  3.6163  1.8183  2.1766  4.3857  0.8933 -0.3089 -0.7824 -1.0512
 241  1.375506  3.6127  1.7561  2.2244  4.3601  0.8246 -0.3915 -0.8865 -1.1685
 242  1.375686  3.6091  1.6956  2.2707  4.3359  0.7606 -0.4679 -0.9861 -1.2818
 243  1.375848  3.6056  1.6362  2.3160  4.3121  0.7000 -0.5392 -1.0825 -1.3929
 244  1.375995  3.6021  1.5780  2.3603  4.2883  0.6433 -0.6051 -1.1756 -1.5014
 245  1.376127  3.5987  1.5211  2.4036  4.2633  0.5904 -0.6659 -1.2651 -1.6068
 246  1.376247  3.5952  1.4649  2.4461  4.2380  0.5419 -0.7207 -1.3514 -1.7102
 247  1.376357  3.5918  1.4097  2.4875  4.2145  0.4985 -0.7681 -1.4340 -1.8112
 248  1.376456  3.5884  1.3558  2.5280  4.1912  0.4593 -0.8086 -1.5130 -1.9096
 249  1.376547  3.5852  1.3033  2.5673  4.1683  0.4241 -0.8421 -1.5883 -2.0050
 250  1.376631  3.5818  1.2514  2.6061  4.1443  0.3928 -0.8698 -1.6609 -2.0986
 251  1.376706  3.5786  1.2010  2.6436  4.1198  0.3660 -0.8906 -1.7297 -2.1888
 252  1.376777  3.5755  1.1515  2.6803  4.0956  0.3446 -0.9016 -1.7950 -2.2770
 253  1.376841  3.5723  1.1032  2.7162  4.0729  0.3287 -0.9056 -1.8563 -2.3622
 254  1.376900  3.5692  1.0558  2.7512  4.0516  0.3181 -0.9033 -1.9139 -2.4446
 255  1.376955  3.5661  1.0093  2.7855  4.0333  0.3125 -0.8988 -1.9680 -2.5243
 256  1.377006  3.5631  0.9637  2.8188  4.0196  0.3140 -0.8918 -2.0178 -2.5999
 257  1.377053  3.5601  0.9191  2.8513  4.0066  0.3237 -0.8746 -2.0626 -2.6720
 258  1.377097  3.5570  0.8754  2.8831  3.9929  0.3426 -0.8435 -2.1022 -2.7409
 259  1.377138  3.5541  0.8328  2.9140  3.9778  0.3743 -0.7883 -2.1360 -2.8066
 260  1.377176  3.5512  0.7908  2.9443  3.9542  0.4173 -0.7038 -2.1636 -2.8689
 261  1.377211  3.5483  0.7498  2.9739  3.9290  0.4685 -0.6070 -2.1855 -2.9273
 262  1.377244  3.5455  0.7095  3.0028  3.9046  0.5280 -0.5022 -2.2009 -2.9810
 263  1.377275  3.5427  0.6702  3.0310  3.8804  0.5959 -0.3915 -2.2097 -3.0299
 264  1.377305  3.5400  0.6317  3.0585  3.8570  0.6837 -0.2739 -2.2035 -3.0691
 265  1.377331  3.5372  0.5939  3.0854  3.8340  0.7808 -0.1544 -2.1894 -3.1026
 266  1.377358  3.5345  0.5568  3.1117  3.8108  0.8890 -0.0261 -2.1675 -3.1308
 267  1.377382  3.5319  0.5206  3.1374  3.7843  1.0006  0.1058 -2.1409 -3.1548
 268  1.377405  3.5293  0.4850  3.1624  3.7609  1.1093  0.2242 -2.1125 -3.1753
 269  1.377426  3.5267  0.4502  3.1869  3.7454  1.2012  0.3109 -2.0897 -3.1958
 270  1.377447  3.5241  0.4161  3.2108  3.7333  1.2921  0.3911 -2.0648 -3.2134
 271  1.377466  3.5216  0.3828  3.2342  3.7258  1.3825  0.4616 -2.0372 -3.2272
 272  1.377484  3.5192  0.3501  3.2569  3.7228  1.4715  0.5194 -2.0077 -3.2374
 273  1.377502  3.5168  0.3181  3.2793  3.7215  1.5555  0.5661 -1.9787 -3.2459
 274  1.377519  3.5142  0.2862  3.3010  3.7215  1.6373  0.6089 -1.9466 -3.2501
 275  1.377535  3.5118  0.2555  3.3222  3.7192  1.7072  0.6404 -1.9206 -3.2566
 276  1.377550  3.5095  0.2255  3.3429  3.7184  1.7700  0.6600 -1.8965 -3.2620
 277  1.377564  3.5072  0.1964  3.3629  3.7201  1.8208  0.6608 -1.8776 -3.2687
 278  1.377578  3.5049  0.1681  3.3821  3.7252  1.8696  0.6548 -1.8588 -3.2736
 279  1.377888  3.5032  0.1451  3.3979  3.7279  1.9019  0.6435 -1.8477 -3.2800
