#NUMBER OF AGES= 1
#----------------------------------------------------       
#MIX-LEN  Y      Z          Zeff        [Fe/H] [a/Fe]
# 1.9380  0.2846 2.4865E-02 2.4865E-02   0.20   0.00 
#----------------------------------------------------       
#**PHOTOMETRIC SYSTEM**: SDSS (AB)                          
#----------------------------------------------------       
#AGE= 4.500 EEPS=271
#EEP   M/Mo    LogTeff  LogG   LogL/Lo sdss_u  sdss_g  sdss_r  sdss_i  sdss_z
   9  0.123710  3.5006  5.2026 -2.7167 17.7139 14.6740 13.1835 11.8738 11.1152
  10  0.150045  3.5011  5.1287 -2.5570 17.2485 14.2582 12.7782 11.4742 10.7173
  11  0.193387  3.5069  5.0618 -2.3565 16.5623 13.6533 12.2009 10.9413 10.2086
  12  0.228629  3.5118  5.0210 -2.2232 16.0959 13.2387 11.8080 10.5829  9.8698
  13  0.253974  3.5152  4.9953 -2.1382 15.7995 12.9728 11.5570 10.3538  9.6539
  14  0.278946  3.5184  4.9724 -2.0617 15.5371 12.7349 11.3327 10.1485  9.4604
  15  0.296277  3.5205  4.9573 -2.0120 15.3671 12.5797 11.1867 10.0147  9.3345
  16  0.306189  3.5217  4.9480 -1.9838 15.2721 12.4928 11.1048  9.9393  9.2633
  17  0.312836  3.5225  4.9408 -1.9643 15.2080 12.4341 11.0495  9.8877  9.2144
  18  0.317909  3.5230  4.9344 -1.9487 15.1575 12.3878 11.0060  9.8469  9.1753
  19  0.321623  3.5235  4.9299 -1.9375 15.1211 12.3544 10.9745  9.8173  9.1472
  20  0.323446  3.5233  4.9297 -1.9350 15.1160 12.3490 10.9688  9.8116  9.1413
  21  0.325223  3.5239  4.9303 -1.9309 15.0953 12.3301 10.9520  9.7981  9.1301
  22  0.328392  3.5244  4.9254 -1.9203 15.0610 12.2990 10.9227  9.7703  9.1035
  23  0.331827  3.5246  4.9198 -1.9093 15.0278 12.2685 10.8937  9.7423  9.0761
  24  0.336258  3.5251  4.9157 -1.8973 14.9885 12.2323 10.8598  9.7107  9.0462
  25  0.339164  3.5247  4.9169 -1.8961 14.9914 12.2333 10.8592  9.7090  9.0434
  26  0.424045  3.5391  4.8480 -1.6770 14.2337 11.5226 10.2049  9.1109  8.4921
  27  0.498978  3.5537  4.7867 -1.4792 13.5510 10.8633  9.5837  8.5642  7.9994
  28  0.498436  3.5551  4.7862 -1.4770 13.5469 10.8442  9.5586  8.5532  7.9963
  29  0.512184  3.5590  4.7737 -1.4371 13.4121 10.7033  9.4232  8.4399  7.8983
  30  0.523878  3.5625  4.7632 -1.4027 13.2959 10.5794  9.3032  8.3421  7.8144
  31  0.534020  3.5657  4.7542 -1.3726 13.1941 10.4689  9.1953  8.2560  7.7411
  32  0.544124  3.5689  4.7452 -1.3426 13.0937 10.3590  9.0874  8.1703  7.6687
  33  0.556402  3.5729  4.7346 -1.3062 12.9721 10.2241  8.9545  8.0655  7.5808
  34  0.572962  3.5789  4.7213 -1.2564 12.8043 10.0330  8.7648  7.9192  7.4606
  35  0.594008  3.5869  4.7053 -1.1928 12.5835  9.7769  8.5065  7.7275  7.3078
  36  0.617700  3.5964  4.6885 -1.1209 12.3348  9.4813  8.2102  7.5096  7.1350
  37  0.625831  3.5989  4.6792 -1.0953 12.2815  9.4032  8.1367  7.4440  7.0755
  38  0.647886  3.6087  4.6662 -1.0281 12.0341  9.1119  7.8466  7.2365  6.9173
  39  0.715099  3.6390  4.6338 -0.8331 11.1538  8.2514  7.0652  6.6490  6.4475
  40  0.743118  3.6514  4.6206 -0.7534 10.7449  7.9048  6.7792  6.4200  6.2522
  41  0.767357  3.6628  4.6097 -0.6829 10.3527  7.5957  6.5336  6.2195  6.0777
  42  0.791513  3.6745  4.5996 -0.6123  9.9212  7.2874  6.3003  6.0230  5.9011
  43  0.820655  3.6880  4.5862 -0.5289  9.4131  6.9422  6.0425  5.7989  5.6956
  44  0.835306  3.6941  4.5789 -0.4893  9.1896  6.7870  5.9248  5.6951  5.6001
  45  0.847345  3.6990  4.5725 -0.4573  9.0082  6.6642  5.8312  5.6120  5.5238
  46  0.858498  3.7033  4.5664 -0.4280  8.8429  6.5530  5.7461  5.5361  5.4539
  47  0.869228  3.7075  4.5601 -0.3995  8.6856  6.4478  5.6648  5.4634  5.3869
  48  0.879646  3.7116  4.5538 -0.3718  8.5330  6.3467  5.5862  5.3930  5.3220
  49  0.889945  3.7155  4.5471 -0.3445  8.3840  6.2486  5.5094  5.3239  5.2583
  50  0.900253  3.7193  4.5402 -0.3172  8.2372  6.1524  5.4336  5.2554  5.1951
  51  0.910655  3.7232  4.5329 -0.2897  8.0916  6.0576  5.3583  5.1870  5.1317
  52  0.917605  3.7256  4.5278 -0.2714  7.9966  5.9956  5.3085  5.1414  5.0894
  53  0.924477  3.7280  4.5226 -0.2535  7.9045  5.9351  5.2599  5.0969  5.0481
  54  0.931250  3.7303  4.5174 -0.2358  7.8151  5.8760  5.2122  5.0533  5.0075
  55  0.937935  3.7325  4.5121 -0.2184  7.7284  5.8185  5.1656  5.0106  4.9675
  56  0.944517  3.7347  4.5067 -0.2013  7.6441  5.7626  5.1201  4.9686  4.9284
  57  0.950989  3.7368  4.5013 -0.1846  7.5625  5.7083  5.0758  4.9276  4.8900
  58  0.957344  3.7388  4.4958 -0.1681  7.4836  5.6556  5.0324  4.8876  4.8524
  59  0.963583  3.7407  4.4902 -0.1520  7.4078  5.6042  4.9902  4.8485  4.8158
  60  0.969692  3.7426  4.4846 -0.1362  7.3346  5.5542  4.9491  4.8104  4.7799
  61  0.975675  3.7444  4.4791 -0.1208  7.2643  5.5056  4.9090  4.7733  4.7450
  62  0.981542  3.7461  4.4735 -0.1058  7.1964  5.4585  4.8700  4.7370  4.7109
  63  0.987301  3.7478  4.4679 -0.0910  7.1307  5.4125  4.8318  4.7015  4.6774
  64  0.992892  3.7493  4.4622 -0.0767  7.0680  5.3683  4.7949  4.6670  4.6449
  65  0.998114  3.7508  4.4569 -0.0632  7.0098  5.3271  4.7602  4.6347  4.6144
  66  1.003027  3.7522  4.4517 -0.0505  6.9557  5.2883  4.7276  4.6042  4.5854
  67  1.007770  3.7534  4.4465 -0.0381  6.9039  5.2510  4.6961  4.5745  4.5573
  68  1.012472  3.7547  4.4412 -0.0258  6.8530  5.2141  4.6647  4.5452  4.5294
  69  1.017251  3.7559  4.4357 -0.0134  6.8022  5.1770  4.6332  4.5155  4.5013
  70  1.022259  3.7571  4.4300 -0.0006  6.7499  5.1387  4.6006  4.4848  4.4721
  71  1.027687  3.7584  4.4240  0.0130  6.6945  5.0980  4.5660  4.4523  4.4411
  72  1.033825  3.7599  4.4173  0.0281  6.6334  5.0532  4.5277  4.4163  4.4068
  73  1.041223  3.7616  4.4092  0.0458  6.5619  5.0004  4.4826  4.3737  4.3663
  74  1.055317  3.7645  4.3932  0.0796  6.4288  4.9012  4.3970  4.2929  4.2890
  75  1.075162  3.7682  4.3681  0.1277  6.2490  4.7621  4.2756  4.1773  4.1779
  76  1.086321  3.7701  4.3547  0.1528  6.1585  4.6907  4.2126  4.1171  4.1199
  77  1.093016  3.7711  4.3459  0.1682  6.1056  4.6478  4.1741  4.0802  4.0842
  78  1.087093  3.7703  4.3516  0.1569  6.1512  4.6817  4.2037  4.1084  4.1113
  79  1.092652  3.7710  4.3439  0.1700  6.1072  4.6455  4.1710  4.0769  4.0807
  80  1.099825  3.7718  4.3341  0.1857  6.0565  4.6027  4.1317  4.0389  4.0435
  81  1.112550  3.7728  4.3167  0.2117  5.9775  4.5334  4.0669  3.9755  3.9812
  82  1.130953  3.7733  4.2897  0.2477  5.8787  4.4407  3.9771  3.8865  3.8928
  83  1.141197  3.7736  4.2750  0.2676  5.8241  4.3895  3.9276  3.8375  3.8442
  84  1.146765  3.7738  4.2666  0.2787  5.7941  4.3611  3.9001  3.8102  3.8170
  85  1.151705  3.7739  4.2589  0.2887  5.7678  4.3357  3.8754  3.7857  3.7926
  86  1.156268  3.7740  4.2516  0.2978  5.7439  4.3125  3.8526  3.7630  3.7699
  87  1.160758  3.7740  4.2444  0.3068  5.7206  4.2897  3.8304  3.7408  3.7478
  88  1.165385  3.7740  4.2369  0.3160  5.6970  4.2665  3.8078  3.7182  3.7252
  89  1.170313  3.7740  4.2290  0.3256  5.6728  4.2424  3.7839  3.6944  3.7014
  90  1.175733  3.7739  4.2200  0.3362  5.6473  4.2162  3.7580  3.6683  3.6752
  91  1.181556  3.7737  4.2101  0.3474  5.6208  4.1885  3.7301  3.6401  3.6468
  92  1.187437  3.7736  4.2000  0.3588  5.5948  4.1609  3.7021  3.6119  3.6183
  93  1.193089  3.7733  4.1902  0.3696  5.5711  4.1349  3.6757  3.5851  3.5911
  94  1.198352  3.7730  4.1812  0.3793  5.5502  4.1117  3.6517  3.5606  3.5663
  95  1.203097  3.7727  4.1731  0.3879  5.5321  4.0914  3.6306  3.5391  3.5445
  96  1.207237  3.7724  4.1661  0.3954  5.5171  4.0741  3.6126  3.5206  3.5256
  97  1.210912  3.7722  4.1598  0.4019  5.5041  4.0590  3.5967  3.5043  3.5089
  98  1.214259  3.7719  4.1540  0.4079  5.4923  4.0452  3.5822  3.4892  3.4936
  99  1.217329  3.7717  4.1485  0.4135  5.4812  4.0322  3.5685  3.4752  3.4792
 100  1.220083  3.7715  4.1434  0.4189  5.4703  4.0197  3.5556  3.4620  3.4657
 101  1.222467  3.7714  4.1388  0.4239  5.4592  4.0077  3.5433  3.4495  3.4531
 102  1.224470  3.7714  4.1348  0.4286  5.4476  3.9961  3.5318  3.4380  3.4415
 103  1.226175  3.7715  4.1312  0.4330  5.4358  3.9849  3.5211  3.4273  3.4309
 104  1.227643  3.7716  4.1280  0.4371  5.4239  3.9741  3.5110  3.4173  3.4209
 105  1.228915  3.7717  4.1252  0.4411  5.4119  3.9636  3.5013  3.4078  3.4116
 106  1.230037  3.7719  4.1225  0.4449  5.3998  3.9534  3.4919  3.3987  3.4027
 107  1.231037  3.7721  4.1201  0.4484  5.3886  3.9437  3.4829  3.3899  3.3940
 108  1.231986  3.7723  4.1178  0.4520  5.3769  3.9339  3.4740  3.3812  3.3856
 109  1.232923  3.7726  4.1156  0.4556  5.3650  3.9241  3.4650  3.3726  3.3773
 110  1.233847  3.7728  4.1133  0.4591  5.3533  3.9144  3.4561  3.3640  3.3689
 111  1.234794  3.7731  4.1112  0.4627  5.3412  3.9045  3.4471  3.3554  3.3605
 112  1.235959  3.7734  4.1090  0.4663  5.3293  3.8945  3.4379  3.3464  3.3518
 113  1.237324  3.7737  4.1066  0.4704  5.3161  3.8834  3.4276  3.3365  3.3422
 114  1.238973  3.7740  4.1040  0.4749  5.3017  3.8711  3.4161  3.3254  3.3313
 115  1.241040  3.7743  4.1007  0.4804  5.2846  3.8564  3.4024  3.3121  3.3184
 116  1.243741  3.7747  4.0966  0.4870  5.2644  3.8387  3.3857  3.2958  3.3025
 117  1.276502  3.7755  4.0349  0.5642  5.0624  3.6409  3.1928  3.1047  3.1125
 118  1.276514  3.7760  4.0331  0.5679  5.0498  3.6304  3.1831  3.0958  3.1041
 119  1.276493  3.7765  4.0314  0.5718  5.0360  3.6191  3.1730  3.0863  3.0953
 120  1.276444  3.7771  4.0295  0.5757  5.0220  3.6076  3.1627  3.0768  3.0863
 121  1.276371  3.7777  4.0274  0.5800  5.0063  3.5951  3.1517  3.0667  3.0768
 122  1.276282  3.7782  4.0253  0.5844  4.9891  3.5818  3.1406  3.0565  3.0673
 123  1.276196  3.7788  4.0228  0.5890  4.9712  3.5680  3.1290  3.0458  3.0573
 124  1.276113  3.7793  4.0203  0.5938  4.9525  3.5537  3.1170  3.0347  3.0468
 125  1.276045  3.7798  4.0173  0.5988  4.9333  3.5389  3.1045  3.0231  3.0358
 126  1.276050  3.7802  4.0138  0.6040  4.9144  3.5238  3.0914  3.0107  3.0239
 127  1.276461  3.7805  4.0096  0.6094  4.8958  3.5084  3.0774  2.9972  3.0109
 128  1.277169  3.7808  4.0054  0.6149  4.8776  3.4933  3.0637  2.9841  2.9980
 129  1.277858  3.7810  4.0012  0.6202  4.8603  3.4786  3.0503  2.9710  2.9853
 130  1.278559  3.7812  3.9971  0.6253  4.8435  3.4645  3.0375  2.9586  2.9731
 131  1.279235  3.7813  3.9929  0.6304  4.8273  3.4506  3.0248  2.9462  2.9610
 132  1.279897  3.7815  3.9888  0.6354  4.8107  3.4368  3.0125  2.9342  2.9491
 133  1.280551  3.7817  3.9845  0.6404  4.7941  3.4230  3.0003  2.9222  2.9374
 134  1.281203  3.7818  3.9803  0.6455  4.7775  3.4089  2.9877  2.9100  2.9254
 135  1.281855  3.7820  3.9762  0.6506  4.7613  3.3950  2.9751  2.8978  2.9135
 136  1.282514  3.7821  3.9718  0.6557  4.7454  3.3810  2.9626  2.8855  2.9015
 137  1.283172  3.7824  3.9678  0.6608  4.7288  3.3667  2.9498  2.8732  2.8894
 138  1.283834  3.7825  3.9636  0.6659  4.7128  3.3528  2.9373  2.8610  2.8774
 139  1.284508  3.7826  3.9591  0.6711  4.6967  3.3386  2.9246  2.8485  2.8652
 140  1.285206  3.7826  3.9547  0.6758  4.6834  3.3264  2.9133  2.8373  2.8540
 141  1.285924  3.7822  3.9538  0.6754  4.6876  3.3287  2.9147  2.8382  2.8544
 142  1.286626  3.7816  3.9552  0.6717  4.7026  3.3402  2.9244  2.8469  2.8623
 143  1.287333  3.7811  3.9554  0.6694  4.7133  3.3478  2.9304  2.8520  2.8667
 144  1.288061  3.7803  3.9544  0.6680  4.7230  3.3538  2.9344  2.8549  2.8690
 145  1.288814  3.7792  3.9501  0.6680  4.7349  3.3582  2.9350  2.8537  2.8663
 146  1.289598  3.7773  3.9395  0.6715  4.7490  3.3568  2.9268  2.8427  2.8530
 147  1.290399  3.7761  3.9273  0.6786  4.7480  3.3444  2.9096  2.8235  2.8322
 148  1.291235  3.7748  3.9175  0.6839  4.7505  3.3364  2.8972  2.8091  2.8164
 149  1.292131  3.7733  3.9089  0.6870  4.7613  3.3348  2.8899  2.7996  2.8052
 150  1.293051  3.7725  3.9036  0.6889  4.7704  3.3346  2.8851  2.7932  2.7977
 151  1.293962  3.7717  3.8991  0.6907  4.7768  3.3337  2.8803  2.7872  2.7907
 152  1.294871  3.7710  3.8945  0.6927  4.7833  3.3322  2.8747  2.7805  2.7831
 153  1.295780  3.7702  3.8897  0.6948  4.7906  3.3310  2.8688  2.7734  2.7752
 154  1.296692  3.7694  3.8847  0.6968  4.7993  3.3301  2.8629  2.7663  2.7669
 155  1.297599  3.7686  3.8797  0.6987  4.8094  3.3299  2.8572  2.7592  2.7589
 156  1.298490  3.7676  3.8744  0.7005  4.8212  3.3304  2.8518  2.7523  2.7509
 157  1.299362  3.7666  3.8690  0.7021  4.8331  3.3314  2.8473  2.7463  2.7437
 158  1.300209  3.7654  3.8635  0.7034  4.8453  3.3332  2.8442  2.7414  2.7373
 159  1.301033  3.7642  3.8580  0.7043  4.8586  3.3359  2.8420  2.7373  2.7319
 160  1.301831  3.7630  3.8527  0.7049  4.8732  3.3397  2.8410  2.7345  2.7274
 161  1.302575  3.7617  3.8476  0.7049  4.8905  3.3452  2.8413  2.7327  2.7242
 162  1.303841  3.7587  3.8377  0.7037  4.9357  3.3616  2.8456  2.7325  2.7205
 163  1.305052  3.7555  3.8287  0.7002  4.9921  3.3858  2.8559  2.7376  2.7216
 164  1.306212  3.7519  3.8204  0.6946  5.0592  3.4179  2.8723  2.7481  2.7277
 165  1.307289  3.7481  3.8130  0.6867  5.1388  3.4576  2.8948  2.7643  2.7390
 166  1.308271  3.7440  3.8068  0.6770  5.2301  3.5031  2.9225  2.7855  2.7552
 167  1.309168  3.7398  3.8013  0.6660  5.3279  3.5534  2.9542  2.8104  2.7747
 168  1.310002  3.7355  3.7963  0.6541  5.4308  3.6080  2.9887  2.8376  2.7963
 169  1.310805  3.7311  3.7911  0.6419  5.5393  3.6652  3.0251  2.8663  2.8191
 170  1.311614  3.7264  3.7849  0.6297  5.6544  3.7244  3.0625  2.8957  2.8421
 171  1.312493  3.7213  3.7763  0.6182  5.7778  3.7854  3.0996  2.9240  2.8634
 172  1.313514  3.7157  3.7627  0.6096  5.9068  3.8440  3.1314  2.9456  2.8773
 173  1.314669  3.7098  3.7417  0.6076  6.0271  3.8893  3.1489  2.9523  2.8756
 174  1.315882  3.7048  3.7158  0.6140  6.1121  3.9094  3.1452  2.9389  2.8549
 175  1.316987  3.7013  3.6908  0.6255  6.1508  3.9052  3.1248  2.9119  2.8227
 176  1.317933  3.6990  3.6678  0.6393  6.1642  3.8886  3.0968  2.8793  2.7864
 177  1.318776  3.6972  3.6462  0.6539  6.1642  3.8657  3.0654  2.8442  2.7485
 178  1.319563  3.6957  3.6255  0.6690  6.1560  3.8392  3.0321  2.8079  2.7098
 179  1.320313  3.6945  3.6055  0.6843  6.1434  3.8106  2.9975  2.7708  2.6707
 180  1.321036  3.6934  3.5859  0.6997  6.1267  3.7801  2.9620  2.7332  2.6313
 181  1.321736  3.6924  3.5667  0.7154  6.1067  3.7487  2.9259  2.6951  2.5917
 182  1.322436  3.6915  3.5457  0.7329  6.0820  3.7123  2.8853  2.6523  2.5474
 183  1.323137  3.6906  3.5245  0.7507  6.0559  3.6750  2.8437  2.6088  2.5024
 184  1.323837  3.6897  3.5032  0.7687  6.0280  3.6366  2.8013  2.5645  2.4567
 185  1.324538  3.6889  3.4819  0.7870  5.9984  3.5972  2.7581  2.5196  2.4104
 186  1.325237  3.6881  3.4604  0.8057  5.9679  3.5570  2.7143  2.4741  2.3635
 187  1.325938  3.6873  3.4386  0.8245  5.9367  3.5162  2.6699  2.4280  2.3161
 188  1.326637  3.6866  3.4167  0.8436  5.9042  3.4746  2.6247  2.3811  2.2679
 189  1.327335  3.6858  3.3944  0.8629  5.8715  3.4323  2.5789  2.3337  2.2191
 190  1.328031  3.6850  3.3719  0.8827  5.8380  3.3893  2.5323  2.2854  2.1695
 191  1.328722  3.6842  3.3488  0.9027  5.8039  3.3454  2.4847  2.2361  2.1188
 192  1.329413  3.6835  3.3258  0.9230  5.7691  3.3010  2.4368  2.1864  2.0678
 193  1.330114  3.6828  3.3035  0.9426  5.7355  3.2579  2.3903  2.1384  2.0186
 194  1.330808  3.6820  3.2808  0.9627  5.7009  3.2135  2.3426  2.0891  1.9680
 195  1.331478  3.6812  3.2560  0.9844  5.6644  3.1659  2.2912  2.0358  1.9134
 196  1.332139  3.6804  3.2307  1.0066  5.6274  3.1174  2.2386  1.9814  1.8575
 197  1.332794  3.6795  3.2048  1.0293  5.5903  3.0680  2.1851  1.9258  1.8005
 198  1.333439  3.6786  3.1782  1.0525  5.5529  3.0178  2.1305  1.8692  1.7423
 199  1.334076  3.6777  3.1510  1.0761  5.5148  2.9665  2.0748  1.8114  1.6829
 200  1.334704  3.6767  3.1233  1.1003  5.4765  2.9144  2.0181  1.7525  1.6223
 201  1.335319  3.6757  3.0950  1.1249  5.4377  2.8613  1.9601  1.6922  1.5604
 202  1.335926  3.6747  3.0662  1.1499  5.3989  2.8078  1.9016  1.6313  1.4977
 203  1.336519  3.6737  3.0367  1.1753  5.3599  2.7534  1.8421  1.5692  1.4339
 204  1.337099  3.6726  3.0066  1.2012  5.3213  2.6985  1.7817  1.5062  1.3689
 205  1.337667  3.6714  2.9761  1.2275  5.2827  2.6430  1.7205  1.4424  1.3030
 206  1.338222  3.6703  2.9449  1.2540  5.2451  2.5875  1.6589  1.3778  1.2364
 207  1.338756  3.6690  2.9128  1.2812  5.2076  2.5309  1.5958  1.3118  1.1682
 208  1.339274  3.6677  2.8801  1.3088  5.1708  2.4739  1.5321  1.2448  1.0988
 209  1.339774  3.6664  2.8468  1.3370  5.1338  2.4162  1.4674  1.1767  1.0284
 210  1.340260  3.6650  2.8130  1.3654  5.0977  2.3583  1.4022  1.1081  0.9572
 211  1.340728  3.6635  2.7785  1.3943  5.0626  2.3003  1.3365  1.0387  0.8852
 212  1.341182  3.6621  2.7436  1.4233  5.0275  2.2418  1.2703  0.9686  0.8125
 213  1.341623  3.6605  2.7083  1.4527  4.9930  2.1832  1.2037  0.8980  0.7390
 214  1.342055  3.6588  2.6721  1.4822  4.9629  2.1260  1.1377  0.8276  0.6654
 215  1.342483  3.6573  2.6368  1.5115  4.9303  2.0683  1.0718  0.7575  0.5925
 216  1.342935  3.6557  2.6022  1.5400  4.8998  2.0127  1.0080  0.6893  0.5213
 217  1.343000  3.6555  2.5984  1.5432  4.8962  2.0064  1.0009  0.6817  0.5133
 218  1.343066  3.6554  2.5951  1.5460  4.8923  2.0005  0.9944  0.6750  0.5063
 219  1.343132  3.6554  2.5924  1.5483  4.8890  1.9957  0.9890  0.6692  0.5005
 220  1.343193  3.6552  2.5900  1.5504  4.8861  1.9913  0.9843  0.6643  0.4954
 221  1.343251  3.6551  2.5879  1.5523  4.8835  1.9874  0.9800  0.6598  0.4907
 222  1.343305  3.6551  2.5857  1.5541  4.8813  1.9837  0.9759  0.6555  0.4863
 223  1.343360  3.6550  2.5837  1.5558  4.8791  1.9802  0.9719  0.6512  0.4818
 224  1.343414  3.6549  2.5816  1.5575  4.8771  1.9769  0.9681  0.6472  0.4776
 225  1.343470  3.6548  2.5798  1.5591  4.8751  1.9737  0.9646  0.6435  0.4737
 226  1.343526  3.6548  2.5784  1.5602  4.8736  1.9713  0.9619  0.6406  0.4708
 227  1.344126  3.6561  2.6028  1.5410  4.8883  2.0056  1.0028  0.6857  0.5186
 228  1.344797  3.6566  2.6062  1.5402  4.8769  2.0018  1.0020  0.6866  0.5207
 229  1.345537  3.6552  2.5731  1.5677  4.8490  1.9494  0.9416  0.6215  0.4524
 230  1.346254  3.6515  2.4942  1.6321  4.7873  1.8272  0.7993  0.4686  0.2922
 231  1.346874  3.6477  2.4184  1.6934  4.7342  1.7138  0.6660  0.3241  0.1401
 232  1.347413  3.6441  2.3453  1.7521  4.6869  1.6076  0.5402  0.1865 -0.0051
 233  1.347890  3.6405  2.2728  1.8100  4.6432  1.5049  0.4179  0.0517 -0.1484
 234  1.348307  3.6368  2.2017  1.8666  4.6024  1.4064  0.3000 -0.0795 -0.2883
 235  1.348676  3.6331  2.1329  1.9211  4.5660  1.3138  0.1888 -0.2047 -0.4226
 236  1.349002  3.6296  2.0659  1.9740  4.5315  1.2254  0.0824 -0.3256 -0.5530
 237  1.349292  3.6260  1.9992  2.0263  4.4989  1.1400 -0.0203 -0.4441 -0.6816
 238  1.349550  3.6223  1.9341  2.0770  4.4701  1.0599 -0.1166 -0.5577 -0.8061
 239  1.349779  3.6188  1.8701  2.1267  4.4424  0.9841 -0.2080 -0.6677 -0.9279
 240  1.349986  3.6151  1.8068  2.1754  4.4159  0.9121 -0.2947 -0.7747 -1.0475
 241  1.350172  3.6115  1.7447  2.2231  4.3898  0.8441 -0.3761 -0.8782 -1.1645
 242  1.350336  3.6080  1.6846  2.2692  4.3650  0.7806 -0.4513 -0.9772 -1.2774
 243  1.350485  3.6045  1.6251  2.3146  4.3406  0.7205 -0.5217 -1.0735 -1.3887
 244  1.350621  3.6010  1.5668  2.3591  4.3159  0.6642 -0.5867 -1.1664 -1.4973
 245  1.350742  3.5975  1.5098  2.4024  4.2898  0.6119 -0.6466 -1.2557 -1.6029
 246  1.350853  3.5941  1.4537  2.4447  4.2642  0.5643 -0.6998 -1.3414 -1.7061
 247  1.350954  3.5907  1.3987  2.4862  4.2404  0.5219 -0.7453 -1.4233 -1.8068
 248  1.351045  3.5873  1.3447  2.5266  4.2169  0.4834 -0.7839 -1.5019 -1.9052
 249  1.351129  3.5840  1.2921  2.5660  4.1932  0.4491 -0.8159 -1.5769 -2.0007
 250  1.351205  3.5807  1.2402  2.6047  4.1684  0.4187 -0.8419 -1.6491 -2.0941
 251  1.351275  3.5775  1.1899  2.6422  4.1435  0.3934 -0.8596 -1.7171 -2.1841
 252  1.351340  3.5743  1.1404  2.6790  4.1194  0.3735 -0.8685 -1.7817 -2.2721
 253  1.351399  3.5712  1.0920  2.7148  4.0967  0.3591 -0.8704 -1.8423 -2.3571
 254  1.351454  3.5681  1.0446  2.7498  4.0757  0.3499 -0.8668 -1.8992 -2.4393
 255  1.351504  3.5650  0.9980  2.7841  4.0592  0.3466 -0.8624 -1.9524 -2.5182
 256  1.351551  3.5619  0.9525  2.8174  4.0455  0.3504 -0.8525 -2.0010 -2.5932
 257  1.351594  3.5589  0.9078  2.8499  4.0321  0.3636 -0.8303 -2.0443 -2.6648
 258  1.351634  3.5559  0.8642  2.8816  4.0176  0.3856 -0.7938 -2.0825 -2.7330
 259  1.351671  3.5529  0.8215  2.9126  3.9990  0.4234 -0.7234 -2.1140 -2.7981
 260  1.351706  3.5501  0.7794  2.9429  3.9744  0.4701 -0.6330 -2.1397 -2.8595
 261  1.351738  3.5472  0.7384  2.9725  3.9488  0.5247 -0.5319 -2.1594 -2.9167
 262  1.351769  3.5443  0.6981  3.0014  3.9246  0.5879 -0.4243 -2.1724 -2.9689
 263  1.351797  3.5415  0.6587  3.0296  3.9000  0.6637 -0.3095 -2.1758 -3.0148
 264  1.351824  3.5388  0.6201  3.0571  3.8769  0.7575 -0.1899 -2.1653 -3.0514
 265  1.351850  3.5360  0.5824  3.0840  3.8537  0.8586 -0.0687 -2.1484 -3.0830
 266  1.351873  3.5334  0.5452  3.1104  3.8285  0.9711  0.0653 -2.1235 -3.1095
 267  1.351895  3.5307  0.5089  3.1360  3.8025  1.0836  0.1950 -2.0954 -3.1321
 268  1.351916  3.5281  0.4734  3.1610  3.7826  1.1822  0.2945 -2.0709 -3.1534
 269  1.351936  3.5255  0.4386  3.1855  3.7685  1.2747  0.3794 -2.0468 -3.1728
 270  1.351955  3.5229  0.4044  3.2095  3.7580  1.3658  0.4562 -2.0207 -3.1891
 271  1.351973  3.5204  0.3710  3.2328  3.7531  1.4572  0.5208 -1.9914 -3.2010
 272  1.351990  3.5179  0.3384  3.2556  3.7509  1.5443  0.5732 -1.9622 -3.2106
 273  1.352005  3.5154  0.3060  3.2779  3.7505  1.6283  0.6181 -1.9312 -3.2170
 274  1.352021  3.5129  0.2743  3.2997  3.7493  1.7054  0.6562 -1.9013 -3.2221
 275  1.352035  3.5105  0.2437  3.3210  3.7472  1.7715  0.6815 -1.8769 -3.2287
 276  1.352049  3.5082  0.2135  3.3416  3.7476  1.8287  0.6911 -1.8552 -3.2349
 277  1.352063  3.5058  0.1840  3.3617  3.7513  1.8787  0.6866 -1.8364 -3.2410
 278  1.352075  3.5035  0.1557  3.3810  3.7561  1.9231  0.6758 -1.8197 -3.2471
 279  1.352671  3.5017  0.1314  3.3979  3.7591  1.9566  0.6648 -1.8094 -3.2551
