#NUMBER OF AGES= 1
#----------------------------------------------------       
#MIX-LEN  Y      Z          Zeff        [Fe/H] [a/Fe]
# 1.9380  0.2846 2.4865E-02 2.4865E-02   0.20   0.00 
#----------------------------------------------------       
#**PHOTOMETRIC SYSTEM**: SDSS (AB)                          
#----------------------------------------------------       
#AGE= 4.750 EEPS=271
#EEP   M/Mo    LogTeff  LogG   LogL/Lo sdss_u  sdss_g  sdss_r  sdss_i  sdss_z
   9  0.118986  3.5006  5.2187 -2.7496 17.8065 14.7570 13.2647 11.9550 11.1967
  10  0.142602  3.5007  5.1466 -2.5983 17.3727 14.3689 12.8857 11.5787 10.8205
  11  0.182146  3.5051  5.0752 -2.4032 16.7307 13.8017 12.3413 11.0682 10.3278
  12  0.219690  3.5105  5.0301 -2.2546 16.2058 13.3368 11.9009 10.6674  9.9495
  13  0.245828  3.5141  5.0024 -2.1637 15.8884 13.0530 11.6327 10.4228  9.7188
  14  0.269888  3.5172  4.9794 -2.0877 15.6262 12.8161 11.4092 10.2183  9.5259
  15  0.290141  3.5198  4.9615 -2.0282 15.4228 12.6308 11.2347 10.0585  9.3755
  16  0.302623  3.5213  4.9502 -1.9927 15.3026 12.5209 11.1314  9.9634  9.2860
  17  0.310209  3.5222  4.9424 -1.9707 15.2298 12.4541 11.0684  9.9050  9.2306
  18  0.315860  3.5228  4.9357 -1.9537 15.1743 12.4033 11.0206  9.8603  9.1879
  19  0.319939  3.5233  4.9309 -1.9415 15.1344 12.3668 10.9862  9.8280  9.1572
  20  0.322123  3.5233  4.9302 -1.9378 15.1252 12.3576 10.9769  9.8190  9.1482
  21  0.324036  3.5238  4.9305 -1.9333 15.1034 12.3377 10.9591  9.8046  9.1361
  22  0.326978  3.5242  4.9257 -1.9231 15.0710 12.3082 10.9314  9.7781  9.1107
  23  0.330011  3.5244  4.9204 -1.9131 15.0407 12.2805 10.9050  9.7526  9.0857
  24  0.333724  3.5248  4.9166 -1.9027 15.0068 12.2493 10.8757  9.7252  9.0596
  25  0.336170  3.5245  4.9177 -1.9020 15.0112 12.2519 10.8766  9.7249  9.0582
  26  0.343749  3.5260  4.9151 -1.8836 14.9389 12.1854 10.8157  9.6721  9.0110
  27  0.488736  3.5512  4.7952 -1.5072 13.6467 10.9595  9.6740  8.6431  8.0688
  28  0.491277  3.5532  4.7919 -1.4966 13.6139 10.9133  9.6245  8.6090  8.0447
  29  0.506408  3.5573  4.7782 -1.4531 13.4664 10.7605  9.4784  8.4855  7.9374
  30  0.519093  3.5611  4.7668 -1.4159 13.3411 10.6280  9.3504  8.3799  7.8466
  31  0.529818  3.5644  4.7572 -1.3842 13.2337 10.5122  9.2378  8.2893  7.7693
  32  0.539817  3.5676  4.7483 -1.3543 13.1334 10.4027  9.1304  8.2040  7.6970
  33  0.550995  3.5712  4.7384 -1.3213 13.0230 10.2809  9.0106  8.1093  7.6171
  34  0.565569  3.5762  4.7263 -1.2777 12.8772 10.1166  8.8482  7.9825  7.5119
  35  0.584676  3.5833  4.7114 -1.2198 12.6790  9.8884  8.6195  7.8100  7.3727
  36  0.607253  3.5922  4.6948 -1.1513 12.4395  9.6074  8.3355  7.6019  7.2083
  37  0.630000  3.6017  4.6792 -1.0818 12.2022  9.3221  8.0543  7.3927  7.0412
  38  0.637417  3.6041  4.6711 -1.0585 12.1463  9.2456  7.9801  7.3309  6.9885
  39  0.666681  3.6174  4.6554 -0.9703 11.8134  8.8625  7.6061  7.0610  6.7812
  40  0.725142  3.6439  4.6274 -0.8012 11.0039  8.1148  6.9488  6.5571  6.3705
  41  0.750983  3.6556  4.6154 -0.7270 10.6081  7.7898  6.6845  6.3441  6.1877
  42  0.773819  3.6665  4.6055 -0.6603 10.2195  7.4967  6.4568  6.1557  6.0212
  43  0.798252  3.6781  4.5948 -0.5890  9.7804  7.1898  6.2270  5.9596  5.8430
  44  0.820340  3.6882  4.5842 -0.5260  9.4003  6.9324  6.0344  5.7916  5.6885
  45  0.833739  3.6939  4.5774 -0.4895  9.1942  6.7893  5.9260  5.6957  5.6004
  46  0.845313  3.6986  4.5712 -0.4586  9.0185  6.6701  5.8351  5.6152  5.5263
  47  0.856123  3.7029  4.5651 -0.4297  8.8572  6.5614  5.7518  5.5410  5.4580
  48  0.866557  3.7069  4.5589 -0.4019  8.7034  6.4583  5.6722  5.4697  5.3924
  49  0.876705  3.7109  4.5526 -0.3748  8.5537  6.3590  5.5951  5.4005  5.3287
  50  0.886684  3.7148  4.5461 -0.3480  8.4080  6.2629  5.5198  5.3329  5.2663
  51  0.896678  3.7185  4.5393 -0.3213  8.2643  6.1685  5.4456  5.2658  5.2044
  52  0.903578  3.7210  4.5344 -0.3029  8.1663  6.1045  5.3948  5.2198  5.1617
  53  0.910399  3.7235  4.5293 -0.2847  8.0709  6.0423  5.3451  5.1745  5.1197
  54  0.917143  3.7259  4.5243 -0.2668  7.9780  5.9816  5.2964  5.1299  5.0783
  55  0.923818  3.7283  4.5191 -0.2492  7.8882  5.9225  5.2487  5.0862  5.0377
  56  0.930399  3.7305  4.5138 -0.2318  7.8009  5.8647  5.2020  5.0434  4.9979
  57  0.936884  3.7327  4.5085 -0.2147  7.7163  5.8085  5.1564  5.0015  4.9587
  58  0.943269  3.7347  4.5031 -0.1980  7.6340  5.7538  5.1118  4.9605  4.9203
  59  0.949555  3.7368  4.4976 -0.1815  7.5544  5.7006  5.0682  4.9202  4.8825
  60  0.955719  3.7388  4.4922 -0.1654  7.4773  5.6490  5.0258  4.8809  4.8456
  61  0.961765  3.7407  4.4866 -0.1496  7.4032  5.5987  4.9843  4.8425  4.8096
  62  0.967688  3.7425  4.4810 -0.1341  7.3318  5.5497  4.9440  4.8051  4.7745
  63  0.973495  3.7442  4.4755 -0.1190  7.2630  5.5021  4.9047  4.7686  4.7401
  64  0.979178  3.7459  4.4698 -0.1042  7.1967  5.4559  4.8663  4.7330  4.7065
  65  0.984763  3.7474  4.4642 -0.0898  7.1323  5.4108  4.8289  4.6981  4.6736
  66  0.990249  3.7490  4.4586 -0.0755  7.0702  5.3670  4.7922  4.6638  4.6412
  67  0.995463  3.7505  4.4531 -0.0619  7.0118  5.3255  4.7573  4.6312  4.6104
  68  1.000342  3.7518  4.4478 -0.0492  6.9577  5.2867  4.7246  4.6005  4.5814
  69  1.004977  3.7530  4.4425 -0.0369  6.9066  5.2498  4.6933  4.5712  4.5536
  70  1.009506  3.7542  4.4372 -0.0249  6.8571  5.2139  4.6628  4.5425  4.5263
  71  1.014023  3.7554  4.4319 -0.0130  6.8084  5.1782  4.6323  4.5138  4.4990
  72  1.018644  3.7565  4.4264 -0.0009  6.7594  5.1421  4.6015  4.4849  4.4714
  73  1.023514  3.7578  4.4207  0.0118  6.7087  5.1047  4.5695  4.4547  4.4428
  74  1.028821  3.7590  4.4145  0.0252  6.6546  5.0648  4.5355  4.4226  4.4121
  75  1.034834  3.7604  4.4077  0.0401  6.5952  5.0208  4.4977  4.3871  4.3782
  76  1.042123  3.7619  4.3994  0.0577  6.5253  4.9689  4.4530  4.3448  4.3379
  77  1.056831  3.7649  4.3819  0.0930  6.3885  4.8655  4.3634  4.2598  4.2564
  78  1.077132  3.7684  4.3553  0.1418  6.2108  4.7261  4.2404  4.1423  4.1431
  79  1.087451  3.7699  4.3424  0.1648  6.1305  4.6614  4.1828  4.0870  4.0896
  80  1.094256  3.7708  4.3332  0.1802  6.0795  4.6191  4.1444  4.0500  4.0535
  81  1.087905  3.7700  4.3396  0.1683  6.1256  4.6543  4.1755  4.0798  4.0824
  82  1.092035  3.7705  4.3336  0.1776  6.0959  4.6289  4.1521  4.0571  4.0602
  83  1.096450  3.7709  4.3272  0.1875  6.0654  4.6025  4.1276  4.0332  4.0368
  84  1.101395  3.7713  4.3200  0.1983  6.0316  4.5733  4.1004  4.0068  4.0108
  85  1.108756  3.7718  4.3097  0.2131  5.9885  4.5344  4.0636  3.9705  3.9750
  86  1.121903  3.7720  4.2899  0.2388  5.9204  4.4691  3.9997  3.9069  3.9117
  87  1.135080  3.7720  4.2697  0.2640  5.8561  4.4056  3.9368  3.8442  3.8489
  88  1.142126  3.7720  4.2588  0.2777  5.8212  4.3712  3.9029  3.8103  3.8150
  89  1.147668  3.7721  4.2501  0.2885  5.7938  4.3440  3.8760  3.7833  3.7880
  90  1.152408  3.7720  4.2423  0.2979  5.7706  4.3206  3.8526  3.7600  3.7646
  91  1.156774  3.7720  4.2350  0.3066  5.7494  4.2990  3.8310  3.7383  3.7429
  92  1.161121  3.7719  4.2277  0.3153  5.7286  4.2777  3.8098  3.7171  3.7215
  93  1.165587  3.7718  4.2202  0.3240  5.7078  4.2561  3.7882  3.6953  3.6996
  94  1.170347  3.7716  4.2120  0.3332  5.6869  4.2340  3.7657  3.6725  3.6767
  95  1.175560  3.7714  4.2030  0.3431  5.6649  4.2101  3.7414  3.6477  3.6516
  96  1.181123  3.7711  4.1932  0.3537  5.6420  4.1848  3.7152  3.6211  3.6245
  97  1.186706  3.7708  4.1830  0.3644  5.6197  4.1596  3.6890  3.5943  3.5972
  98  1.192106  3.7704  4.1732  0.3748  5.5986  4.1355  3.6637  3.5684  3.5709
  99  1.197135  3.7701  4.1641  0.3843  5.5790  4.1131  3.6402  3.5445  3.5465
 100  1.201529  3.7698  4.1561  0.3929  5.5613  4.0929  3.6194  3.5232  3.5249
 101  1.205180  3.7696  4.1493  0.4002  5.5452  4.0753  3.6015  3.5049  3.5064
 102  1.208101  3.7696  4.1439  0.4065  5.5299  4.0598  3.5861  3.4895  3.4909
 103  1.210492  3.7697  4.1393  0.4121  5.5153  4.0457  3.5725  3.4759  3.4774
 104  1.212474  3.7697  4.1354  0.4171  5.5009  4.0327  3.5603  3.4639  3.4654
 105  1.214135  3.7699  4.1321  0.4216  5.4871  4.0206  3.5492  3.4529  3.4547
 106  1.215515  3.7701  4.1292  0.4258  5.4732  4.0090  3.5388  3.4430  3.4449
 107  1.216732  3.7703  4.1264  0.4297  5.4604  3.9982  3.5292  3.4335  3.4357
 108  1.217831  3.7704  4.1240  0.4336  5.4474  3.9876  3.5197  3.4244  3.4269
 109  1.218841  3.7707  4.1216  0.4373  5.4343  3.9772  3.5106  3.4157  3.4184
 110  1.219745  3.7709  4.1193  0.4408  5.4221  3.9672  3.5019  3.4073  3.4103
 111  1.220588  3.7712  4.1171  0.4443  5.4096  3.9573  3.4933  3.3991  3.4023
 112  1.221447  3.7714  4.1151  0.4476  5.3982  3.9482  3.4852  3.3914  3.3948
 113  1.222334  3.7716  4.1129  0.4510  5.3862  3.9386  3.4768  3.3833  3.3870
 114  1.223270  3.7719  4.1106  0.4545  5.3740  3.9287  3.4681  3.3749  3.3789
 115  1.224278  3.7722  4.1082  0.4584  5.3607  3.9178  3.4584  3.3656  3.3699
 116  1.225390  3.7725  4.1057  0.4624  5.3472  3.9066  3.4483  3.3559  3.3604
 117  1.226639  3.7728  4.1030  0.4669  5.3322  3.8943  3.4371  3.3451  3.3500
 118  1.228066  3.7731  4.1002  0.4716  5.3161  3.8811  3.4251  3.3335  3.3388
 119  1.229712  3.7735  4.0971  0.4770  5.2982  3.8663  3.4117  3.3207  3.3263
 120  1.231607  3.7739  4.0936  0.4829  5.2782  3.8497  3.3966  3.3062  3.3123
 121  1.233770  3.7744  4.0895  0.4897  5.2558  3.8309  3.3796  3.2897  3.2963
 122  1.236195  3.7749  4.0847  0.4975  5.2306  3.8095  3.3598  3.2708  3.2780
 123  1.239658  3.7756  4.0776  0.5085  5.1963  3.7797  3.3320  3.2438  3.2517
 124  1.243437  3.7763  4.0680  0.5224  5.1547  3.7426  3.2971  3.2100  3.2186
 125  1.246520  3.7770  4.0581  0.5360  5.1137  3.7057  3.2626  3.1765  3.1859
 126  1.249009  3.7775  4.0486  0.5487  5.0757  3.6716  3.2307  3.1455  3.1556
 127  1.251480  3.7780  4.0387  0.5613  5.0380  3.6379  3.1993  3.1149  3.1256
 128  1.254033  3.7784  4.0292  0.5733  5.0019  3.6057  3.1692  3.0856  3.0968
 129  1.256257  3.7787  4.0209  0.5837  4.9702  3.5774  3.1431  3.0602  3.0718
 130  1.258152  3.7789  4.0136  0.5928  4.9420  3.5528  3.1205  3.0381  3.0501
 131  1.259764  3.7792  4.0073  0.6009  4.9170  3.5311  3.1007  3.0188  3.0311
 132  1.261131  3.7794  4.0015  0.6080  4.8946  3.5118  3.0831  3.0017  3.0143
 133  1.262291  3.7796  3.9963  0.6143  4.8739  3.4943  3.0672  2.9862  2.9991
 134  1.263323  3.7798  3.9913  0.6204  4.8545  3.4777  3.0524  2.9717  2.9848
 135  1.264267  3.7799  3.9863  0.6262  4.8361  3.4619  3.0381  2.9576  2.9710
 136  1.265136  3.7801  3.9812  0.6321  4.8176  3.4460  3.0237  2.9435  2.9571
 137  1.265954  3.7804  3.9768  0.6380  4.7985  3.4298  3.0091  2.9294  2.9433
 138  1.266728  3.7805  3.9723  0.6435  4.7814  3.4149  2.9956  2.9163  2.9304
 139  1.267464  3.7807  3.9677  0.6490  4.7640  3.3996  2.9819  2.9028  2.9172
 140  1.268200  3.7806  3.9638  0.6527  4.7549  3.3904  2.9729  2.8937  2.9079
 141  1.268884  3.7801  3.9641  0.6505  4.7654  3.3977  2.9787  2.8986  2.9123
 142  1.269532  3.7796  3.9647  0.6481  4.7762  3.4057  2.9852  2.9043  2.9173
 143  1.270160  3.7790  3.9646  0.6461  4.7866  3.4128  2.9904  2.9087  2.9210
 144  1.270788  3.7781  3.9633  0.6445  4.7994  3.4201  2.9950  2.9119  2.9234
 145  1.271444  3.7765  3.9545  0.6468  4.8166  3.4217  2.9893  2.9037  2.9131
 146  1.272097  3.7752  3.9445  0.6518  4.8232  3.4150  2.9769  2.8893  2.8970
 147  1.272793  3.7736  3.9332  0.6573  4.8317  3.4082  2.9632  2.8733  2.8792
 148  1.273549  3.7723  3.9241  0.6611  4.8426  3.4053  2.9536  2.8615  2.8657
 149  1.274331  3.7712  3.9175  0.6635  4.8536  3.4048  2.9475  2.8535  2.8564
 150  1.275124  3.7703  3.9126  0.6653  4.8622  3.4044  2.9425  2.8472  2.8491
 151  1.275920  3.7696  3.9081  0.6671  4.8697  3.4036  2.9375  2.8410  2.8420
 152  1.276722  3.7689  3.9035  0.6690  4.8774  3.4027  2.9321  2.8344  2.8345
 153  1.277534  3.7681  3.8988  0.6710  4.8858  3.4020  2.9265  2.8278  2.8269
 154  1.278358  3.7673  3.8939  0.6729  4.8951  3.4014  2.9211  2.8210  2.8192
 155  1.279191  3.7664  3.8889  0.6747  4.9049  3.4012  2.9160  2.8145  2.8117
 156  1.280038  3.7654  3.8836  0.6764  4.9141  3.4011  2.9116  2.8088  2.8048
 157  1.280893  3.7643  3.8781  0.6780  4.9245  3.4018  2.9078  2.8033  2.7981
 158  1.281754  3.7632  3.8723  0.6793  4.9367  3.4035  2.9049  2.7985  2.7919
 159  1.282617  3.7619  3.8665  0.6804  4.9506  3.4063  2.9028  2.7945  2.7863
 160  1.283473  3.7605  3.8607  0.6810  4.9675  3.4107  2.9018  2.7914  2.7815
 161  1.284288  3.7591  3.8552  0.6810  4.9873  3.4169  2.9020  2.7894  2.7778
 162  1.285516  3.7562  3.8457  0.6796  5.0340  3.4343  2.9073  2.7901  2.7750
 163  1.286685  3.7530  3.8367  0.6758  5.0914  3.4599  2.9185  2.7960  2.7769
 164  1.287795  3.7493  3.8285  0.6699  5.1613  3.4934  2.9359  2.8074  2.7837
 165  1.288821  3.7455  3.8212  0.6619  5.2449  3.5338  2.9591  2.8244  2.7958
 166  1.289757  3.7413  3.8147  0.6521  5.3388  3.5802  2.9874  2.8461  2.8122
 167  1.290616  3.7370  3.8089  0.6412  5.4384  3.6319  3.0195  2.8710  2.8316
 168  1.291419  3.7326  3.8030  0.6294  5.5447  3.6874  3.0541  2.8980  2.8527
 169  1.292203  3.7279  3.7966  0.6176  5.6574  3.7452  3.0902  2.9262  2.8746
 170  1.293011  3.7230  3.7885  0.6062  5.7772  3.8048  3.1266  2.9539  2.8957
 171  1.293920  3.7175  3.7765  0.5964  5.9064  3.8654  3.1610  2.9785  2.9126
 172  1.295008  3.7114  3.7573  0.5918  6.0356  3.9179  3.1847  2.9911  2.9167
 173  1.296119  3.7061  3.7325  0.5956  6.1335  3.9464  3.1878  2.9840  2.9018
 174  1.297115  3.7021  3.7068  0.6059  6.1861  3.9492  3.1720  2.9606  2.8725
 175  1.297970  3.6995  3.6830  0.6193  6.2050  3.9352  3.1455  2.9288  2.8366
 176  1.298730  3.6975  3.6611  0.6339  6.2078  3.9136  3.1146  2.8941  2.7989
 177  1.299434  3.6960  3.6400  0.6489  6.2017  3.8879  3.0816  2.8579  2.7603
 178  1.300103  3.6947  3.6197  0.6642  6.1902  3.8597  3.0471  2.8207  2.7210
 179  1.300747  3.6936  3.5998  0.6798  6.1742  3.8294  3.0116  2.7829  2.6814
 180  1.301374  3.6926  3.5805  0.6954  6.1546  3.7978  2.9754  2.7447  2.6416
 181  1.301983  3.6917  3.5613  0.7112  6.1325  3.7650  2.9386  2.7060  2.6015
 182  1.302603  3.6908  3.5407  0.7287  6.1064  3.7283  2.8978  2.6634  2.5574
 183  1.303223  3.6900  3.5200  0.7463  6.0786  3.6906  2.8563  2.6201  2.5129
 184  1.303845  3.6893  3.4993  0.7642  6.0495  3.6520  2.8142  2.5764  2.4678
 185  1.304470  3.6885  3.4786  0.7822  6.0191  3.6128  2.7716  2.5322  2.4223
 186  1.305093  3.6877  3.4574  0.8006  5.9876  3.5725  2.7280  2.4870  2.3760
 187  1.305715  3.6871  3.4359  0.8194  5.9555  3.5315  2.6836  2.4411  2.3287
 188  1.306336  3.6863  3.4143  0.8384  5.9221  3.4896  2.6384  2.3944  2.2808
 189  1.306957  3.6856  3.3923  0.8577  5.8885  3.4471  2.5927  2.3470  2.2322
 190  1.307576  3.6849  3.3699  0.8773  5.8543  3.4039  2.5461  2.2988  2.1827
 191  1.308194  3.6842  3.3471  0.8975  5.8195  3.3598  2.4986  2.2496  2.1322
 192  1.308812  3.6834  3.3241  0.9176  5.7844  3.3154  2.4507  2.2002  2.0815
 193  1.309441  3.6826  3.3019  0.9372  5.7509  3.2724  2.4044  2.1523  2.0323
 194  1.310066  3.6820  3.2792  0.9572  5.7165  3.2283  2.3569  2.1030  1.9819
 195  1.310670  3.6811  3.2545  0.9787  5.6805  3.1811  2.3059  2.0502  1.9276
 196  1.311267  3.6803  3.2293  1.0009  5.6438  3.1328  2.2535  1.9961  1.8720
 197  1.311857  3.6795  3.2034  1.0235  5.6068  3.0836  2.2001  1.9407  1.8151
 198  1.312439  3.6785  3.1769  1.0466  5.5693  3.0334  2.1456  1.8841  1.7571
 199  1.313013  3.6776  3.1498  1.0702  5.5314  2.9823  2.0900  1.8264  1.6977
 200  1.313577  3.6767  3.1220  1.0943  5.4932  2.9303  2.0333  1.7674  1.6372
 201  1.314130  3.6757  3.0935  1.1190  5.4547  2.8773  1.9755  1.7072  1.5752
 202  1.314676  3.6746  3.0647  1.1439  5.4164  2.8239  1.9170  1.6463  1.5126
 203  1.315211  3.6736  3.0351  1.1694  5.3778  2.7697  1.8575  1.5844  1.4487
 204  1.315731  3.6724  3.0050  1.1953  5.3390  2.7146  1.7969  1.5211  1.3836
 205  1.316238  3.6713  2.9740  1.2217  5.3006  2.6589  1.7354  1.4568  1.3173
 206  1.316731  3.6701  2.9424  1.2487  5.2629  2.6027  1.6729  1.3914  1.2496
 207  1.317210  3.6688  2.9101  1.2761  5.2258  2.5461  1.6098  1.3251  1.1811
 208  1.317674  3.6675  2.8771  1.3038  5.1891  2.4890  1.5458  1.2579  1.1115
 209  1.318123  3.6661  2.8435  1.3320  5.1527  2.4313  1.4808  1.1895  1.0407
 210  1.318557  3.6647  2.8095  1.3606  5.1167  2.3733  1.4155  1.1205  0.9692
 211  1.318978  3.6632  2.7749  1.3896  5.0813  2.3149  1.3495  1.0509  0.8968
 212  1.319386  3.6618  2.7397  1.4188  5.0463  2.2563  1.2831  0.9805  0.8238
 213  1.319782  3.6602  2.7043  1.4483  5.0122  2.1976  1.2164  0.9098  0.7502
 214  1.320172  3.6585  2.6680  1.4778  4.9824  2.1406  1.1504  0.8393  0.6764
 215  1.320561  3.6569  2.6323  1.5073  4.9500  2.0826  1.0840  0.7686  0.6028
 216  1.320996  3.6554  2.5988  1.5351  4.9191  2.0280  1.0218  0.7022  0.5336
 217  1.321062  3.6553  2.5952  1.5381  4.9158  2.0222  1.0152  0.6952  0.5262
 218  1.321130  3.6552  2.5925  1.5404  4.9129  2.0175  1.0100  0.6896  0.5205
 219  1.321195  3.6551  2.5906  1.5420  4.9107  2.0142  1.0062  0.6857  0.5164
 220  1.321253  3.6551  2.5893  1.5432  4.9090  2.0117  1.0035  0.6829  0.5135
 221  1.321306  3.6550  2.5883  1.5441  4.9075  2.0098  1.0014  0.6807  0.5112
 222  1.321355  3.6550  2.5874  1.5448  4.9063  2.0081  0.9997  0.6790  0.5095
 223  1.321402  3.6550  2.5868  1.5454  4.9051  2.0067  0.9982  0.6774  0.5080
 224  1.321446  3.6550  2.5863  1.5459  4.9042  2.0054  0.9969  0.6762  0.5066
 225  1.321490  3.6549  2.5858  1.5464  4.9033  2.0044  0.9958  0.6751  0.5055
 226  1.321532  3.6550  2.5853  1.5467  4.9024  2.0033  0.9947  0.6740  0.5045
 227  1.322105  3.6561  2.6046  1.5322  4.9095  2.0271  1.0243  0.7075  0.5405
 228  1.322735  3.6556  2.5914  1.5437  4.8944  2.0036  0.9981  0.6799  0.5120
 229  1.323398  3.6543  2.5598  1.5703  4.8655  1.9522  0.9395  0.6168  0.4461
 230  1.324035  3.6505  2.4808  1.6346  4.8055  1.8310  0.7981  0.4646  0.2864
 231  1.324583  3.6469  2.4058  1.6950  4.7541  1.7198  0.6670  0.3222  0.1364
 232  1.325069  3.6432  2.3318  1.7545  4.7066  1.6127  0.5401  0.1831 -0.0108
 233  1.325491  3.6394  2.2596  1.8121  4.6633  1.5108  0.4186  0.0490 -0.1534
 234  1.325862  3.6358  2.1885  1.8686  4.6230  1.4130  0.3016 -0.0816 -0.2928
 235  1.326188  3.6322  2.1202  1.9227  4.5870  1.3215  0.1916 -0.2057 -0.4261
 236  1.326480  3.6286  2.0522  1.9762  4.5521  1.2325  0.0846 -0.3278 -0.5579
 237  1.326739  3.6250  1.9855  2.0285  4.5199  1.1477 -0.0173 -0.4459 -0.6865
 238  1.326967  3.6213  1.9202  2.0794  4.4908  1.0681 -0.1129 -0.5594 -0.8113
 239  1.327169  3.6178  1.8567  2.1285  4.4636  0.9938 -0.2027 -0.6680 -0.9318
 240  1.327354  3.6141  1.7932  2.1775  4.4365  0.9220 -0.2889 -0.7752 -1.0520
 241  1.327518  3.6105  1.7311  2.2251  4.4102  0.8546 -0.3692 -0.8784 -1.1688
 242  1.327664  3.6069  1.6707  2.2714  4.3852  0.7916 -0.4435 -0.9773 -1.2822
 243  1.327797  3.6034  1.6112  2.3168  4.3604  0.7322 -0.5127 -1.0732 -1.3933
 244  1.327917  3.5999  1.5528  2.3613  4.3347  0.6764 -0.5769 -1.1658 -1.5020
 245  1.328024  3.5965  1.4956  2.4046  4.3081  0.6251 -0.6351 -1.2547 -1.6076
 246  1.328122  3.5930  1.4395  2.4470  4.2826  0.5789 -0.6862 -1.3400 -1.7109
 247  1.328211  3.5896  1.3844  2.4883  4.2586  0.5376 -0.7296 -1.4211 -1.8113
 248  1.328292  3.5862  1.3307  2.5287  4.2350  0.5000 -0.7661 -1.4991 -1.9094
 249  1.328367  3.5828  1.2779  2.5682  4.2108  0.4667 -0.7959 -1.5739 -2.0052
 250  1.328434  3.5796  1.2261  2.6067  4.1854  0.4376 -0.8195 -1.6451 -2.0980
 251  1.328495  3.5764  1.1758  2.6442  4.1607  0.4142 -0.8334 -1.7123 -2.1880
 252  1.328553  3.5731  1.1261  2.6812  4.1366  0.3960 -0.8399 -1.7764 -2.2761
 253  1.328605  3.5700  1.0777  2.7169  4.1142  0.3836 -0.8397 -1.8360 -2.3606
 254  1.328654  3.5669  1.0302  2.7520  4.0947  0.3760 -0.8365 -1.8922 -2.4425
 255  1.328698  3.5637  0.9837  2.7861  4.0801  0.3753 -0.8317 -1.9441 -2.5203
 256  1.328739  3.5607  0.9381  2.8195  4.0663  0.3831 -0.8169 -1.9911 -2.5947
 257  1.328777  3.5577  0.8934  2.8520  4.0523  0.4003 -0.7880 -2.0326 -2.6655
 258  1.328813  3.5547  0.8496  2.8838  4.0371  0.4308 -0.7347 -2.0684 -2.7335
 259  1.328846  3.5517  0.8067  2.9148  4.0129  0.4728 -0.6514 -2.0976 -2.7976
 260  1.328877  3.5488  0.7646  2.9451  3.9869  0.5243 -0.5533 -2.1205 -2.8575
 261  1.328906  3.5459  0.7236  2.9747  3.9613  0.5834 -0.4481 -2.1372 -2.9130
 262  1.328933  3.5430  0.6834  3.0036  3.9361  0.6528 -0.3351 -2.1462 -2.9630
 263  1.328958  3.5402  0.6439  3.0318  3.9123  0.7410 -0.2175 -2.1408 -3.0037
 264  1.328982  3.5375  0.6052  3.0594  3.8891  0.8398 -0.0966 -2.1268 -3.0381
 265  1.329004  3.5347  0.5674  3.0863  3.8664  0.9471  0.0281 -2.1060 -3.0675
 266  1.329025  3.5320  0.5304  3.1125  3.8398  1.0590  0.1592 -2.0798 -3.0924
 267  1.329044  3.5293  0.4938  3.1382  3.8174  1.1679  0.2751 -2.0517 -3.1136
 268  1.329063  3.5267  0.4583  3.1632  3.8017  1.2566  0.3560 -2.0307 -3.1355
 269  1.329080  3.5241  0.4234  3.1876  3.7897  1.3475  0.4346 -2.0061 -3.1538
 270  1.329097  3.5215  0.3893  3.2116  3.7818  1.4384  0.5056 -1.9787 -3.1684
 271  1.329113  3.5190  0.3559  3.2349  3.7784  1.5280  0.5638 -1.9492 -3.1793
 272  1.329128  3.5165  0.3231  3.2578  3.7767  1.6129  0.6121 -1.9196 -3.1880
 273  1.329142  3.5140  0.2906  3.2800  3.7755  1.6954  0.6576 -1.8873 -3.1929
 274  1.329155  3.5115  0.2590  3.3019  3.7734  1.7672  0.6902 -1.8602 -3.1991
 275  1.329168  3.5091  0.2282  3.3231  3.7720  1.8303  0.7103 -1.8363 -3.2053
 276  1.329181  3.5068  0.1981  3.3438  3.7737  1.8817  0.7103 -1.8175 -3.2124
 277  1.329192  3.5044  0.1685  3.3638  3.7787  1.9310  0.7034 -1.7987 -3.2181
 278  1.329203  3.5021  0.1403  3.3831  3.7832  1.9722  0.6927 -1.7850 -3.2261
 279  1.329199  3.5002  0.1162  3.3995  3.7878  2.0074  0.6832 -1.7743 -3.2338
