#NUMBER OF AGES= 1
#----------------------------------------------------       
#MIX-LEN  Y      Z          Zeff        [Fe/H] [a/Fe]
# 1.9380  0.2846 2.4865E-02 2.4865E-02   0.20   0.00 
#----------------------------------------------------       
#**PHOTOMETRIC SYSTEM**: SDSS (AB)                          
#----------------------------------------------------       
#AGE= 5.500 EEPS=271
#EEP   M/Mo    LogTeff  LogG   LogL/Lo sdss_u  sdss_g  sdss_r  sdss_i  sdss_z
   9  0.107184  3.5007  5.2620 -2.8378 18.0551 14.9799 13.4827 12.1731 11.4158
  10  0.126616  3.5005  5.1929 -2.6970 17.6576 14.6236 13.1342 11.8248 11.0661
  11  0.154323  3.5014  5.1190 -2.5339 17.1761 14.1942 12.7163 11.4148 10.6592
  12  0.194661  3.5071  5.0588 -2.3497 16.5379 13.6321 12.1808 10.9230 10.1913
  13  0.224260  3.5112  5.0230 -2.2359 16.1412 13.2796 11.8468 10.6178  9.9023
  14  0.246182  3.5142  4.9994 -2.1598 15.8759 13.0423 11.6225 10.4129  9.7090
  15  0.268079  3.5171  4.9779 -2.0900 15.6355 12.8250 11.4176 10.2252  9.5322
  16  0.288047  3.5195  4.9601 -2.0309 15.4337 12.6413 11.2446 10.0666  9.3827
  17  0.301164  3.5211  4.9482 -1.9935 15.3069 12.5252 11.1354  9.9663  9.2880
  18  0.309068  3.5221  4.9400 -1.9704 15.2304 12.4552 11.0695  9.9051  9.2301
  19  0.314753  3.5227  4.9339 -1.9538 15.1760 12.4053 11.0224  9.8613  9.1884
  20  0.318265  3.5229  4.9316 -1.9459 15.1521 12.3828 11.0007  9.8408  9.1687
  21  0.320850  3.5234  4.9311 -1.9395 15.1257 12.3586 10.9786  9.8219  9.1520
  22  0.323685  3.5238  4.9265 -1.9298 15.0942 12.3299 10.9517  9.7965  9.1276
  23  0.326210  3.5240  4.9216 -1.9208 15.0676 12.3056 10.9286  9.7739  9.1055
  24  0.328875  3.5243  4.9182 -1.9128 15.0413 12.2815 10.9059  9.7526  9.0851
  25  0.330695  3.5240  4.9190 -1.9124 15.0458 12.2845 10.9075  9.7529  9.0844
  26  0.335011  3.5250  4.9175 -1.9010 14.9994 12.2421 10.8689  9.7199  9.0553
  27  0.341323  3.5257  4.9110 -1.8837 14.9430 12.1900 10.8198  9.6741  9.0118
  28  0.398083  3.5354  4.8710 -1.7421 14.4495 11.7196 10.3745  9.2837  8.6579
  29  0.506157  3.5557  4.7788 -1.4568 13.4758 10.7875  9.5123  8.5014  7.9438
  30  0.503287  3.5566  4.7790 -1.4595 13.4895 10.7850  9.5020  8.5046  7.9533
  31  0.516612  3.5605  4.7669 -1.4205 13.3582 10.6466  9.3687  8.3938  7.8579
  32  0.527826  3.5639  4.7568 -1.3873 13.2459 10.5258  9.2513  8.2990  7.7769
  33  0.538137  3.5672  4.7477 -1.3564 13.1420 10.4123  9.1401  8.2107  7.7021
  34  0.549266  3.5708  4.7377 -1.3233 13.0316 10.2904  9.0202  8.1159  7.6221
  35  0.563147  3.5755  4.7259 -1.2818 12.8931 10.1348  8.8664  7.9955  7.5218
  36  0.580985  3.5822  4.7116 -1.2276 12.7086  9.9231  8.6548  7.8348  7.3914
  37  0.602104  3.5904  4.6956 -1.1631 12.4830  9.6597  8.3883  7.6391  7.2366
  38  0.624205  3.5995  4.6800 -1.0952 12.2507  9.3809  8.1119  7.4343  7.0732
  39  0.639418  3.6055  4.6681 -1.0490 12.0948  9.2015  7.9410  7.3013  6.9645
  40  0.653407  3.6118  4.6589 -1.0049 11.9450  9.0178  7.7587  7.1689  6.8622
  41  0.691773  3.6297  4.6390 -0.8892 11.4631  8.5085  7.2825  6.8179  6.5874
  42  0.726735  3.6458  4.6221 -0.7868 10.9499  8.0546  6.8948  6.5153  6.3367
  43  0.750428  3.6567  4.6112 -0.7179 10.5680  7.7517  6.6511  6.3178  6.1659
  44  0.770738  3.6664  4.6021 -0.6585 10.2131  7.4908  6.4510  6.1508  6.0169
  45  0.789464  3.6753  4.5934 -0.6037  9.8788  7.2557  6.2750  6.0001  5.8795
  46  0.806180  3.6831  4.5852 -0.5548  9.5816  7.0536  6.1237  5.8687  5.7588
  47  0.819121  3.6890  4.5784 -0.5180  9.3652  6.9053  6.0122  5.7708  5.6687
  48  0.829923  3.6936  4.5725 -0.4877  9.1952  6.7871  5.9226  5.6917  5.5959
  49  0.840045  3.6978  4.5666 -0.4600  9.0380  6.6801  5.8409  5.6193  5.5292
  50  0.849799  3.7017  4.5609 -0.4333  8.8892  6.5795  5.7638  5.5505  5.4660
  51  0.859285  3.7055  4.5550 -0.4076  8.7467  6.4835  5.6897  5.4842  5.4048
  52  0.866259  3.7083  4.5505 -0.3885  8.6418  6.4136  5.6354  5.4356  5.3599
  53  0.873103  3.7110  4.5458 -0.3697  8.5392  6.3455  5.5821  5.3878  5.3159
  54  0.879828  3.7136  4.5412 -0.3512  8.4390  6.2793  5.5302  5.3411  5.2727
  55  0.886443  3.7161  4.5363 -0.3330  8.3416  6.2148  5.4796  5.2953  5.2305
  56  0.892945  3.7186  4.5316 -0.3152  8.2466  6.1523  5.4301  5.2504  5.1891
  57  0.899353  3.7209  4.5266 -0.2975  8.1537  6.0914  5.3817  5.2064  5.1482
  58  0.905674  3.7233  4.5216 -0.2801  8.0632  6.0322  5.3342  5.1632  5.1080
  59  0.911913  3.7255  4.5165 -0.2630  7.9754  5.9747  5.2878  5.1206  5.0685
  60  0.918064  3.7277  4.5113 -0.2463  7.8904  5.9185  5.2424  5.0790  5.0297
  61  0.924140  3.7298  4.5061 -0.2298  7.8080  5.8636  5.1980  5.0382  4.9916
  62  0.930122  3.7319  4.5007 -0.2134  7.7279  5.8102  5.1544  4.9981  4.9543
  63  0.936017  3.7338  4.4953 -0.1974  7.6501  5.7581  5.1119  4.9588  4.9174
  64  0.941812  3.7357  4.4899 -0.1818  7.5746  5.7074  5.0702  4.9203  4.8813
  65  0.947511  3.7376  4.4843 -0.1663  7.5015  5.6581  5.0295  4.8826  4.8458
  66  0.953105  3.7393  4.4789 -0.1512  7.4306  5.6100  4.9897  4.8457  4.8112
  67  0.958578  3.7410  4.4733 -0.1364  7.3625  5.5633  4.9510  4.8098  4.7773
  68  0.963947  3.7426  4.4677 -0.1219  7.2968  5.5177  4.9133  4.7746  4.7442
  69  0.969201  3.7442  4.4621 -0.1076  7.2332  5.4734  4.8764  4.7403  4.7117
  70  0.974361  3.7457  4.4565 -0.0937  7.1718  5.4302  4.8404  4.7067  4.6801
  71  0.979418  3.7472  4.4508 -0.0801  7.1125  5.3883  4.8052  4.6738  4.6489
  72  0.984387  3.7485  4.4453 -0.0667  7.0550  5.3473  4.7707  4.6416  4.6183
  73  0.989271  3.7499  4.4396 -0.0535  6.9992  5.3074  4.7369  4.6099  4.5883
  74  0.994006  3.7511  4.4339 -0.0408  6.9459  5.2688  4.7041  4.5791  4.5590
  75  0.998448  3.7523  4.4285 -0.0286  6.8962  5.2325  4.6733  4.5500  4.5315
  76  1.002661  3.7534  4.4232 -0.0171  6.8493  5.1980  4.6438  4.5223  4.5050
  77  1.006697  3.7545  4.4179 -0.0059  6.8043  5.1649  4.6154  4.4954  4.4794
  78  1.010669  3.7554  4.4127  0.0051  6.7607  5.1323  4.5874  4.4690  4.4542
  79  1.014636  3.7564  4.4072  0.0161  6.7175  5.1001  4.5595  4.4426  4.4290
  80  1.018676  3.7574  4.4016  0.0272  6.6743  5.0675  4.5313  4.4160  4.4035
  81  1.022895  3.7584  4.3960  0.0387  6.6299  5.0342  4.5024  4.3885  4.3772
  82  1.026187  3.7591  4.3915  0.0474  6.5961  5.0085  4.4801  4.3675  4.3570
  83  1.029649  3.7598  4.3869  0.0565  6.5611  4.9821  4.4572  4.3456  4.3361
  84  1.033414  3.7606  4.3820  0.0661  6.5245  4.9543  4.4329  4.3226  4.3140
  85  1.037589  3.7615  4.3767  0.0765  6.4851  4.9242  4.4066  4.2976  4.2900
  86  1.042527  3.7624  4.3704  0.0885  6.4403  4.8897  4.3764  4.2687  4.2622
  87  1.058852  3.7648  4.3485  0.1268  6.3040  4.7817  4.2798  4.1759  4.1722
  88  1.080370  3.7672  4.3181  0.1753  6.1440  4.6482  4.1579  4.0578  4.0569
  89  1.086256  3.7677  4.3101  0.1877  6.1054  4.6148  4.1270  4.0276  4.0273
  90  1.079965  3.7674  4.3180  0.1760  6.1417  4.6463  4.1566  4.0569  4.0562
  91  1.083935  3.7677  4.3118  0.1849  6.1158  4.6231  4.1346  4.0353  4.0349
  92  1.087444  3.7678  4.3059  0.1929  6.0936  4.6025  4.1148  4.0157  4.0154
  93  1.090896  3.7679  4.2999  0.2006  6.0727  4.5826  4.0954  3.9964  3.9963
  94  1.094684  3.7680  4.2934  0.2088  6.0517  4.5621  4.0752  3.9762  3.9761
  95  1.099126  3.7680  4.2861  0.2179  6.0287  4.5394  4.0527  3.9537  3.9536
  96  1.104451  3.7679  4.2775  0.2285  6.0026  4.5131  4.0264  3.9273  3.9271
  97  1.111813  3.7677  4.2653  0.2426  5.9697  4.4785  3.9912  3.8918  3.8913
  98  1.120304  3.7674  4.2507  0.2590  5.9344  4.4396  3.9508  3.8507  3.8497
  99  1.128254  3.7670  4.2366  0.2744  5.9017  4.4030  3.9126  3.8120  3.8105
 100  1.134833  3.7667  4.2250  0.2873  5.8734  4.3721  3.8807  3.7796  3.7777
 101  1.139281  3.7666  4.2170  0.2967  5.8511  4.3489  3.8574  3.7562  3.7542
 102  1.142711  3.7666  4.2107  0.3045  5.8312  4.3293  3.8381  3.7369  3.7349
 103  1.145601  3.7667  4.2052  0.3114  5.8128  4.3117  3.8210  3.7199  3.7179
 104  1.148069  3.7668  4.2004  0.3176  5.7949  4.2954  3.8053  3.7044  3.7026
 105  1.150257  3.7670  4.1959  0.3234  5.7790  4.2805  3.7910  3.6903  3.6887
 106  1.152283  3.7672  4.1917  0.3290  5.7628  4.2659  3.7771  3.6767  3.6752
 107  1.154202  3.7673  4.1878  0.3344  5.7461  4.2514  3.7636  3.6635  3.6622
 108  1.155860  3.7675  4.1842  0.3393  5.7313  4.2383  3.7514  3.6515  3.6504
 109  1.157333  3.7677  4.1810  0.3441  5.7161  4.2254  3.7396  3.6401  3.6392
 110  1.158769  3.7680  4.1778  0.3487  5.7012  4.2127  3.7280  3.6288  3.6283
 111  1.160142  3.7682  4.1747  0.3532  5.6863  4.2003  3.7168  3.6179  3.6176
 112  1.161586  3.7685  4.1713  0.3584  5.6685  4.1858  3.7039  3.6055  3.6056
 113  1.162993  3.7688  4.1678  0.3637  5.6499  4.1708  3.6906  3.5929  3.5934
 114  1.164346  3.7692  4.1645  0.3691  5.6306  4.1554  3.6773  3.5801  3.5811
 115  1.165658  3.7696  4.1611  0.3746  5.6108  4.1398  3.6637  3.5671  3.5686
 116  1.166935  3.7700  4.1577  0.3801  5.5905  4.1239  3.6500  3.5541  3.5562
 117  1.168130  3.7705  4.1545  0.3856  5.5698  4.1079  3.6363  3.5412  3.5436
 118  1.169266  3.7709  4.1512  0.3911  5.5491  4.0917  3.6225  3.5281  3.5312
 119  1.170330  3.7714  4.1478  0.3967  5.5278  4.0753  3.6086  3.5149  3.5185
 120  1.171343  3.7719  4.1444  0.4024  5.5065  4.0588  3.5945  3.5016  3.5057
 121  1.172327  3.7723  4.1411  0.4081  5.4851  4.0421  3.5804  3.4882  3.4929
 122  1.173288  3.7728  4.1375  0.4138  5.4638  4.0256  3.5661  3.4747  3.4800
 123  1.174211  3.7733  4.1341  0.4196  5.4420  4.0088  3.5518  3.4611  3.4670
 124  1.175142  3.7738  4.1305  0.4254  5.4200  3.9919  3.5373  3.4475  3.4539
 125  1.176089  3.7742  4.1269  0.4313  5.3980  3.9750  3.5229  3.4338  3.4407
 126  1.177048  3.7747  4.1233  0.4372  5.3761  3.9580  3.5084  3.4200  3.4275
 127  1.177993  3.7752  4.1191  0.4436  5.3527  3.9397  3.4924  3.4047  3.4129
 128  1.178867  3.7757  4.1160  0.4490  5.3321  3.9240  3.4793  3.3923  3.4010
 129  1.179748  3.7761  4.1122  0.4549  5.3101  3.9069  3.4646  3.3783  3.3875
 130  1.180674  3.7765  4.1083  0.4610  5.2884  3.8897  3.4497  3.3640  3.3738
 131  1.181653  3.7769  4.1041  0.4672  5.2668  3.8723  3.4345  3.3495  3.3597
 132  1.182688  3.7773  4.0998  0.4734  5.2451  3.8547  3.4189  3.3346  3.3452
 133  1.183772  3.7777  4.0952  0.4798  5.2236  3.8370  3.4032  3.3193  3.3304
 134  1.184916  3.7780  4.0903  0.4864  5.2028  3.8192  3.3870  3.3036  3.3150
 135  1.186264  3.7777  4.0831  0.4932  5.1888  3.8032  3.3704  3.2866  3.2977
 136  1.187757  3.7773  4.0776  0.4977  5.1825  3.7935  3.3594  3.2750  3.2857
 137  1.189384  3.7768  4.0732  0.5001  5.1856  3.7904  3.3537  3.2683  3.2780
 138  1.190990  3.7764  4.0654  0.5070  5.1735  3.7748  3.3367  3.2507  3.2601
 139  1.192645  3.7757  4.0592  0.5109  5.1737  3.7681  3.3271  3.2401  3.2485
 140  1.194270  3.7755  4.0511  0.5191  5.1544  3.7478  3.3065  3.2193  3.2276
 141  1.196022  3.7750  4.0464  0.5224  5.1536  3.7418  3.2982  3.2103  3.2179
 142  1.197824  3.7738  4.0383  0.5266  5.1589  3.7361  3.2878  3.1980  3.2044
 143  1.199693  3.7730  4.0286  0.5334  5.1549  3.7233  3.2708  3.1796  3.1849
 144  1.201544  3.7723  4.0204  0.5398  5.1486  3.7106  3.2549  3.1626  3.1671
 145  1.203337  3.7718  4.0132  0.5454  5.1429  3.6991  3.2404  3.1473  3.1511
 146  1.205070  3.7712  4.0061  0.5507  5.1391  3.6888  3.2267  3.1326  3.1357
 147  1.206732  3.7706  3.9992  0.5560  5.1353  3.6785  3.2131  3.1181  3.1205
 148  1.208325  3.7700  3.9925  0.5611  5.1321  3.6687  3.1996  3.1038  3.1055
 149  1.209853  3.7693  3.9854  0.5660  5.1310  3.6598  3.1867  3.0899  3.0907
 150  1.211322  3.7687  3.9785  0.5707  5.1309  3.6516  3.1744  3.0765  3.0765
 151  1.212736  3.7679  3.9715  0.5751  5.1303  3.6439  3.1633  3.0642  3.0633
 152  1.214101  3.7671  3.9647  0.5793  5.1305  3.6370  3.1529  3.0526  3.0507
 153  1.215421  3.7663  3.9578  0.5832  5.1320  3.6309  3.1433  3.0416  3.0387
 154  1.216703  3.7654  3.9509  0.5869  5.1349  3.6256  3.1344  3.0313  3.0273
 155  1.217952  3.7644  3.9440  0.5902  5.1395  3.6213  3.1264  3.0217  3.0165
 156  1.219175  3.7633  3.9370  0.5934  5.1461  3.6181  3.1191  3.0129  3.0063
 157  1.220378  3.7621  3.9299  0.5961  5.1559  3.6165  3.1126  3.0045  2.9966
 158  1.221565  3.7607  3.9227  0.5984  5.1689  3.6166  3.1073  2.9971  2.9875
 159  1.222725  3.7592  3.9153  0.6002  5.1859  3.6188  3.1033  2.9909  2.9795
 160  1.223836  3.7576  3.9080  0.6012  5.2075  3.6238  3.1014  2.9863  2.9729
 161  1.224855  3.7558  3.9011  0.6015  5.2326  3.6315  3.1016  2.9838  2.9684
 162  1.226641  3.7523  3.8893  0.6000  5.2902  3.6524  3.1075  2.9842  2.9645
 163  1.228311  3.7485  3.8785  0.5960  5.3617  3.6823  3.1206  2.9910  2.9665
 164  1.229866  3.7442  3.8686  0.5893  5.4488  3.7214  3.1410  3.0045  2.9746
 165  1.231294  3.7396  3.8595  0.5805  5.5475  3.7685  3.1675  3.0236  2.9878
 166  1.232612  3.7349  3.8512  0.5703  5.6551  3.8219  3.1986  3.0465  3.0044
 167  1.233860  3.7298  3.8426  0.5594  5.7710  3.8793  3.2325  3.0718  3.0230
 168  1.235094  3.7246  3.8327  0.5485  5.8942  3.9390  3.2676  3.0978  3.0419
 169  1.236389  3.7189  3.8204  0.5388  6.0245  3.9998  3.3017  3.1220  3.0584
 170  1.237846  3.7129  3.8029  0.5324  6.1590  4.0572  3.3300  3.1391  3.0668
 171  1.239444  3.7068  3.7786  0.5334  6.2756  4.0967  3.3408  3.1387  3.0579
 172  1.240925  3.7023  3.7519  0.5422  6.3456  4.1084  3.3305  3.1194  3.0317
 173  1.242187  3.6991  3.7263  0.5555  6.3765  4.0994  3.3061  3.0886  2.9960
 174  1.243266  3.6968  3.7024  0.5706  6.3842  4.0790  3.2748  3.0527  2.9565
 175  1.244228  3.6951  3.6800  0.5864  6.3798  4.0527  3.2402  3.0146  2.9158
 176  1.245116  3.6937  3.6587  0.6026  6.3675  4.0230  3.2038  2.9754  2.8743
 177  1.245950  3.6925  3.6379  0.6190  6.3494  3.9908  3.1663  2.9354  2.8325
 178  1.246744  3.6915  3.6176  0.6355  6.3278  3.9572  3.1280  2.8950  2.7905
 179  1.247502  3.6907  3.5978  0.6522  6.3033  3.9224  3.0891  2.8543  2.7483
 180  1.248231  3.6899  3.5781  0.6690  6.2769  3.8866  3.0497  2.8132  2.7060
 181  1.248934  3.6892  3.5587  0.6858  6.2491  3.8502  3.0101  2.7720  2.6636
 182  1.249595  3.6885  3.5397  0.7023  6.2208  3.8140  2.9709  2.7314  2.6219
 183  1.250251  3.6879  3.5207  0.7193  6.1907  3.7766  2.9307  2.6900  2.5794
 184  1.250902  3.6873  3.5015  0.7363  6.1595  3.7385  2.8901  2.6480  2.5364
 185  1.251552  3.6868  3.4822  0.7535  6.1275  3.6999  2.8490  2.6056  2.4931
 186  1.252189  3.6862  3.4622  0.7715  6.0940  3.6596  2.8061  2.5615  2.4480
 187  1.252815  3.6856  3.4414  0.7902  6.0589  3.6176  2.7614  2.5157  2.4010
 188  1.253436  3.6850  3.4203  0.8092  6.0231  3.5747  2.7160  2.4689  2.3533
 189  1.254047  3.6844  3.3986  0.8287  5.9864  3.5307  2.6694  2.4210  2.3043
 190  1.254651  3.6839  3.3764  0.8487  5.9490  3.4857  2.6217  2.3719  2.2541
 191  1.255247  3.6832  3.3538  0.8690  5.9110  3.4399  2.5731  2.3219  2.2031
 192  1.255834  3.6825  3.3304  0.8898  5.8733  3.3934  2.5233  2.2707  2.1506
 193  1.256412  3.6818  3.3064  0.9113  5.8346  3.3454  2.4721  2.2180  2.0967
 194  1.256982  3.6811  3.2818  0.9331  5.7959  3.2968  2.4202  2.1644  2.0418
 195  1.257544  3.6803  3.2569  0.9552  5.7573  3.2477  2.3677  2.1101  1.9863
 196  1.258097  3.6796  3.2314  0.9778  5.7181  3.1979  2.3142  2.0548  1.9296
 197  1.258639  3.6788  3.2054  1.0008  5.6787  3.1471  2.2595  1.9984  1.8718
 198  1.259170  3.6779  3.1787  1.0244  5.6388  3.0953  2.2038  1.9407  1.8126
 199  1.259690  3.6770  3.1513  1.0484  5.5987  3.0427  2.1469  1.8818  1.7522
 200  1.260196  3.6761  3.1232  1.0731  5.5582  2.9889  2.0887  1.8215  1.6903
 201  1.260690  3.6752  3.0943  1.0982  5.5174  2.9344  2.0295  1.7601  1.6272
 202  1.261171  3.6742  3.0648  1.1239  5.4770  2.8790  1.9692  1.6973  1.5628
 203  1.261639  3.6731  3.0346  1.1501  5.4363  2.8228  1.9079  1.6335  1.4970
 204  1.262090  3.6720  3.0036  1.1768  5.3954  2.7657  1.8453  1.5682  1.4299
 205  1.262528  3.6708  2.9718  1.2040  5.3555  2.7082  1.7818  1.5020  1.3616
 206  1.262950  3.6696  2.9392  1.2318  5.3164  2.6502  1.7175  1.4346  1.2920
 207  1.263358  3.6683  2.9060  1.2599  5.2776  2.5917  1.6522  1.3662  1.2214
 208  1.263752  3.6670  2.8722  1.2886  5.2394  2.5327  1.5863  1.2969  1.1497
 209  1.264130  3.6656  2.8377  1.3176  5.2016  2.4732  1.5195  1.2268  1.0770
 210  1.264496  3.6641  2.8027  1.3470  5.1645  2.4135  1.4523  1.1558  1.0035
 211  1.264847  3.6626  2.7671  1.3767  5.1279  2.3535  1.3845  1.0842  0.9291
 212  1.265186  3.6611  2.7310  1.4068  5.0919  2.2931  1.3162  1.0119  0.8540
 213  1.265516  3.6595  2.6947  1.4371  5.0565  2.2328  1.2477  0.9393  0.7785
 214  1.265837  3.6580  2.6581  1.4674  5.0220  2.1727  1.1794  0.8667  0.7029
 215  1.266167  3.6562  2.6176  1.5007  4.9853  2.1076  1.1051  0.7871  0.6196
 216  1.266627  3.6553  2.5943  1.5205  4.9604  2.0677  1.0605  0.7398  0.5704
 217  1.266676  3.6553  2.5953  1.5198  4.9605  2.0686  1.0617  0.7413  0.5721
 218  1.266721  3.6554  2.5965  1.5187  4.9611  2.0702  1.0637  0.7435  0.5745
 219  1.266763  3.6554  2.5980  1.5177  4.9618  2.0721  1.0659  0.7461  0.5773
 220  1.266803  3.6555  2.5996  1.5164  4.9625  2.0741  1.0685  0.7490  0.5804
 221  1.266842  3.6556  2.6015  1.5149  4.9635  2.0766  1.0714  0.7523  0.5840
 222  1.266882  3.6557  2.6036  1.5132  4.9646  2.0793  1.0747  0.7561  0.5881
 223  1.266928  3.6558  2.6058  1.5116  4.9656  2.0820  1.0781  0.7599  0.5922
 224  1.266979  3.6559  2.6078  1.5101  4.9664  2.0844  1.0810  0.7634  0.5959
 225  1.267035  3.6561  2.6091  1.5092  4.9667  2.0858  1.0828  0.7656  0.5983
 226  1.267095  3.6561  2.6096  1.5089  4.9659  2.0856  1.0829  0.7659  0.5989
 227  1.267636  3.6547  2.5766  1.5367  4.9337  2.0298  1.0194  0.6990  0.5298
 228  1.268155  3.6537  2.5493  1.5600  4.9046  1.9834  0.9674  0.6436  0.4719
 229  1.268667  3.6523  2.5176  1.5863  4.8782  1.9335  0.9100  0.5814  0.4067
 230  1.269139  3.6486  2.4400  1.6491  4.8220  1.8165  0.7730  0.4332  0.2508
 231  1.269551  3.6448  2.3651  1.7094  4.7724  1.7070  0.6435  0.2918  0.1014
 232  1.269910  3.6412  2.2920  1.7678  4.7270  1.6029  0.5198  0.1556 -0.0431
 233  1.270227  3.6375  2.2195  1.8255  4.6845  1.5019  0.3993  0.0217 -0.1859
 234  1.270504  3.6338  2.1491  1.8813  4.6460  1.4065  0.2849 -0.1067 -0.3236
 235  1.270747  3.6302  2.0811  1.9351  4.6101  1.3161  0.1765 -0.2298 -0.4560
 236  1.270964  3.6265  2.0137  1.9880  4.5762  1.2291  0.0720 -0.3499 -0.5863
 237  1.271156  3.6229  1.9471  2.0400  4.5455  1.1468 -0.0269 -0.4664 -0.7140
 238  1.271327  3.6192  1.8823  2.0901  4.5173  1.0697 -0.1198 -0.5778 -0.8371
 239  1.271480  3.6155  1.8180  2.1398  4.4901  0.9963 -0.2082 -0.6868 -0.9588
 240  1.271616  3.6118  1.7549  2.1883  4.4633  0.9269 -0.2913 -0.7923 -1.0779
 241  1.271739  3.6083  1.6932  2.2356  4.4378  0.8614 -0.3689 -0.8940 -1.1938
 242  1.271848  3.6047  1.6330  2.2816  4.4130  0.8003 -0.4403 -0.9914 -1.3064
 243  1.271947  3.6012  1.5736  2.3268  4.3872  0.7427 -0.5068 -1.0863 -1.4171
 244  1.272036  3.5976  1.5153  2.3710  4.3602  0.6893 -0.5677 -1.1775 -1.5249
 245  1.272117  3.5942  1.4584  2.4141  4.3339  0.6407 -0.6217 -1.2647 -1.6298
 246  1.272190  3.5907  1.4025  2.4561  4.3097  0.5977 -0.6676 -1.3476 -1.7319
 247  1.272257  3.5873  1.3474  2.4974  4.2859  0.5584 -0.7061 -1.4280 -1.8325
 248  1.272318  3.5839  1.2937  2.5377  4.2620  0.5235 -0.7377 -1.5045 -1.9301
 249  1.272373  3.5805  1.2412  2.5768  4.2372  0.4933 -0.7622 -1.5772 -2.0246
 250  1.272424  3.5773  1.1897  2.6151  4.2120  0.4681 -0.7782 -1.6466 -2.1169
 251  1.272470  3.5740  1.1393  2.6526  4.1879  0.4488 -0.7863 -1.7120 -2.2064
 252  1.272513  3.5708  1.0899  2.6892  4.1652  0.4352 -0.7878 -1.7734 -2.2928
 253  1.272552  3.5676  1.0416  2.7248  4.1458  0.4262 -0.7875 -1.8310 -2.3759
 254  1.272589  3.5645  0.9942  2.7596  4.1310  0.4246 -0.7842 -1.8845 -2.4557
 255  1.272622  3.5613  0.9474  2.7938  4.1172  0.4323 -0.7695 -1.9329 -2.5319
 256  1.272653  3.5582  0.9021  2.8268  4.1029  0.4493 -0.7407 -1.9753 -2.6037
 257  1.272681  3.5552  0.8573  2.8593  4.0857  0.4805 -0.6830 -2.0123 -2.6734
 258  1.272708  3.5521  0.8139  2.8907  4.0609  0.5231 -0.5977 -2.0420 -2.7384
 259  1.272733  3.5491  0.7711  2.9217  4.0339  0.5752 -0.4984 -2.0654 -2.7996
 260  1.272756  3.5462  0.7291  2.9518  4.0065  0.6361 -0.3900 -2.0821 -2.8559
 261  1.272778  3.5433  0.6881  2.9811  3.9807  0.7101 -0.2743 -2.0890 -2.9056
 262  1.272798  3.5405  0.6479  3.0100  3.9571  0.8014 -0.1573 -2.0820 -2.9460
 263  1.272817  3.5376  0.6085  3.0380  3.9346  0.9019 -0.0379 -2.0672 -2.9805
 264  1.272835  3.5349  0.5700  3.0655  3.9128  1.0069  0.0793 -2.0471 -3.0101
 265  1.272851  3.5320  0.5320  3.0922  3.8900  1.1209  0.2054 -2.0201 -3.0350
 266  1.272867  3.5293  0.4951  3.1183  3.8707  1.2185  0.3023 -1.9975 -3.0588
 267  1.272882  3.5266  0.4588  3.1438  3.8564  1.3051  0.3779 -1.9775 -3.0814
 268  1.272896  3.5240  0.4232  3.1688  3.8451  1.3941  0.4525 -1.9538 -3.1005
 269  1.272909  3.5214  0.3884  3.1931  3.8366  1.4818  0.5214 -1.9281 -3.1167
 270  1.272922  3.5188  0.3544  3.2169  3.8328  1.5709  0.5809 -1.8987 -3.1283
 271  1.272934  3.5163  0.3211  3.2400  3.8289  1.6566  0.6367 -1.8681 -3.1369
 272  1.272945  3.5136  0.2878  3.2627  3.8271  1.7403  0.6856 -1.8353 -3.1420
 273  1.272956  3.5112  0.2557  3.2849  3.8241  1.8124  0.7212 -1.8081 -3.1487
 274  1.272966  3.5087  0.2243  3.3066  3.8223  1.8768  0.7446 -1.7837 -3.1552
 275  1.272976  3.5062  0.1934  3.3277  3.8236  1.9317  0.7506 -1.7634 -3.1620
 276  1.272985  3.5038  0.1630  3.3482  3.8289  1.9830  0.7472 -1.7447 -3.1685
 277  1.272994  3.5015  0.1339  3.3681  3.8335  2.0268  0.7410 -1.7313 -3.1777
 278  1.273002  3.4992  0.1060  3.3870  3.8394  2.0670  0.7320 -1.7192 -3.1865
 279  1.274002  3.4973  0.0855  3.4002  3.8502  2.1056  0.7270 -1.7031 -3.1874
