#NUMBER OF AGES= 1
#----------------------------------------------------       
#MIX-LEN  Y      Z          Zeff        [Fe/H] [a/Fe]
# 1.9380  0.2846 2.4865E-02 2.4865E-02   0.20   0.00 
#----------------------------------------------------       
#**PHOTOMETRIC SYSTEM**: SDSS (AB)                          
#----------------------------------------------------       
#AGE= 6.000 EEPS=269
#EEP   M/Mo    LogTeff  LogG   LogL/Lo sdss_u  sdss_g  sdss_r  sdss_i  sdss_z
  10  0.118817  3.5006  5.2190 -2.7504 17.8088 14.7592 13.2668 11.9572 11.1990
  11  0.142268  3.5007  5.1470 -2.5998 17.3766 14.3726 12.8892 11.5824 10.8241
  12  0.178288  3.5044  5.0788 -2.4186 16.7855 13.8502 12.3875 11.1100 10.3671
  13  0.211349  3.5094  5.0369 -2.2827 16.3047 13.4254 11.9847 10.7436 10.0212
  14  0.234206  3.5126  5.0105 -2.1990 16.0128 13.1653 11.7387 10.5188  9.8087
  15  0.253703  3.5152  4.9899 -2.1333 15.7849 12.9606 11.5454 10.3420  9.6419
  16  0.275459  3.5180  4.9693 -2.0658 15.5537 12.7509 11.3477 10.1608  9.4710
  17  0.292991  3.5202  4.9538 -2.0148 15.3799 12.5923 11.1985 10.0238  9.3421
  18  0.303863  3.5214  4.9434 -1.9836 15.2747 12.4961 11.1079  9.9404  9.2631
  19  0.310915  3.5223  4.9362 -1.9631 15.2073 12.4342 11.0496  9.8863  9.2119
  20  0.315535  3.5226  4.9327 -1.9518 15.1713 12.4008 11.0178  9.8564  9.1833
  21  0.318763  3.5232  4.9315 -1.9437 15.1403 12.3723 10.9915  9.8335  9.1627
  22  0.321832  3.5236  4.9269 -1.9336 15.1074 12.3423 10.9634  9.8069  9.1373
  23  0.324363  3.5238  4.9222 -1.9247 15.0807 12.3179 10.9401  9.7843  9.1152
  24  0.326785  3.5241  4.9189 -1.9170 15.0561 12.2952 10.9188  9.7643  9.0961
  25  0.328458  3.5238  4.9194 -1.9165 15.0596 12.2975 10.9198  9.7642  9.0950
  26  0.331846  3.5247  4.9180 -1.9071 15.0205 12.2619 10.8875  9.7366  9.0707
  27  0.336431  3.5252  4.9125 -1.8937 14.9772 12.2221 10.8499  9.7014  9.0370
  28  0.342051  3.5259  4.9133 -1.8844 14.9427 12.1893 10.8191  9.6749  9.0133
  29  0.402004  3.5361  4.8652 -1.7291 14.4074 11.6791 10.3360  9.2487  8.6257
  30  0.511035  3.5571  4.7725 -1.4407 13.4225 10.7335  9.4614  8.4564  7.9040
  31  0.506797  3.5577  4.7744 -1.4476 13.4502 10.7441  9.4628  8.4712  7.9241
  32  0.519599  3.5615  4.7628 -1.4100 13.3232 10.6095  9.3328  8.3641  7.8320
  33  0.530546  3.5649  4.7530 -1.3774 13.2131 10.4904  9.2169  8.2710  7.7528
  34  0.541135  3.5683  4.7435 -1.3456 13.1066 10.3734  9.1022  8.1800  7.6758
  35  0.552977  3.5722  4.7331 -1.3103 12.9891 10.2430  8.9735  8.0785  7.5904
  36  0.567833  3.5774  4.7206 -1.2656 12.8397 10.0740  8.8061  7.9484  7.4826
  37  0.586253  3.5843  4.7058 -1.2092 12.6461  9.8510  8.5820  7.7802  7.3473
  38  0.607147  3.5926  4.6900 -1.1450 12.4220  9.5874  8.3161  7.5851  7.1930
  39  0.628259  3.6016  4.6751 -1.0797 12.1991  9.3195  8.0521  7.3886  7.0360
  40  0.643658  3.6078  4.6637 -1.0325 12.0343  9.1317  7.8715  7.2512  6.9257
  41  0.657754  3.6141  4.6545 -0.9884 11.8809  8.9489  7.6940  7.1200  6.8230
  42  0.688344  3.6284  4.6383 -0.8953 11.4972  8.5395  7.3112  6.8379  6.6021
  43  0.721197  3.6440  4.6219 -0.7969 11.0111  8.1015  6.9323  6.5454  6.3623
  44  0.743834  3.6546  4.6112 -0.7304 10.6452  7.8084  6.6947  6.3536  6.1974
  45  0.762938  3.6636  4.6025 -0.6744 10.3123  7.5618  6.5042  6.1953  6.0568
  46  0.779840  3.6717  4.5946 -0.6248 10.0119  7.3476  6.3430  6.0580  5.9322
  47  0.794963  3.6789  4.5870 -0.5802  9.7414  7.1608  6.2030  5.9371  5.8212
  48  0.807571  3.6846  4.5804 -0.5433  9.5195  7.0101  6.0900  5.8385  5.7305
  49  0.818188  3.6894  4.5745 -0.5127  9.3429  6.8880  5.9978  5.7575  5.6559
  50  0.827808  3.6936  4.5689 -0.4855  9.1893  6.7812  5.9168  5.6859  5.5901
  51  0.837035  3.6974  4.5634 -0.4597  9.0437  6.6819  5.8411  5.6188  5.5282
  52  0.844022  3.7003  4.5591 -0.4403  8.9353  6.6085  5.7847  5.5685  5.4820
  53  0.850954  3.7031  4.5547 -0.4211  8.8290  6.5368  5.7294  5.5191  5.4364
  54  0.857793  3.7058  4.5503 -0.4021  8.7253  6.4669  5.6753  5.4706  5.3917
  55  0.864524  3.7085  4.5456 -0.3835  8.6232  6.3987  5.6222  5.4230  5.3477
  56  0.871122  3.7111  4.5410 -0.3651  8.5233  6.3324  5.5703  5.3763  5.3047
  57  0.877585  3.7136  4.5363 -0.3470  8.4261  6.2679  5.5196  5.3306  5.2625
  58  0.883927  3.7161  4.5315 -0.3293  8.3314  6.2053  5.4702  5.2860  5.2212
  59  0.890147  3.7185  4.5266 -0.3118  8.2394  6.1445  5.4221  5.2424  5.1808
  60  0.896258  3.7208  4.5216 -0.2948  8.1495  6.0855  5.3750  5.1996  5.1411
  61  0.902282  3.7230  4.5166 -0.2779  8.0622  6.0282  5.3291  5.1575  5.1020
  62  0.908213  3.7252  4.5115 -0.2613  7.9773  5.9723  5.2840  5.1162  5.0636
  63  0.914055  3.7273  4.5063 -0.2450  7.8951  5.9180  5.2400  5.0757  5.0258
  64  0.919817  3.7292  4.5011 -0.2290  7.8157  5.8649  5.1969  5.0361  4.9889
  65  0.925496  3.7312  4.4958 -0.2132  7.7386  5.8132  5.1546  4.9973  4.9525
  66  0.931091  3.7331  4.4903 -0.1977  7.6634  5.7627  5.1133  4.9591  4.9168
  67  0.936591  3.7349  4.4849 -0.1824  7.5904  5.7136  5.0728  4.9216  4.8816
  68  0.942009  3.7367  4.4794 -0.1674  7.5196  5.6657  5.0332  4.8849  4.8471
  69  0.947322  3.7384  4.4739 -0.1526  7.4510  5.6190  4.9945  4.8490  4.8132
  70  0.952534  3.7400  4.4683 -0.1382  7.3846  5.5734  4.9567  4.8139  4.7800
  71  0.957642  3.7415  4.4628 -0.1240  7.3208  5.5291  4.9198  4.7795  4.7476
  72  0.962653  3.7431  4.4571 -0.1102  7.2589  5.4860  4.8839  4.7459  4.7159
  73  0.967557  3.7445  4.4516 -0.0966  7.1991  5.4439  4.8486  4.7131  4.6849
  74  0.972366  3.7459  4.4460 -0.0833  7.1414  5.4029  4.8143  4.6809  4.6545
  75  0.977089  3.7472  4.4403 -0.0703  7.0855  5.3631  4.7807  4.6494  4.6245
  76  0.981731  3.7485  4.4347 -0.0574  7.0313  5.3241  4.7476  4.6185  4.5952
  77  0.986288  3.7497  4.4289 -0.0448  6.9787  5.2860  4.7153  4.5880  4.5662
  78  0.990782  3.7509  4.4233 -0.0324  6.9277  5.2489  4.6835  4.5581  4.5378
  79  0.995087  3.7520  4.4177 -0.0204  6.8790  5.2132  4.6530  4.5294  4.5103
  80  0.999141  3.7531  4.4123 -0.0091  6.8335  5.1794  4.6240  4.5020  4.4842
  81  1.002993  3.7540  4.4070  0.0019  6.7903  5.1472  4.5963  4.4758  4.4592
  82  1.005937  3.7548  4.4028  0.0103  6.7573  5.1226  4.5749  4.4555  4.4399
  83  1.008792  3.7555  4.3986  0.0185  6.7254  5.0985  4.5541  4.4359  4.4210
  84  1.011589  3.7562  4.3944  0.0265  6.6945  5.0751  4.5337  4.4164  4.4024
  85  1.014328  3.7568  4.3903  0.0344  6.6645  5.0521  4.5137  4.3974  4.3842
  86  1.017045  3.7574  4.3862  0.0422  6.6348  5.0295  4.4940  4.3787  4.3662
  87  1.019762  3.7581  4.3820  0.0500  6.6056  5.0071  4.4744  4.3600  4.3483
  88  1.022499  3.7586  4.3778  0.0578  6.5766  4.9848  4.4548  4.3414  4.3303
  89  1.025311  3.7593  4.3736  0.0655  6.5473  4.9623  4.4351  4.3226  4.3122
  90  1.028220  3.7599  4.3693  0.0735  6.5178  4.9395  4.4151  4.3035  4.2939
  91  1.031322  3.7604  4.3648  0.0817  6.4874  4.9160  4.3944  4.2837  4.2748
  92  1.034701  3.7611  4.3602  0.0903  6.4556  4.8913  4.3726  4.2629  4.2547
  93  1.038560  3.7618  4.3549  0.0999  6.4214  4.8644  4.3487  4.2400  4.2326
  94  1.076498  3.7649  4.3001  0.1827  6.1590  4.6406  4.1406  4.0369  4.0333
  95  1.073353  3.7651  4.3049  0.1773  6.1716  4.6540  4.1545  4.0510  4.0474
  96  1.078234  3.7653  4.2975  0.1875  6.1423  4.6273  4.1289  4.0258  4.0225
  97  1.081916  3.7654  4.2911  0.1957  6.1207  4.6065  4.1085  4.0055  4.0023
  98  1.085078  3.7653  4.2849  0.2030  6.1026  4.5884  4.0904  3.9873  3.9840
  99  1.088011  3.7654  4.2790  0.2100  6.0854  4.5710  4.0730  3.9699  3.9665
 100  1.090873  3.7654  4.2733  0.2170  6.0674  4.5533  4.0555  3.9525  3.9492
 101  1.093765  3.7654  4.2676  0.2242  6.0484  4.5352  4.0378  3.9348  3.9316
 102  1.096593  3.7656  4.2623  0.2313  6.0280  4.5165  4.0200  3.9173  3.9143
 103  1.099412  3.7658  4.2571  0.2385  6.0070  4.4976  4.0020  3.8997  3.8969
 104  1.102167  3.7661  4.2518  0.2456  5.9861  4.4788  3.9843  3.8822  3.8796
 105  1.104750  3.7662  4.2467  0.2525  5.9656  4.4605  3.9670  3.8653  3.8630
 106  1.107174  3.7665  4.2419  0.2593  5.9451  4.4425  3.9501  3.8488  3.8467
 107  1.109146  3.7667  4.2376  0.2653  5.9268  4.4265  3.9351  3.8341  3.8323
 108  1.111013  3.7670  4.2335  0.2712  5.9081  4.4106  3.9204  3.8198  3.8183
 109  1.112895  3.7672  4.2295  0.2771  5.8890  4.3944  3.9056  3.8055  3.8043
 110  1.114540  3.7675  4.2256  0.2826  5.8716  4.3795  3.8919  3.7921  3.7912
 111  1.116045  3.7678  4.2220  0.2878  5.8543  4.3650  3.8786  3.7793  3.7787
 112  1.117638  3.7681  4.2181  0.2940  5.8334  4.3478  3.8632  3.7645  3.7644
 113  1.119184  3.7685  4.2141  0.3001  5.8125  4.3307  3.8479  3.7497  3.7501
 114  1.120639  3.7689  4.2102  0.3061  5.7919  4.3138  3.8328  3.7353  3.7361
 115  1.122010  3.7693  4.2063  0.3120  5.7714  4.2971  3.8178  3.7210  3.7223
 116  1.123343  3.7697  4.2024  0.3180  5.7511  4.2805  3.8031  3.7068  3.7085
 117  1.124612  3.7701  4.1986  0.3239  5.7310  4.2641  3.7883  3.6927  3.6949
 118  1.125832  3.7705  4.1948  0.3296  5.7113  4.2479  3.7739  3.6787  3.6814
 119  1.127017  3.7708  4.1909  0.3354  5.6917  4.2317  3.7593  3.6648  3.6679
 120  1.128176  3.7712  4.1870  0.3412  5.6723  4.2157  3.7450  3.6510  3.6545
 121  1.129307  3.7715  4.1831  0.3469  5.6531  4.1999  3.7306  3.6372  3.6411
 122  1.130421  3.7718  4.1791  0.3526  5.6341  4.1841  3.7164  3.6234  3.6277
 123  1.131457  3.7722  4.1751  0.3584  5.6148  4.1681  3.7020  3.6096  3.6142
 124  1.132468  3.7725  4.1710  0.3641  5.5957  4.1522  3.6877  3.5957  3.6008
 125  1.133486  3.7728  4.1668  0.3699  5.5771  4.1364  3.6732  3.5817  3.5871
 126  1.134548  3.7730  4.1622  0.3758  5.5595  4.1209  3.6587  3.5674  3.5731
 127  1.135812  3.7731  4.1569  0.3819  5.5436  4.1055  3.6437  3.5526  3.5582
 128  1.138032  3.7730  4.1506  0.3886  5.5274  4.0888  3.6270  3.5358  3.5413
 129  1.140420  3.7730  4.1451  0.3952  5.5102  4.0722  3.6108  3.5197  3.5252
 130  1.142592  3.7732  4.1403  0.4015  5.4914  4.0553  3.5951  3.5042  3.5100
 131  1.144513  3.7734  4.1356  0.4077  5.4729  4.0389  3.5798  3.4892  3.4952
 132  1.146218  3.7736  4.1309  0.4138  5.4547  4.0228  3.5648  3.4745  3.4806
 133  1.147811  3.7737  4.1262  0.4199  5.4368  4.0067  3.5498  3.4598  3.4662
 134  1.149327  3.7738  4.1212  0.4259  5.4192  3.9909  3.5349  3.4451  3.4517
 135  1.150991  3.7729  4.1119  0.4320  5.4174  3.9797  3.5200  3.4287  3.4342
 136  1.152697  3.7725  4.1045  0.4384  5.4069  3.9654  3.5044  3.4125  3.4174
 137  1.154574  3.7723  4.0984  0.4445  5.3935  3.9507  3.4893  3.3972  3.4018
 138  1.156392  3.7722  4.0928  0.4501  5.3820  3.9376  3.4756  3.3832  3.3876
 139  1.158178  3.7719  4.0867  0.4560  5.3696  3.9235  3.4610  3.3682  3.3724
 140  1.159949  3.7717  4.0809  0.4614  5.3597  3.9114  3.4478  3.3546  3.3584
 141  1.161697  3.7714  4.0746  0.4673  5.3486  3.8977  3.4331  3.3395  3.3430
 142  1.163426  3.7711  4.0683  0.4730  5.3387  3.8849  3.4190  3.3248  3.3279
 143  1.165140  3.7708  4.0624  0.4784  5.3295  3.8728  3.4056  3.3110  3.3138
 144  1.166845  3.7704  4.0563  0.4837  5.3214  3.8612  3.3923  3.2972  3.2994
 145  1.168542  3.7700  4.0499  0.4890  5.3150  3.8502  3.3791  3.2832  3.2849
 146  1.170232  3.7695  4.0433  0.4942  5.3095  3.8395  3.3659  3.2693  3.2703
 147  1.171915  3.7690  4.0367  0.4994  5.3048  3.8292  3.3529  3.2553  3.2558
 148  1.173589  3.7684  4.0297  0.5046  5.3017  3.8193  3.3397  3.2412  3.2409
 149  1.175254  3.7677  4.0226  0.5097  5.2984  3.8096  3.3270  3.2274  3.2263
 150  1.176910  3.7670  4.0155  0.5148  5.2951  3.7999  3.3143  3.2139  3.2119
 151  1.178552  3.7663  4.0080  0.5198  5.2931  3.7907  3.3019  3.2002  3.1974
 152  1.180185  3.7655  4.0005  0.5248  5.2916  3.7816  3.2896  3.1867  3.1829
 153  1.181807  3.7647  3.9928  0.5298  5.2909  3.7728  3.2775  3.1734  3.1686
 154  1.183414  3.7638  3.9850  0.5346  5.2911  3.7645  3.2658  3.1603  3.1544
 155  1.185001  3.7628  3.9770  0.5392  5.2925  3.7568  3.2546  3.1476  3.1405
 156  1.186572  3.7617  3.9689  0.5437  5.2958  3.7501  3.2439  3.1353  3.1270
 157  1.188130  3.7605  3.9604  0.5480  5.3021  3.7447  3.2337  3.1232  3.1135
 158  1.189684  3.7592  3.9516  0.5519  5.3118  3.7410  3.2243  3.1118  3.1005
 159  1.191238  3.7576  3.9424  0.5553  5.3265  3.7397  3.2164  3.1015  3.0882
 160  1.192786  3.7556  3.9326  0.5579  5.3477  3.7420  3.2107  3.0927  3.0771
 161  1.194228  3.7535  3.9230  0.5592  5.3765  3.7492  3.2086  3.0871  3.0688
 162  1.195977  3.7504  3.9117  0.5589  5.4243  3.7652  3.2113  3.0849  3.0628
 163  1.197655  3.7467  3.9002  0.5564  5.4900  3.7904  3.2208  3.0885  3.0619
 164  1.199229  3.7425  3.8890  0.5510  5.5747  3.8265  3.2381  3.0990  3.0670
 165  1.200671  3.7376  3.8785  0.5430  5.6749  3.8734  3.2631  3.1161  3.0779
 166  1.201990  3.7326  3.8683  0.5331  5.7894  3.9286  3.2942  3.1382  3.0932
 167  1.203231  3.7271  3.8579  0.5223  5.9147  3.9890  3.3290  3.1636  3.1114
 168  1.204472  3.7212  3.8456  0.5115  6.0504  4.0531  3.3656  3.1901  3.1298
 169  1.205822  3.7149  3.8295  0.5027  6.1948  4.1176  3.3997  3.2126  3.1434
 170  1.207334  3.7083  3.8062  0.5002  6.3317  4.1699  3.4205  3.2210  3.1423
 171  1.208839  3.7028  3.7779  0.5069  6.4253  4.1934  3.4173  3.2072  3.1204
 172  1.210129  3.6990  3.7505  0.5196  6.4684  4.1900  3.3956  3.1781  3.0854
 173  1.211221  3.6965  3.7255  0.5348  6.4821  4.1719  3.3651  3.1423  3.0457
 174  1.212203  3.6945  3.7022  0.5508  6.4813  4.1468  3.3306  3.1038  3.0043
 175  1.213111  3.6930  3.6801  0.5673  6.4705  4.1170  3.2936  3.0638  2.9619
 176  1.213966  3.6918  3.6586  0.5843  6.4525  4.0844  3.2552  3.0228  2.9189
 177  1.214782  3.6908  3.6377  0.6013  6.4300  4.0498  3.2157  2.9812  2.8757
 178  1.215566  3.6899  3.6173  0.6185  6.4044  4.0137  3.1756  2.9391  2.8321
 179  1.216323  3.6891  3.5971  0.6358  6.3765  3.9765  3.1348  2.8966  2.7884
 180  1.217054  3.6884  3.5770  0.6533  6.3470  3.9385  3.0936  2.8539  2.7444
 181  1.217766  3.6878  3.5572  0.6708  6.3163  3.9000  3.0521  2.8110  2.7004
 182  1.218378  3.6873  3.5397  0.6863  6.2880  3.8655  3.0153  2.7730  2.6615
 183  1.218988  3.6867  3.5220  0.7021  6.2587  3.8299  2.9774  2.7340  2.6215
 184  1.219595  3.6862  3.5038  0.7184  6.2282  3.7933  2.9385  2.6940  2.5806
 185  1.220199  3.6856  3.4852  0.7352  6.1963  3.7555  2.8984  2.6527  2.5385
 186  1.220801  3.6852  3.4662  0.7524  6.1635  3.7166  2.8572  2.6104  2.4952
 187  1.221399  3.6847  3.4466  0.7701  6.1292  3.6763  2.8148  2.5669  2.4507
 188  1.221993  3.6841  3.4266  0.7882  6.0942  3.6350  2.7711  2.5221  2.4051
 189  1.222583  3.6836  3.4060  0.8070  6.0580  3.5924  2.7263  2.4761  2.3581
 190  1.223167  3.6830  3.3848  0.8262  6.0212  3.5487  2.6802  2.4288  2.3098
 191  1.223745  3.6825  3.3630  0.8459  5.9839  3.5039  2.6329  2.3802  2.2602
 192  1.224317  3.6819  3.3403  0.8663  5.9465  3.4581  2.5842  2.3301  2.2090
 193  1.224882  3.6812  3.3171  0.8871  5.9078  3.4111  2.5343  2.2788  2.1567
 194  1.225441  3.6805  3.2932  0.9086  5.8688  3.3630  2.4832  2.2263  2.1029
 195  1.225988  3.6798  3.2684  0.9307  5.8286  3.3132  2.4303  2.1718  2.0472
 196  1.226529  3.6791  3.2430  0.9534  5.7887  3.2628  2.3763  2.1161  1.9903
 197  1.227060  3.6783  3.2167  0.9767  5.7485  3.2114  2.3212  2.0591  1.9319
 198  1.227581  3.6775  3.1897  1.0006  5.7075  3.1587  2.2645  2.0005  1.8718
 199  1.228087  3.6766  3.1616  1.0253  5.6661  3.1044  2.2060  1.9400  1.8098
 200  1.228578  3.6756  3.1326  1.0508  5.6239  3.0489  2.1459  1.8777  1.7459
 201  1.229060  3.6746  3.1029  1.0767  5.5819  2.9926  2.0849  1.8144  1.6809
 202  1.229527  3.6737  3.0724  1.1033  5.5394  2.9350  2.0223  1.7494  1.6140
 203  1.229979  3.6726  3.0410  1.1305  5.4968  2.8765  1.9584  1.6829  1.5457
 204  1.230417  3.6714  3.0088  1.1583  5.4538  2.8168  1.8932  1.6150  1.4759
 205  1.230839  3.6702  2.9757  1.1867  5.4121  2.7568  1.8271  1.5459  1.4046
 206  1.231249  3.6690  2.9418  1.2157  5.3711  2.6963  1.7600  1.4757  1.3322
 207  1.231641  3.6676  2.9071  1.2451  5.3303  2.6351  1.6918  1.4042  1.2583
 208  1.232019  3.6662  2.8718  1.2751  5.2901  2.5733  1.6228  1.3318  1.1833
 209  1.232382  3.6648  2.8357  1.3054  5.2505  2.5111  1.5531  1.2584  1.1073
 210  1.232731  3.6633  2.7991  1.3362  5.2113  2.4486  1.4828  1.1841  1.0304
 211  1.233065  3.6617  2.7619  1.3673  5.1727  2.3856  1.4118  1.1092  0.9526
 212  1.233387  3.6601  2.7243  1.3987  5.1350  2.3226  1.3405  1.0337  0.8741
 213  1.233699  3.6585  2.6862  1.4305  5.0978  2.2594  1.2689  0.9577  0.7951
 214  1.234000  3.6569  2.6477  1.4623  5.0619  2.1965  1.1972  0.8815  0.7156
 215  1.234322  3.6549  2.6027  1.4994  5.0217  2.1248  1.1152  0.7933  0.6232
 216  1.234752  3.6543  2.5889  1.5114  5.0039  2.0988  1.0870  0.7640  0.5931
 217  1.234789  3.6545  2.5913  1.5097  5.0050  2.1018  1.0905  0.7680  0.5974
 218  1.234825  3.6547  2.5938  1.5077  5.0062  2.1051  1.0945  0.7725  0.6023
 219  1.234861  3.6548  2.5965  1.5055  5.0078  2.1086  1.0987  0.7774  0.6076
 220  1.234896  3.6549  2.5993  1.5034  5.0094  2.1124  1.1033  0.7825  0.6131
 221  1.234934  3.6551  2.6024  1.5009  5.0113  2.1166  1.1082  0.7881  0.6190
 222  1.234973  3.6553  2.6054  1.4985  5.0131  2.1207  1.1131  0.7937  0.6250
 223  1.235018  3.6554  2.6084  1.4963  5.0145  2.1243  1.1176  0.7988  0.6307
 224  1.235072  3.6555  2.6105  1.4946  5.0157  2.1271  1.1208  0.8026  0.6347
 225  1.235135  3.6555  2.6105  1.4947  5.0150  2.1264  1.1203  0.8021  0.6344
 226  1.235194  3.6555  2.6083  1.4967  5.0123  2.1223  1.1156  0.7974  0.6295
 227  1.235694  3.6537  2.5668  1.5313  4.9726  2.0537  1.0376  0.7145  0.5433
 228  1.236178  3.6537  2.5602  1.5377  4.9620  2.0407  1.0240  0.6996  0.5278
 229  1.236658  3.6508  2.4965  1.5902  4.9094  1.9407  0.9086  0.5754  0.3976
 230  1.237080  3.6471  2.4202  1.6519  4.8545  1.8261  0.7743  0.4298  0.2443
 231  1.237448  3.6434  2.3459  1.7116  4.8052  1.7178  0.6465  0.2899  0.0964
 232  1.237775  3.6397  2.2717  1.7710  4.7592  1.6126  0.5214  0.1518 -0.0504
 233  1.238058  3.6359  2.1991  1.8288  4.7165  1.5120  0.4014  0.0181 -0.1933
 234  1.238307  3.6323  2.1296  1.8839  4.6781  1.4182  0.2892 -0.1085 -0.3292
 235  1.238527  3.6287  2.0615  1.9376  4.6417  1.3281  0.1814 -0.2312 -0.4616
 236  1.238722  3.6251  1.9943  1.9904  4.6082  1.2424  0.0785 -0.3504 -0.5913
 237  1.238895  3.6214  1.9283  2.0418  4.5777  1.1615 -0.0186 -0.4654 -0.7177
 238  1.239050  3.6177  1.8628  2.0925  4.5487  1.0846 -0.1111 -0.5775 -0.8420
 239  1.239188  3.6140  1.7990  2.1418  4.5211  1.0124 -0.1978 -0.6853 -0.9629
 240  1.239312  3.6104  1.7362  2.1899  4.4942  0.9439 -0.2792 -0.7897 -1.0811
 241  1.239421  3.6069  1.6749  2.2369  4.4684  0.8797 -0.3547 -0.8902 -1.1962
 242  1.239521  3.6033  1.6143  2.2832  4.4425  0.8192 -0.4250 -0.9879 -1.3095
 243  1.239611  3.5997  1.5550  2.3283  4.4153  0.7623 -0.4903 -1.0822 -1.4199
 244  1.239691  3.5962  1.4972  2.3723  4.3880  0.7105 -0.5487 -1.1721 -1.5268
 245  1.239765  3.5927  1.4401  2.4153  4.3616  0.6636 -0.5999 -1.2584 -1.6316
 246  1.239831  3.5893  1.3841  2.4574  4.3373  0.6213 -0.6431 -1.3413 -1.7343
 247  1.239891  3.5857  1.3294  2.4984  4.3134  0.5836 -0.6787 -1.4203 -1.8341
 248  1.239947  3.5824  1.2758  2.5385  4.2890  0.5504 -0.7073 -1.4958 -1.9312
 249  1.239997  3.5791  1.2232  2.5778  4.2633  0.5221 -0.7278 -1.5678 -2.0258
 250  1.240043  3.5758  1.1717  2.6160  4.2382  0.4992 -0.7402 -1.6362 -2.1177
 251  1.240085  3.5725  1.1211  2.6536  4.2142  0.4820 -0.7457 -1.7008 -2.2071
 252  1.240124  3.5693  1.0719  2.6900  4.1930  0.4701 -0.7474 -1.7611 -2.2927
 253  1.240159  3.5661  1.0234  2.7258  4.1764  0.4646 -0.7470 -1.8175 -2.3752
 254  1.240192  3.5629  0.9761  2.7604  4.1620  0.4676 -0.7382 -1.8688 -2.4535
 255  1.240223  3.5598  0.9296  2.7943  4.1477  0.4804 -0.7159 -1.9145 -2.5282
 256  1.240251  3.5567  0.8839  2.8276  4.1313  0.5019 -0.6759 -1.9560 -2.6003
 257  1.240277  3.5536  0.8393  2.8599  4.1085  0.5440 -0.5931 -1.9883 -2.6682
 258  1.240301  3.5506  0.7957  2.8914  4.0815  0.5925 -0.4979 -2.0148 -2.7319
 259  1.240324  3.5476  0.7530  2.9222  4.0535  0.6505 -0.3915 -2.0345 -2.7908
 260  1.240345  3.5446  0.7110  2.9523  4.0258  0.7207 -0.2755 -2.0454 -2.8440
 261  1.240364  3.5417  0.6700  2.9816  4.0014  0.8078 -0.1587 -2.0423 -2.8876
 262  1.240383  3.5388  0.6296  3.0105  3.9783  0.9060 -0.0400 -2.0303 -2.9248
 263  1.240400  3.5360  0.5904  3.0384  3.9562  1.0095  0.0769 -2.0123 -2.9566
 264  1.240416  3.5332  0.5518  3.0658  3.9355  1.1196  0.1948 -1.9887 -2.9840
 265  1.240431  3.5304  0.5140  3.0925  3.9148  1.2241  0.3018 -1.9638 -3.0081
 266  1.240445  3.5277  0.4768  3.1186  3.9000  1.3109  0.3774 -1.9449 -3.0323
 267  1.240459  3.5249  0.4406  3.1441  3.8878  1.3961  0.4472 -1.9241 -3.0535
 268  1.240472  3.5223  0.4049  3.1691  3.8786  1.4847  0.5177 -1.8988 -3.0710
 269  1.240484  3.5197  0.3703  3.1933  3.8725  1.5727  0.5818 -1.8711 -3.0850
 270  1.240495  3.5171  0.3362  3.2171  3.8680  1.6603  0.6409 -1.8406 -3.0951
 271  1.240506  3.5144  0.3022  3.2403  3.8654  1.7470  0.6958 -1.8070 -3.1008
 272  1.240517  3.5119  0.2694  3.2630  3.8619  1.8229  0.7377 -1.7783 -3.1077
 273  1.240526  3.5093  0.2372  3.2851  3.8594  1.8912  0.7673 -1.7523 -3.1143
 274  1.240535  3.5070  0.2058  3.3067  3.8586  1.9502  0.7825 -1.7304 -3.1214
 275  1.240545  3.5044  0.1745  3.3279  3.8634  2.0043  0.7826 -1.7109 -3.1281
 276  1.240553  3.5019  0.1443  3.3484  3.8683  2.0522  0.7793 -1.6956 -3.1370
 277  1.240560  3.4996  0.1150  3.3683  3.8738  2.0949  0.7712 -1.6830 -3.1464
 278  1.240569  3.4974  0.0871  3.3873  3.8800  2.1323  0.7600 -1.6730 -3.1564
