#NUMBER OF AGES= 1
#----------------------------------------------------       
#MIX-LEN  Y      Z          Zeff        [Fe/H] [a/Fe]
# 1.9380  0.2846 2.4865E-02 2.4865E-02   0.20   0.00 
#----------------------------------------------------       
#**PHOTOMETRIC SYSTEM**: SDSS (AB)                          
#----------------------------------------------------       
#AGE= 7.000 EEPS=269
#EEP   M/Mo    LogTeff  LogG   LogL/Lo sdss_u  sdss_g  sdss_r  sdss_i  sdss_z
  11  0.125785  3.5005  5.1952 -2.7021 17.6719 14.6366 13.1470 11.8375 11.0789
  12  0.152083  3.5012  5.1230 -2.5448 17.2099 14.2244 12.7455 11.4429 10.6866
  13  0.187053  3.5059  5.0660 -2.3790 16.6437 13.7258 12.2695 11.0031 10.2663
  14  0.213313  3.5097  5.0322 -2.2727 16.2707 13.3957 11.9566 10.7174  9.9961
  15  0.233192  3.5124  5.0086 -2.1996 16.0157 13.1686 11.7416 10.5209  9.8103
  16  0.250906  3.5148  4.9894 -2.1390 15.8063 12.9803 11.5640 10.3582  9.6566
  17  0.271361  3.5175  4.9696 -2.0745 15.5853 12.7801 11.3752 10.1851  9.4934
  18  0.289668  3.5198  4.9532 -2.0207 15.4016 12.6127 11.2176 10.0406  9.3572
  19  0.301929  3.5212  4.9418 -1.9855 15.2829 12.5041 11.1154  9.9464  9.2683
  20  0.309227  3.5220  4.9353 -1.9655 15.2171 12.4435 11.0583  9.8935  9.2181
  21  0.314180  3.5227  4.9324 -1.9530 15.1731 12.4029 11.0203  9.8592  9.1863
  22  0.318186  3.5232  4.9279 -1.9411 15.1339 12.3669 10.9865  9.8276  9.1564
  23  0.321208  3.5234  4.9233 -1.9313 15.1034 12.3390 10.9599  9.8023  9.1319
  24  0.323686  3.5237  4.9199 -1.9235 15.0780 12.3158 10.9380  9.7818  9.1124
  25  0.325384  3.5235  4.9200 -1.9222 15.0785 12.3153 10.9367  9.7796  9.1094
  26  0.327921  3.5243  4.9186 -1.9144 15.0462 12.2861 10.9103  9.7570  9.0895
  27  0.330955  3.5245  4.9139 -1.9045 15.0145 12.2571 10.8828  9.7310  9.0645
  28  0.334370  3.5251  4.9150 -1.8993 14.9944 12.2379 10.8650  9.7159  9.0512
  29  0.340576  3.5257  4.9110 -1.8847 14.9455 12.1923 10.8219  9.6766  9.0143
  30  0.395033  3.5349  4.8684 -1.7446 14.4612 11.7317 10.3859  9.2922  8.6645
  31  0.502786  3.5551  4.7775 -1.4611 13.4928 10.8054  9.5291  8.5147  7.9546
  32  0.501022  3.5562  4.7771 -1.4611 13.4972 10.7938  9.5106  8.5104  7.9574
  33  0.514684  3.5602  4.7646 -1.4210 13.3620 10.6514  9.3735  8.3963  7.8590
  34  0.526504  3.5639  4.7539 -1.3858 13.2435 10.5240  9.2499  8.2961  7.7733
  35  0.537433  3.5674  4.7441 -1.3530 13.1331 10.4030  9.1316  8.2019  7.6936
  36  0.548933  3.5711  4.7338 -1.3184 13.0178 10.2752  9.0056  8.1026  7.6100
  37  0.562563  3.5758  4.7220 -1.2774 12.8815 10.1216  8.8537  7.9838  7.5109
  38  0.579050  3.5818  4.7082 -1.2269 12.7106  9.9260  8.6581  7.8349  7.3896
  39  0.598008  3.5893  4.6932 -1.1681 12.5052  9.6870  8.4164  7.6570  7.2486
  40  0.617927  3.5976  4.6784 -1.1060 12.2925  9.4328  8.1635  7.4696  7.0993
  41  0.636579  3.6057  4.6654 -1.0475 12.0884  9.1903  7.9258  7.2934  6.9596
  42  0.651361  3.6120  4.6548 -1.0018 11.9219  9.0032  7.7456  7.1585  6.8531
  43  0.667318  3.6193  4.6448 -0.9520 11.7393  8.7954  7.5490  7.0113  6.7364
  44  0.689380  3.6299  4.6328 -0.8836 11.4505  8.4944  7.2725  6.8058  6.5741
  45  0.714614  3.6422  4.6197 -0.8058 11.0669  8.1461  6.9692  6.5734  6.3849
  46  0.734441  3.6517  4.6099 -0.7459 10.7412  7.8803  6.7513  6.3987  6.2360
  47  0.751010  3.6597  4.6019 -0.6963 10.4505  7.6618  6.5801  6.2577  6.1119
  48  0.765491  3.6666  4.5949 -0.6532 10.1911  7.4744  6.4372  6.1373  6.0037
  49  0.778241  3.6727  4.5883 -0.6153  9.9639  7.3132  6.3158  6.0333  5.9087
  50  0.789473  3.6780  4.5822 -0.5818  9.7626  7.1735  6.2107  5.9425  5.8252
  51  0.799271  3.6825  4.5767 -0.5525  9.5878  7.0538  6.1208  5.8641  5.7531
  52  0.805945  3.6856  4.5728 -0.5327  9.4710  6.9738  6.0604  5.8113  5.7044
  53  0.812546  3.6886  4.5688 -0.5131  9.3592  6.8960  6.0015  5.7595  5.6567
  54  0.819098  3.6916  4.5647 -0.4939  9.2506  6.8203  5.9440  5.7087  5.6099
  55  0.825652  3.6944  4.5605 -0.4747  9.1438  6.7462  5.8875  5.6587  5.5639
  56  0.832196  3.6973  4.5563 -0.4558  9.0373  6.6737  5.8321  5.6093  5.5185
  57  0.838719  3.6999  4.5519 -0.4371  8.9333  6.6030  5.7778  5.5608  5.4738
  58  0.845202  3.7026  4.5475 -0.4186  8.8312  6.5340  5.7243  5.5132  5.4298
  59  0.851604  3.7053  4.5429 -0.4003  8.7319  6.4668  5.6722  5.4663  5.3866
  60  0.857892  3.7078  4.5382 -0.3823  8.6342  6.4012  5.6211  5.4205  5.3441
  61  0.864068  3.7102  4.5335 -0.3646  8.5388  6.3376  5.5711  5.3754  5.3025
  62  0.870107  3.7127  4.5288 -0.3472  8.4458  6.2756  5.5223  5.3314  5.2618
  63  0.876005  3.7150  4.5239 -0.3302  8.3553  6.2154  5.4747  5.2884  5.2220
  64  0.881785  3.7172  4.5190 -0.3134  8.2675  6.1570  5.4285  5.2464  5.1830
  65  0.887441  3.7194  4.5140 -0.2970  8.1822  6.1004  5.3833  5.2053  5.1449
  66  0.892972  3.7215  4.5090 -0.2809  8.0993  6.0457  5.3394  5.1651  5.1075
  67  0.898413  3.7235  4.5038 -0.2650  8.0188  5.9924  5.2963  5.1256  5.0707
  68  0.903752  3.7254  4.4987 -0.2495  7.9407  5.9407  5.2542  5.0869  5.0346
  69  0.908998  3.7273  4.4935 -0.2343  7.8651  5.8903  5.2131  5.0491  4.9992
  70  0.914160  3.7292  4.4882 -0.2193  7.7920  5.8411  5.1729  5.0120  4.9645
  71  0.919243  3.7309  4.4829 -0.2045  7.7212  5.7931  5.1335  4.9756  4.9305
  72  0.924253  3.7326  4.4775 -0.1899  7.6522  5.7463  5.0949  4.9399  4.8969
  73  0.929177  3.7342  4.4721 -0.1757  7.5849  5.7005  5.0571  4.9049  4.8639
  74  0.934019  3.7358  4.4666 -0.1617  7.5196  5.6560  5.0201  4.8704  4.8314
  75  0.938794  3.7373  4.4611 -0.1478  7.4563  5.6124  4.9837  4.8365  4.7994
  76  0.943487  3.7388  4.4555 -0.1342  7.3947  5.5698  4.9481  4.8033  4.7681
  77  0.948084  3.7402  4.4499 -0.1208  7.3351  5.5283  4.9133  4.7708  4.7372
  78  0.952594  3.7416  4.4442 -0.1077  7.2775  5.4877  4.8792  4.7389  4.7070
  79  0.957020  3.7429  4.4386 -0.0948  7.2216  5.4481  4.8459  4.7077  4.6775
  80  0.961355  3.7442  4.4330 -0.0823  7.1675  5.4095  4.8133  4.6772  4.6485
  81  0.965608  3.7453  4.4274 -0.0699  7.1152  5.3719  4.7814  4.6472  4.6199
  82  0.969097  3.7463  4.4226 -0.0597  7.0727  5.3412  4.7553  4.6226  4.5966
  83  0.972531  3.7473  4.4179 -0.0497  7.0313  5.3112  4.7296  4.5984  4.5736
  84  0.975912  3.7482  4.4132 -0.0399  6.9910  5.2817  4.7044  4.5746  4.5509
  85  0.979248  3.7490  4.4084 -0.0302  6.9518  5.2528  4.6795  4.5512  4.5284
  86  0.982533  3.7498  4.4037 -0.0206  6.9134  5.2245  4.6551  4.5280  4.5063
  87  0.985773  3.7507  4.3989 -0.0112  6.8762  5.1966  4.6310  4.5052  4.4845
  88  0.988968  3.7515  4.3942 -0.0019  6.8399  5.1694  4.6073  4.4828  4.4630
  89  0.992117  3.7522  4.3895  0.0072  6.8044  5.1426  4.5841  4.4607  4.4418
  90  0.995154  3.7529  4.3848  0.0161  6.7703  5.1168  4.5615  4.4392  4.4213
  91  0.998044  3.7536  4.3803  0.0246  6.7378  5.0920  4.5399  4.4187  4.4016
  92  1.000791  3.7542  4.3759  0.0328  6.7069  5.0683  4.5192  4.3990  4.3826
  93  1.003403  3.7549  4.3716  0.0406  6.6774  5.0456  4.4993  4.3801  4.3644
  94  1.005885  3.7554  4.3674  0.0482  6.6492  5.0239  4.4802  4.3618  4.3469
  95  1.008241  3.7560  4.3634  0.0554  6.6223  5.0030  4.4618  4.3443  4.3300
  96  1.010503  3.7564  4.3593  0.0625  6.5966  4.9830  4.4442  4.3274  4.3137
  97  1.012690  3.7570  4.3553  0.0693  6.5719  4.9636  4.4269  4.3108  4.2977
  98  1.014808  3.7574  4.3515  0.0759  6.5481  4.9448  4.4102  4.2948  4.2823
  99  1.016860  3.7578  4.3476  0.0823  6.5253  4.9267  4.3940  4.2793  4.2672
 100  1.018840  3.7582  4.3438  0.0885  6.5037  4.9094  4.3785  4.2644  4.2527
 101  1.020699  3.7586  4.3402  0.0944  6.4833  4.8931  4.3639  4.2503  4.2391
 102  1.022351  3.7589  4.3369  0.0996  6.4652  4.8785  4.3507  4.2376  4.2268
 103  1.023512  3.7592  4.3345  0.1037  6.4505  4.8670  4.3405  4.2279  4.2174
 104  1.018209  3.7597  4.3431  0.0952  6.4635  4.8856  4.3613  4.2496  4.2398
 105  1.020970  3.7601  4.3386  0.1024  6.4395  4.8658  4.3432  4.2321  4.2227
 106  1.024186  3.7605  4.3333  0.1103  6.4140  4.8443  4.3233  4.2127  4.2037
 107  1.027906  3.7608  4.3275  0.1192  6.3857  4.8203  4.3010  4.1910  4.1823
 108  1.032165  3.7611  4.3205  0.1292  6.3549  4.7935  4.2759  4.1664  4.1581
 109  1.052320  3.7619  4.2843  0.1769  6.2198  4.6696  4.1568  4.0484  4.0411
 110  1.063701  3.7625  4.2615  0.2066  6.1355  4.5926  4.0827  3.9752  3.9683
 111  1.068734  3.7630  4.2523  0.2197  6.0934  4.5569  4.0495  3.9428  3.9366
 112  1.070552  3.7634  4.2479  0.2266  6.0694  4.5377  4.0323  3.9262  3.9206
 113  1.071970  3.7638  4.2440  0.2328  6.0474  4.5204  4.0169  3.9114  3.9062
 114  1.073228  3.7642  4.2402  0.2387  6.0266  4.5038  4.0021  3.8972  3.8924
 115  1.074370  3.7646  4.2364  0.2444  6.0065  4.4877  3.9877  3.8834  3.8791
 116  1.075449  3.7649  4.2327  0.2500  5.9870  4.4718  3.9735  3.8698  3.8659
 117  1.076477  3.7653  4.2288  0.2556  5.9679  4.4563  3.9595  3.8563  3.8529
 118  1.077479  3.7657  4.2249  0.2612  5.9492  4.4408  3.9456  3.8428  3.8397
 119  1.078460  3.7659  4.2209  0.2667  5.9310  4.4256  3.9317  3.8294  3.8267
 120  1.079430  3.7662  4.2167  0.2723  5.9134  4.4105  3.9177  3.8159  3.8134
 121  1.080415  3.7664  4.2123  0.2780  5.8966  4.3955  3.9037  3.8021  3.7999
 122  1.081484  3.7665  4.2075  0.2837  5.8800  4.3805  3.8894  3.7880  3.7859
 123  1.083076  3.7666  4.2024  0.2899  5.8628  4.3644  3.8739  3.7727  3.7707
 124  1.085046  3.7667  4.1973  0.2960  5.8472  4.3490  3.8587  3.7576  3.7557
 125  1.086959  3.7667  4.1923  0.3019  5.8320  4.3342  3.8440  3.7430  3.7411
 126  1.088798  3.7667  4.1873  0.3077  5.8172  4.3197  3.8297  3.7287  3.7268
 127  1.090571  3.7667  4.1824  0.3134  5.8030  4.3054  3.8155  3.7145  3.7126
 128  1.092344  3.7667  4.1774  0.3189  5.7893  4.2917  3.8018  3.7007  3.6987
 129  1.094036  3.7666  4.1725  0.3243  5.7767  4.2784  3.7883  3.6872  3.6851
 130  1.095713  3.7666  4.1676  0.3296  5.7637  4.2652  3.7750  3.6738  3.6717
 131  1.097379  3.7665  4.1627  0.3350  5.7511  4.2521  3.7617  3.6604  3.6581
 132  1.099030  3.7664  4.1575  0.3403  5.7391  4.2392  3.7483  3.6469  3.6445
 133  1.100685  3.7663  4.1523  0.3457  5.7269  4.2261  3.7350  3.6333  3.6308
 134  1.102346  3.7662  4.1472  0.3511  5.7146  4.2130  3.7215  3.6197  3.6171
 135  1.103998  3.7662  4.1423  0.3566  5.7013  4.1995  3.7080  3.6062  3.6034
 136  1.105647  3.7661  4.1373  0.3621  5.6884  4.1861  3.6944  3.5925  3.5897
 137  1.107281  3.7660  4.1319  0.3676  5.6759  4.1728  3.6806  3.5785  3.5756
 138  1.108922  3.7658  4.1264  0.3732  5.6637  4.1594  3.6668  3.5645  3.5613
 139  1.110564  3.7657  4.1209  0.3788  5.6514  4.1459  3.6528  3.5503  3.5470
 140  1.112210  3.7656  4.1152  0.3845  5.6393  4.1323  3.6388  3.5359  3.5324
 141  1.113858  3.7654  4.1094  0.3902  5.6273  4.1188  3.6246  3.5215  3.5177
 142  1.115509  3.7652  4.1034  0.3960  5.6154  4.1052  3.6103  3.5068  3.5028
 143  1.117158  3.7649  4.0974  0.4019  5.6038  4.0915  3.5958  3.4920  3.4878
 144  1.118810  3.7647  4.0912  0.4077  5.5924  4.0779  3.5813  3.4771  3.4725
 145  1.120461  3.7644  4.0847  0.4136  5.5815  4.0643  3.5667  3.4620  3.4571
 146  1.122113  3.7640  4.0782  0.4196  5.5710  4.0507  3.5519  3.4468  3.4415
 147  1.123763  3.7637  4.0713  0.4256  5.5612  4.0373  3.5372  3.4315  3.4258
 148  1.125407  3.7633  4.0643  0.4316  5.5520  4.0240  3.5225  3.4162  3.4100
 149  1.127046  3.7628  4.0571  0.4375  5.5439  4.0112  3.5078  3.4008  3.3941
 150  1.128680  3.7623  4.0497  0.4434  5.5369  3.9986  3.4931  3.3854  3.3779
 151  1.130315  3.7618  4.0421  0.4494  5.5307  3.9863  3.4786  3.3699  3.3618
 152  1.131955  3.7611  4.0342  0.4553  5.5259  3.9744  3.4641  3.3545  3.3456
 153  1.133601  3.7603  4.0260  0.4612  5.5223  3.9630  3.4499  3.3391  3.3293
 154  1.135253  3.7595  4.0175  0.4669  5.5208  3.9525  3.4359  3.3238  3.3131
 155  1.136914  3.7585  4.0086  0.4725  5.5214  3.9428  3.4223  3.3087  3.2968
 156  1.138591  3.7574  3.9992  0.4781  5.5250  3.9345  3.4092  3.2940  3.2806
 157  1.140298  3.7561  3.9894  0.4833  5.5311  3.9276  3.3968  3.2795  3.2645
 158  1.142045  3.7545  3.9787  0.4883  5.5426  3.9231  3.3854  3.2655  3.2485
 159  1.143845  3.7525  3.9670  0.4927  5.5609  3.9219  3.3756  3.2525  3.2330
 160  1.145700  3.7500  3.9542  0.4963  5.5895  3.9255  3.3685  3.2412  3.2186
 161  1.147449  3.7470  3.9410  0.4980  5.6338  3.9363  3.3664  3.2345  3.2081
 162  1.148900  3.7441  3.9301  0.4979  5.6819  3.9512  3.3691  3.2327  3.2028
 163  1.150312  3.7406  3.9190  0.4957  5.7469  3.9757  3.3782  3.2361  3.2017
 164  1.151685  3.7364  3.9073  0.4912  5.8289  4.0108  3.3940  3.2447  3.2049
 165  1.152999  3.7317  3.8953  0.4847  5.9293  4.0558  3.4164  3.2590  3.2129
 166  1.154257  3.7263  3.8823  0.4766  6.0461  4.1085  3.4443  3.2777  3.2244
 167  1.155503  3.7204  3.8673  0.4685  6.1767  4.1667  3.4746  3.2977  3.2362
 168  1.156798  3.7139  3.8477  0.4628  6.3154  4.2245  3.5016  3.3127  3.2423
 169  1.158163  3.7075  3.8224  0.4627  6.4439  4.2698  3.5160  3.3151  3.2353
 170  1.159532  3.7020  3.7937  0.4698  6.5349  4.2926  3.5120  3.3003  3.2123
 171  1.160724  3.6982  3.7659  0.4829  6.5785  4.2889  3.4898  3.2705  3.1766
 172  1.161742  3.6956  3.7403  0.4983  6.5938  4.2708  3.4587  3.2340  3.1362
 173  1.162654  3.6936  3.7164  0.5148  6.5925  4.2448  3.4231  3.1945  3.0936
 174  1.163500  3.6921  3.6936  0.5318  6.5808  4.2142  3.3851  3.1533  3.0500
 175  1.164302  3.6909  3.6717  0.5492  6.5615  4.1805  3.3456  3.1111  3.0058
 176  1.165068  3.6898  3.6503  0.5668  6.5379  4.1447  3.3049  3.0682  2.9613
 177  1.165810  3.6890  3.6293  0.5845  6.5109  4.1072  3.2634  3.0248  2.9164
 178  1.166531  3.6882  3.6086  0.6023  6.4813  4.0687  3.2213  2.9811  2.8714
 179  1.167234  3.6875  3.5881  0.6204  6.4499  4.0292  3.1788  2.9371  2.8262
 180  1.167919  3.6868  3.5677  0.6384  6.4175  3.9892  3.1360  2.8929  2.7809
 181  1.168591  3.6862  3.5475  0.6565  6.3840  3.9488  3.0929  2.8485  2.7354
 182  1.169126  3.6858  3.5313  0.6712  6.3557  3.9153  3.0575  2.8122  2.6984
 183  1.169661  3.6854  3.5147  0.6862  6.3268  3.8812  3.0216  2.7753  2.6607
 184  1.170196  3.6849  3.4978  0.7015  6.2975  3.8465  2.9850  2.7377  2.6223
 185  1.170729  3.6845  3.4805  0.7171  6.2676  3.8112  2.9476  2.6993  2.5830
 186  1.171262  3.6840  3.4629  0.7331  6.2368  3.7748  2.9093  2.6599  2.5429
 187  1.171792  3.6835  3.4448  0.7495  6.2050  3.7375  2.8700  2.6197  2.5017
 188  1.172319  3.6831  3.4264  0.7664  6.1719  3.6989  2.8295  2.5781  2.4594
 189  1.172841  3.6826  3.4071  0.7840  6.1375  3.6586  2.7871  2.5348  2.4152
 190  1.173357  3.6821  3.3869  0.8024  6.1024  3.6168  2.7431  2.4895  2.3691
 191  1.173867  3.6816  3.3657  0.8216  6.0656  3.5730  2.6969  2.4422  2.3208
 192  1.174369  3.6810  3.3435  0.8417  6.0278  3.5275  2.6488  2.3928  2.2704
 193  1.174861  3.6804  3.3202  0.8628  5.9881  3.4798  2.5984  2.3410  2.2176
 194  1.175344  3.6797  3.2959  0.8846  5.9481  3.4307  2.5463  2.2874  2.1629
 195  1.175821  3.6791  3.2710  0.9069  5.9070  3.3803  2.4927  2.2322  2.1065
 196  1.176287  3.6784  3.2449  0.9303  5.8651  3.3282  2.4372  2.1751  2.0480
 197  1.176741  3.6776  3.2178  0.9544  5.8223  3.2744  2.3797  2.1158  1.9874
 198  1.177185  3.6767  3.1898  0.9793  5.7793  3.2195  2.3208  2.0549  1.9250
 199  1.177618  3.6758  3.1608  1.0048  5.7359  3.1632  2.2603  1.9924  1.8608
 200  1.178040  3.6749  3.1309  1.0311  5.6919  3.1057  2.1982  1.9281  1.7950
 201  1.178449  3.6739  3.1001  1.0580  5.6478  3.0470  2.1347  1.8622  1.7273
 202  1.178845  3.6728  3.0685  1.0857  5.6031  2.9869  2.0695  1.7945  1.6579
 203  1.179229  3.6718  3.0358  1.1140  5.5587  2.9262  2.0033  1.7256  1.5870
 204  1.179599  3.6706  3.0025  1.1429  5.5142  2.8644  1.9356  1.6552  1.5146
 205  1.179954  3.6693  2.9681  1.1723  5.4710  2.8022  1.8669  1.5835  1.4406
 206  1.180297  3.6680  2.9329  1.2024  5.4283  2.7393  1.7973  1.5106  1.3653
 207  1.180624  3.6666  2.8968  1.2330  5.3863  2.6758  1.7266  1.4364  1.2887
 208  1.180938  3.6652  2.8601  1.2641  5.3446  2.6117  1.6550  1.3612  1.2109
 209  1.181239  3.6636  2.8227  1.2955  5.3036  2.5473  1.5827  1.2851  1.1321
 210  1.181527  3.6620  2.7847  1.3274  5.2634  2.4825  1.5100  1.2083  1.0524
 211  1.181805  3.6605  2.7462  1.3596  5.2237  2.4175  1.4367  1.1308  0.9720
 212  1.182070  3.6588  2.7072  1.3922  5.1849  2.3524  1.3630  1.0528  0.8909
 213  1.182316  3.6571  2.6670  1.4255  5.1467  2.2865  1.2880  0.9730  0.8077
 214  1.182580  3.6549  2.6181  1.4657  5.1024  2.2087  1.1993  0.8774  0.7075
 215  1.182964  3.6538  2.5906  1.4889  5.0737  2.1621  1.1470  0.8219  0.6496
 216  1.183192  3.6546  2.6039  1.4788  5.0794  2.1777  1.1662  0.8446  0.6745
 217  1.183224  3.6548  2.6094  1.4744  5.0830  2.1855  1.1754  0.8548  0.6855
 218  1.183256  3.6551  2.6148  1.4701  5.0868  2.1932  1.1845  0.8649  0.6962
 219  1.183292  3.6554  2.6199  1.4660  5.0901  2.2004  1.1929  0.8743  0.7062
 220  1.183340  3.6556  2.6232  1.4634  5.0920  2.2048  1.1982  0.8802  0.7126
 221  1.183389  3.6555  2.6202  1.4661  5.0888  2.1995  1.1922  0.8740  0.7062
 222  1.183432  3.6553  2.6153  1.4702  5.0842  2.1913  1.1829  0.8641  0.6959
 223  1.183473  3.6550  2.6098  1.4747  5.0791  2.1824  1.1728  0.8533  0.6847
 224  1.183513  3.6548  2.6043  1.4793  5.0740  2.1734  1.1624  0.8423  0.6733
 225  1.183557  3.6545  2.5991  1.4836  5.0694  2.1651  1.1528  0.8320  0.6625
 226  1.183601  3.6544  2.5943  1.4876  5.0647  2.1570  1.1437  0.8224  0.6525
 227  1.184007  3.6533  2.5663  1.5115  5.0351  2.1096  1.0905  0.7656  0.5933
 228  1.184398  3.6523  2.5424  1.5318  5.0116  2.0701  1.0461  0.7175  0.5430
 229  1.184773  3.6487  2.4646  1.5953  4.9504  1.9500  0.9068  0.5674  0.3854
 230  1.185099  3.6451  2.3886  1.6566  4.8973  1.8374  0.7745  0.4233  0.2333
 231  1.185384  3.6413  2.3135  1.7170  4.8479  1.7289  0.6463  0.2824  0.0839
 232  1.185633  3.6376  2.2395  1.7760  4.8022  1.6248  0.5226  0.1452 -0.0622
 233  1.185849  3.6339  2.1681  1.8328  4.7607  1.5269  0.4059  0.0143 -0.2024
 234  1.186041  3.6303  2.0987  1.8879  4.7220  1.4338  0.2945 -0.1117 -0.3380
 235  1.186210  3.6266  2.0300  1.9420  4.6857  1.3440  0.1873 -0.2348 -0.4712
 236  1.186359  3.6230  1.9633  1.9942  4.6529  1.2604  0.0871 -0.3521 -0.5997
 237  1.186491  3.6193  1.8968  2.0458  4.6223  1.1807 -0.0086 -0.4669 -0.7264
 238  1.186610  3.6156  1.8320  2.0960  4.5934  1.1058 -0.0983 -0.5772 -0.8495
 239  1.186716  3.6119  1.7681  2.1452  4.5652  1.0347 -0.1831 -0.6843 -0.9702
 240  1.186810  3.6082  1.7053  2.1934  4.5381  0.9674 -0.2625 -0.7882 -1.0885
 241  1.186895  3.6047  1.6438  2.2405  4.5116  0.9046 -0.3356 -0.8882 -1.2038
 242  1.186970  3.6011  1.5838  2.2863  4.4845  0.8458 -0.4033 -0.9842 -1.3158
 243  1.187040  3.5975  1.5242  2.3316  4.4559  0.7907 -0.4659 -1.0777 -1.4263
 244  1.187101  3.5939  1.4661  2.3756  4.4281  0.7409 -0.5208 -1.1668 -1.5334
 245  1.187157  3.5905  1.4091  2.4185  4.4027  0.6964 -0.5675 -1.2519 -1.6380
 246  1.187209  3.5869  1.3530  2.4606  4.3783  0.6564 -0.6058 -1.3336 -1.7407
 247  1.187255  3.5835  1.2984  2.5015  4.3536  0.6212 -0.6371 -1.4111 -1.8399
 248  1.187297  3.5801  1.2448  2.5415  4.3278  0.5906 -0.6603 -1.4853 -1.9365
 249  1.187335  3.5768  1.1923  2.5806  4.3020  0.5653 -0.6756 -1.5560 -2.0306
 250  1.187370  3.5734  1.1407  2.6189  4.2773  0.5464 -0.6831 -1.6225 -2.1220
 251  1.187403  3.5702  1.0903  2.6563  4.2550  0.5330 -0.6861 -1.6849 -2.2100
 252  1.187432  3.5670  1.0409  2.6928  4.2368  0.5250 -0.6875 -1.7438 -2.2949
 253  1.187459  3.5637  0.9925  2.7283  4.2219  0.5259 -0.6811 -1.7971 -2.3754
 254  1.187485  3.5605  0.9451  2.7629  4.2074  0.5372 -0.6609 -1.8447 -2.4520
 255  1.187508  3.5573  0.8985  2.7968  4.1908  0.5571 -0.6236 -1.8879 -2.5258
 256  1.187530  3.5543  0.8529  2.8299  4.1684  0.5976 -0.5442 -1.9221 -2.5957
 257  1.187550  3.5511  0.8083  2.8622  4.1410  0.6461 -0.4487 -1.9499 -2.6610
 258  1.187568  3.5481  0.7645  2.8937  4.1121  0.7044 -0.3411 -1.9707 -2.7219
 259  1.187586  3.5451  0.7219  2.9244  4.0832  0.7739 -0.2248 -1.9828 -2.7766
 260  1.187602  3.5421  0.6800  2.9544  4.0581  0.8611 -0.1071 -1.9809 -2.8217
 261  1.187617  3.5391  0.6389  2.9838  4.0348  0.9604  0.0125 -1.9690 -2.8598
 262  1.187631  3.5363  0.5985  3.0125  4.0126  1.0661  0.1307 -1.9508 -2.8926
 263  1.187644  3.5333  0.5590  3.0405  3.9931  1.1769  0.2466 -1.9272 -2.9207
 264  1.187657  3.5305  0.5205  3.0677  3.9730  1.2797  0.3498 -1.9037 -2.9460
 265  1.187668  3.5278  0.4826  3.0945  3.9581  1.3661  0.4238 -1.8854 -2.9711
 266  1.187679  3.5250  0.4456  3.1204  3.9462  1.4505  0.4906 -1.8651 -2.9930
 267  1.187689  3.5222  0.4091  3.1460  3.9368  1.5393  0.5607 -1.8402 -3.0113
 268  1.187699  3.5196  0.3737  3.1707  3.9303  1.6279  0.6259 -1.8123 -3.0258
 269  1.187709  3.5169  0.3388  3.1950  3.9250  1.7177  0.6891 -1.7807 -3.0360
 270  1.187717  3.5142  0.3041  3.2187  3.9219  1.8051  0.7453 -1.7470 -3.0422
 271  1.187726  3.5116  0.2705  3.2419  3.9183  1.8824  0.7886 -1.7176 -3.0492
 272  1.187734  3.5090  0.2377  3.2645  3.9155  1.9514  0.8193 -1.6917 -3.0563
 273  1.187741  3.5065  0.2055  3.2866  3.9150  2.0111  0.8346 -1.6697 -3.0636
 274  1.187748  3.5039  0.1735  3.3082  3.9199  2.0670  0.8373 -1.6501 -3.0711
 275  1.187755  3.5014  0.1425  3.3292  3.9254  2.1159  0.8340 -1.6348 -3.0804
 276  1.187762  3.4990  0.1124  3.3497  3.9309  2.1589  0.8253 -1.6228 -3.0906
 277  1.187767  3.4966  0.0828  3.3696  3.9390  2.1991  0.8138 -1.6118 -3.1005
 278  1.187773  3.4943  0.0548  3.3885  3.8635  2.2012  0.7697 -1.6147 -3.1140
 279  1.187784  3.4924  0.0314  3.4043  3.8923  2.2347  0.7679 -1.6079 -3.1250
