#NUMBER OF AGES= 1
#----------------------------------------------------       
#MIX-LEN  Y      Z          Zeff        [Fe/H] [a/Fe]
# 1.9380  0.2846 2.4865E-02 2.4865E-02   0.20   0.00 
#----------------------------------------------------       
#**PHOTOMETRIC SYSTEM**: SDSS (AB)                          
#----------------------------------------------------       
#AGE= 7.500 EEPS=269
#EEP   M/Mo    LogTeff  LogG   LogL/Lo sdss_u  sdss_g  sdss_r  sdss_i  sdss_z
  11  0.119561  3.5006  5.2161 -2.7448 17.7927 14.7449 13.2528 11.9432 11.1850
  12  0.143118  3.5008  5.1443 -2.5942 17.3596 14.3577 12.8748 11.5683 10.8103
  13  0.175468  3.5040  5.0811 -2.4294 16.8240 13.8845 12.4200 11.1395 10.3949
  14  0.203904  3.5084  5.0433 -2.3084 16.3942 13.5057 12.0610 10.8131 10.0868
  15  0.224364  3.5112  5.0175 -2.2300 16.1224 13.2639 11.8319 10.6031  9.8877
  16  0.242007  3.5137  4.9973 -2.1674 15.9048 13.0693 11.6480 10.4348  9.7287
  17  0.260053  3.5160  4.9787 -2.1078 15.7002 12.8847 11.4738 10.2751  9.5779
  18  0.280337  3.5186  4.9599 -2.0462 15.4890 12.6927 11.2929 10.1092  9.4216
  19  0.296143  3.5206  4.9457 -2.0004 15.3339 12.5510 11.1596  9.9868  9.3061
  20  0.305583  3.5217  4.9370 -1.9738 15.2448 12.4692 11.0826  9.9156  9.2389
  21  0.311571  3.5224  4.9330 -1.9584 15.1920 12.4205 11.0368  9.8740  9.2001
  22  0.316231  3.5229  4.9284 -1.9452 15.1482 12.3802 10.9990  9.8389  9.1669
  23  0.319675  3.5233  4.9238 -1.9345 15.1144 12.3493 10.9697  9.8112  9.1402
  24  0.322362  3.5236  4.9203 -1.9263 15.0874 12.3245 10.9464  9.7893  9.1194
  25  0.324186  3.5234  4.9202 -1.9244 15.0859 12.3223 10.9434  9.7856  9.1150
  26  0.326564  3.5241  4.9188 -1.9170 15.0551 12.2944 10.9181  9.7641  9.0960
  27  0.329222  3.5244  4.9143 -1.9079 15.0261 12.2680 10.8932  9.7403  9.0732
  28  0.332102  3.5248  4.9154 -1.9036 15.0093 12.2519 10.8781  9.7277  9.0621
  29  0.336987  3.5253  4.9120 -1.8918 14.9701 12.2155 10.8437  9.6961  9.0324
  30  0.344166  3.5262  4.9085 -1.8759 14.9156 12.1646 10.7958  9.6529  8.9921
  31  0.487583  3.5513  4.7900 -1.5025 13.6340 10.9475  9.6626  8.6316  8.0572
  32  0.490314  3.5534  4.7856 -1.4905 13.5972 10.8973  9.6094  8.5940  8.0299
  33  0.505839  3.5577  4.7713 -1.4454 13.4447 10.7391  9.4581  8.4660  7.9187
  34  0.518962  3.5616  4.7594 -1.4066 13.3142 10.6006  9.3245  8.3556  7.8238
  35  0.530439  3.5652  4.7491 -1.3722 13.1986 10.4752  9.2025  8.2576  7.7403
  36  0.541551  3.5689  4.7391 -1.3387 13.0861 10.3513  9.0809  8.1613  7.6589
  37  0.553736  3.5729  4.7282 -1.3020 12.9642 10.2152  8.9465  8.0556  7.5703
  38  0.568221  3.5779  4.7156 -1.2580 12.8177 10.0490  8.7815  7.9276  7.4643
  39  0.585263  3.5844  4.7015 -1.2054 12.6370  9.8413  8.5725  7.7707  7.3379
  40  0.604146  3.5920  4.6866 -1.1464 12.4318  9.6003  8.3296  7.5921  7.1965
  41  0.623146  3.6001  4.6726 -1.0867 12.2282  9.3559  8.0882  7.4126  7.0529
  42  0.640551  3.6077  4.6606 -1.0317 12.0326  9.1264  7.8632  7.2468  6.9227
  43  0.655180  3.6141  4.6502 -0.9863 11.8661  8.9394  7.6839  7.1125  6.8166
  44  0.671285  3.6216  4.6403 -0.9358 11.6764  8.7273  7.4850  6.9632  6.6980
  45  0.691066  3.6311  4.6294 -0.8741 11.4094  8.4547  7.2375  6.7783  6.5512
  46  0.712910  3.6420  4.6180 -0.8060 11.0713  8.1497  6.9724  6.5750  6.3855
  47  0.731295  3.6509  4.6086 -0.7495 10.7652  7.8990  6.7661  6.4101  6.2454
  48  0.746574  3.6584  4.6011 -0.7033 10.4955  7.6946  6.6051  6.2779  6.1294
  49  0.760001  3.6648  4.5944 -0.6629 10.2534  7.5187  6.4703  6.1647  6.0280
  50  0.771848  3.6705  4.5882 -0.6274 10.0408  7.3669  6.3555  6.0668  5.9390
  51  0.782396  3.6755  4.5824 -0.5958  9.8515  7.2343  6.2555  5.9807  5.8599
  52  0.789235  3.6787  4.5785 -0.5752  9.7292  7.1494  6.1915  5.9252  5.8089
  53  0.795892  3.6818  4.5746 -0.5551  9.6097  7.0673  6.1298  5.8713  5.7594
  54  0.802417  3.6849  4.5706 -0.5355  9.4938  6.9879  6.0699  5.8189  5.7111
  55  0.808870  3.6878  4.5665 -0.5160  9.3825  6.9107  6.0114  5.7675  5.6636
  56  0.815264  3.6908  4.5624 -0.4969  9.2747  6.8353  5.9542  5.7170  5.6172
  57  0.821619  3.6936  4.5582 -0.4780  9.1692  6.7619  5.8983  5.6675  5.5715
  58  0.827965  3.6963  4.5540 -0.4593  9.0642  6.6901  5.8433  5.6187  5.5266
  59  0.834283  3.6990  4.5495 -0.4408  8.9615  6.6202  5.7896  5.5707  5.4823
  60  0.840549  3.7016  4.5450 -0.4226  8.8612  6.5520  5.7369  5.5237  5.4389
  61  0.846756  3.7042  4.5405 -0.4045  8.7631  6.4857  5.6855  5.4775  5.3962
  62  0.852869  3.7067  4.5359 -0.3869  8.6673  6.4209  5.6350  5.4321  5.3543
  63  0.858866  3.7091  4.5312 -0.3694  8.5733  6.3580  5.5856  5.3877  5.3132
  64  0.864748  3.7115  4.5264 -0.3523  8.4816  6.2967  5.5374  5.3442  5.2730
  65  0.870499  3.7138  4.5215 -0.3353  8.3924  6.2372  5.4902  5.3016  5.2335
  66  0.876107  3.7160  4.5166 -0.3188  8.3059  6.1795  5.4445  5.2600  5.1950
  67  0.881603  3.7181  4.5116 -0.3026  8.2218  6.1235  5.3998  5.2195  5.1573
  68  0.886972  3.7202  4.5066 -0.2868  8.1401  6.0692  5.3564  5.1797  5.1203
  69  0.892223  3.7221  4.5015 -0.2712  8.0608  6.0167  5.3140  5.1409  5.0841
  70  0.897374  3.7241  4.4964 -0.2559  7.9838  5.9656  5.2725  5.1027  5.0485
  71  0.902424  3.7259  4.4912 -0.2409  7.9094  5.9160  5.2320  5.0654  5.0137
  72  0.907391  3.7277  4.4859 -0.2261  7.8372  5.8676  5.1923  5.0288  4.9794
  73  0.912267  3.7294  4.4807 -0.2117  7.7674  5.8203  5.1536  4.9930  4.9459
  74  0.917064  3.7310  4.4753 -0.1974  7.6997  5.7743  5.1156  4.9580  4.9130
  75  0.921794  3.7326  4.4699 -0.1834  7.6339  5.7294  5.0785  4.9235  4.8805
  76  0.926450  3.7342  4.4644 -0.1696  7.5698  5.6854  5.0420  4.8896  4.8486
  77  0.931025  3.7357  4.4590 -0.1560  7.5074  5.6425  5.0063  4.8563  4.8172
  78  0.935530  3.7372  4.4534 -0.1427  7.4467  5.6006  4.9712  4.8236  4.7862
  79  0.939966  3.7385  4.4479 -0.1295  7.3876  5.5595  4.9367  4.7914  4.7557
  80  0.944322  3.7398  4.4422 -0.1164  7.3305  5.5195  4.9029  4.7598  4.7258
  81  0.948595  3.7411  4.4366 -0.1038  7.2751  5.4803  4.8699  4.7289  4.6965
  82  0.952171  3.7422  4.4317 -0.0931  7.2294  5.4477  4.8423  4.7030  4.6719
  83  0.955679  3.7432  4.4270 -0.0826  7.1848  5.4157  4.8153  4.6776  4.6477
  84  0.959123  3.7441  4.4222 -0.0724  7.1415  5.3846  4.7888  4.6526  4.6239
  85  0.962511  3.7451  4.4173 -0.0623  7.0995  5.3541  4.7627  4.6282  4.6005
  86  0.965840  3.7460  4.4126 -0.0523  7.0585  5.3242  4.7372  4.6040  4.5776
  87  0.969121  3.7469  4.4077 -0.0425  7.0185  5.2949  4.7121  4.5803  4.5549
  88  0.972356  3.7478  4.4029 -0.0328  6.9796  5.2662  4.6873  4.5569  4.5326
  89  0.975548  3.7485  4.3981 -0.0233  6.9416  5.2380  4.6630  4.5338  4.5105
  90  0.978693  3.7493  4.3933 -0.0139  6.9045  5.2103  4.6390  4.5111  4.4887
  91  0.981802  3.7501  4.3884 -0.0047  6.8683  5.1832  4.6153  4.4887  4.4672
  92  0.984870  3.7508  4.3836  0.0044  6.8333  5.1567  4.5921  4.4665  4.4460
  93  0.987899  3.7515  4.3787  0.0134  6.7989  5.1305  4.5692  4.4447  4.4251
  94  0.990887  3.7522  4.3738  0.0223  6.7656  5.1049  4.5467  4.4233  4.4044
  95  0.993829  3.7528  4.3690  0.0310  6.7331  5.0797  4.5246  4.4022  4.3841
  96  0.996651  3.7534  4.3643  0.0394  6.7019  5.0556  4.5034  4.3819  4.3645
  97  0.999338  3.7540  4.3598  0.0474  6.6721  5.0325  4.4830  4.3623  4.3457
  98  1.001892  3.7546  4.3553  0.0551  6.6436  5.0103  4.4634  4.3437  4.3277
  99  1.004320  3.7551  4.3510  0.0626  6.6166  4.9891  4.4446  4.3256  4.3102
 100  1.006624  3.7556  4.3468  0.0697  6.5910  4.9688  4.4265  4.3083  4.2936
 101  1.008801  3.7560  4.3427  0.0766  6.5668  4.9496  4.4093  4.2918  4.2775
 102  1.010869  3.7564  4.3386  0.0832  6.5441  4.9312  4.3928  4.2759  4.2621
 103  1.012856  3.7568  4.3346  0.0894  6.5225  4.9137  4.3769  4.2605  4.2472
 104  1.014766  3.7571  4.3306  0.0955  6.5023  4.8970  4.3617  4.2459  4.2329
 105  1.016590  3.7574  4.3267  0.1013  6.4836  4.8812  4.3472  4.2318  4.2190
 106  1.018414  3.7576  4.3228  0.1070  6.4655  4.8660  4.3331  4.2180  4.2056
 107  1.020284  3.7579  4.3188  0.1126  6.4479  4.8508  4.3189  4.2042  4.1920
 108  1.022226  3.7580  4.3148  0.1183  6.4303  4.8356  4.3047  4.1903  4.1783
 109  1.024281  3.7583  4.3106  0.1242  6.4120  4.8199  4.2900  4.1759  4.1643
 110  1.026445  3.7585  4.3065  0.1302  6.3931  4.8036  4.2749  4.1612  4.1498
 111  1.028738  3.7587  4.3021  0.1365  6.3735  4.7869  4.2593  4.1460  4.1348
 112  1.030961  3.7589  4.2982  0.1422  6.3556  4.7715  4.2450  4.1320  4.1211
 113  1.033225  3.7592  4.2942  0.1480  6.3372  4.7558  4.2303  4.1176  4.1069
 114  1.035515  3.7595  4.2901  0.1542  6.3172  4.7389  4.2148  4.1025  4.0922
 115  1.037864  3.7598  4.2857  0.1609  6.2952  4.7208  4.1981  4.0863  4.0763
 116  1.040174  3.7601  4.2811  0.1678  6.2721  4.7017  4.1807  4.0695  4.0598
 117  1.042988  3.7605  4.2755  0.1763  6.2437  4.6783  4.1593  4.0487  4.0396
 118  1.046097  3.7610  4.2686  0.1863  6.2109  4.6511  4.1342  4.0244  4.0157
 119  1.049102  3.7615  4.2612  0.1967  6.1771  4.6227  4.1080  3.9988  3.9908
 120  1.051889  3.7618  4.2536  0.2070  6.1440  4.5947  4.0820  3.9734  3.9658
 121  1.054435  3.7622  4.2460  0.2171  6.1125  4.5677  4.0567  3.9487  3.9415
 122  1.056772  3.7625  4.2385  0.2269  6.0827  4.5417  4.0323  3.9249  3.9180
 123  1.059300  3.7628  4.2305  0.2371  6.0521  4.5147  4.0069  3.8998  3.8932
 124  1.062101  3.7630  4.2221  0.2474  6.0227  4.4878  3.9811  3.8743  3.8680
 125  1.064869  3.7632  4.2141  0.2572  5.9952  4.4625  3.9566  3.8500  3.8439
 126  1.067564  3.7633  4.2065  0.2665  5.9697  4.4385  3.9335  3.8272  3.8212
 127  1.070152  3.7635  4.1995  0.2751  5.9455  4.4162  3.9119  3.8059  3.8000
 128  1.072560  3.7636  4.1930  0.2832  5.9225  4.3951  3.8918  3.7859  3.7803
 129  1.074747  3.7637  4.1867  0.2908  5.9015  4.3755  3.8728  3.7671  3.7615
 130  1.076830  3.7638  4.1805  0.2980  5.8826  4.3572  3.8548  3.7491  3.7437
 131  1.078828  3.7638  4.1745  0.3048  5.8650  4.3399  3.8377  3.7322  3.7266
 132  1.080745  3.7638  4.1687  0.3114  5.8487  4.3236  3.8214  3.7158  3.7103
 133  1.082586  3.7638  4.1629  0.3177  5.8334  4.3081  3.8059  3.7002  3.6945
 134  1.084366  3.7636  4.1573  0.3238  5.8188  4.2930  3.7907  3.6848  3.6791
 135  1.086096  3.7635  4.1516  0.3298  5.8049  4.2784  3.7757  3.6698  3.6640
 136  1.087784  3.7635  4.1460  0.3357  5.7915  4.2639  3.7610  3.6549  3.6490
 137  1.089434  3.7633  4.1403  0.3416  5.7783  4.2497  3.7465  3.6402  3.6342
 138  1.091056  3.7632  4.1346  0.3474  5.7657  4.2357  3.7320  3.6256  3.6193
 139  1.092649  3.7631  4.1289  0.3533  5.7531  4.2219  3.7176  3.6109  3.6045
 140  1.094222  3.7629  4.1230  0.3590  5.7411  4.2081  3.7033  3.5963  3.5897
 141  1.095776  3.7627  4.1171  0.3648  5.7295  4.1945  3.6890  3.5817  3.5749
 142  1.097316  3.7625  4.1111  0.3706  5.7180  4.1809  3.6747  3.5671  3.5600
 143  1.098844  3.7623  4.1050  0.3764  5.7068  4.1674  3.6604  3.5524  3.5450
 144  1.100364  3.7620  4.0988  0.3821  5.6961  4.1541  3.6460  3.5377  3.5300
 145  1.101877  3.7617  4.0924  0.3879  5.6857  4.1407  3.6317  3.5229  3.5148
 146  1.103388  3.7614  4.0859  0.3937  5.6756  4.1274  3.6173  3.5081  3.4997
 147  1.104898  3.7610  4.0792  0.3995  5.6665  4.1145  3.6029  3.4931  3.4843
 148  1.106409  3.7607  4.0724  0.4054  5.6578  4.1017  3.5886  3.4782  3.4688
 149  1.107925  3.7602  4.0652  0.4113  5.6500  4.0890  3.5742  3.4632  3.4532
 150  1.109447  3.7597  4.0579  0.4171  5.6433  4.0768  3.5598  3.4480  3.4375
 151  1.110979  3.7591  4.0503  0.4229  5.6376  4.0648  3.5455  3.4328  3.4216
 152  1.112523  3.7584  4.0424  0.4288  5.6328  4.0532  3.5313  3.4176  3.4056
 153  1.114084  3.7576  4.0343  0.4346  5.6295  4.0420  3.5172  3.4023  3.3894
 154  1.115667  3.7568  4.0256  0.4403  5.6284  4.0317  3.5034  3.3871  3.3731
 155  1.117279  3.7558  4.0165  0.4460  5.6291  4.0224  3.4897  3.3719  3.3567
 156  1.118924  3.7545  4.0067  0.4516  5.6333  4.0145  3.4766  3.3569  3.3400
 157  1.120621  3.7531  3.9964  0.4570  5.6409  4.0082  3.4641  3.3421  3.3235
 158  1.122373  3.7514  3.9850  0.4620  5.6549  4.0045  3.4528  3.3279  3.3070
 159  1.124184  3.7492  3.9726  0.4665  5.6774  4.0045  3.4434  3.3150  3.2913
 160  1.126035  3.7465  3.9591  0.4698  5.7129  4.0096  3.4372  3.3044  3.2775
 161  1.127744  3.7433  3.9456  0.4712  5.7633  4.0225  3.4365  3.2988  3.2679
 162  1.129108  3.7403  3.9343  0.4706  5.8170  4.0407  3.4410  3.2983  3.2634
 163  1.130435  3.7366  3.9226  0.4681  5.8870  4.0684  3.4515  3.3024  3.2627
 164  1.131726  3.7322  3.9102  0.4636  5.9743  4.1057  3.4682  3.3116  3.2661
 165  1.132973  3.7272  3.8970  0.4574  6.0791  4.1513  3.4910  3.3260  3.2739
 166  1.134193  3.7216  3.8823  0.4503  6.1999  4.2043  3.5179  3.3430  3.2833
 167  1.135440  3.7155  3.8642  0.4442  6.3333  4.2607  3.5447  3.3587  3.2905
 168  1.136751  3.7090  3.8403  0.4426  6.4655  4.3097  3.5627  3.3646  3.2870
 169  1.138031  3.7033  3.8121  0.4485  6.5630  4.3360  3.5616  3.3526  3.2667
 170  1.139169  3.6991  3.7838  0.4604  6.6175  4.3382  3.5433  3.3259  3.2335
 171  1.140152  3.6961  3.7574  0.4754  6.6394  4.3233  3.5139  3.2905  3.1936
 172  1.141023  3.6940  3.7328  0.4919  6.6417  4.2986  3.4788  3.2511  3.1510
 173  1.141819  3.6924  3.7095  0.5091  6.6311  4.2683  3.4407  3.2096  3.1069
 174  1.142570  3.6912  3.6870  0.5267  6.6126  4.2345  3.4007  3.1669  3.0621
 175  1.143286  3.6901  3.6651  0.5445  6.5890  4.1983  3.3595  3.1234  3.0168
 176  1.143976  3.6892  3.6437  0.5626  6.5618  4.1605  3.3173  3.0793  2.9713
 177  1.144646  3.6884  3.6226  0.5808  6.5317  4.1212  3.2745  3.0348  2.9254
 178  1.145302  3.6876  3.6019  0.5990  6.4995  4.0809  3.2312  2.9900  2.8794
 179  1.145942  3.6870  3.5812  0.6175  6.4657  4.0399  3.1874  2.9448  2.8331
 180  1.146569  3.6865  3.5606  0.6359  6.4308  3.9981  3.1432  2.8993  2.7866
 181  1.147186  3.6859  3.5400  0.6545  6.3951  3.9559  3.0986  2.8536  2.7399
 182  1.147673  3.6855  3.5238  0.6694  6.3659  3.9219  3.0629  2.8170  2.7027
 183  1.148160  3.6851  3.5072  0.6845  6.3359  3.8873  3.0266  2.7798  2.6647
 184  1.148647  3.6847  3.4904  0.6999  6.3052  3.8519  2.9895  2.7418  2.6260
 185  1.149134  3.6843  3.4733  0.7156  6.2741  3.8159  2.9519  2.7033  2.5867
 186  1.149620  3.6839  3.4558  0.7316  6.2422  3.7789  2.9132  2.6637  2.5465
 187  1.150106  3.6835  3.4378  0.7481  6.2096  3.7411  2.8735  2.6231  2.5051
 188  1.150590  3.6831  3.4196  0.7648  6.1761  3.7024  2.8331  2.5818  2.4631
 189  1.151069  3.6826  3.4005  0.7823  6.1417  3.6621  2.7910  2.5386  2.4191
 190  1.151545  3.6821  3.3804  0.8006  6.1066  3.6206  2.7471  2.4937  2.3733
 191  1.152014  3.6816  3.3593  0.8198  6.0699  3.5769  2.7011  2.4466  2.3252
 192  1.152477  3.6810  3.3373  0.8397  6.0320  3.5315  2.6532  2.3974  2.2750
 193  1.152930  3.6805  3.3141  0.8609  5.9921  3.4836  2.6028  2.3456  2.2221
 194  1.153378  3.6798  3.2900  0.8825  5.9522  3.4349  2.5511  2.2925  2.1679
 195  1.153818  3.6791  3.2650  0.9049  5.9112  3.3845  2.4975  2.2373  2.1117
 196  1.154249  3.6783  3.2390  0.9281  5.8694  3.3325  2.4421  2.1802  2.0533
 197  1.154670  3.6776  3.2120  0.9522  5.8271  3.2792  2.3850  2.1213  1.9930
 198  1.155081  3.6768  3.1840  0.9770  5.7843  3.2243  2.3261  2.0605  1.9307
 199  1.155482  3.6759  3.1549  1.0026  5.7410  3.1681  2.2656  1.9978  1.8664
 200  1.155873  3.6749  3.1250  1.0289  5.6973  3.1106  2.2035  1.9335  1.8005
 201  1.156252  3.6739  3.0941  1.0558  5.6535  3.0519  2.1399  1.8676  1.7328
 202  1.156619  3.6729  3.0622  1.0835  5.6090  2.9919  2.0747  1.7998  1.6632
 203  1.156975  3.6717  3.0296  1.1119  5.5647  2.9311  2.0083  1.7308  1.5921
 204  1.157318  3.6705  2.9959  1.1409  5.5209  2.8694  1.9405  1.6601  1.5194
 205  1.157648  3.6692  2.9613  1.1705  5.4781  2.8072  1.8716  1.5882  1.4452
 206  1.157967  3.6679  2.9259  1.2006  5.4358  2.7443  1.8019  1.5150  1.3697
 207  1.158271  3.6664  2.8896  1.2313  5.3941  2.6808  1.7310  1.4407  1.2928
 208  1.158563  3.6650  2.8528  1.2625  5.3528  2.6167  1.6593  1.3653  1.2148
 209  1.158842  3.6635  2.8151  1.2941  5.3122  2.5523  1.5869  1.2890  1.1357
 210  1.159110  3.6619  2.7770  1.3261  5.2722  2.4874  1.5138  1.2118  1.0557
 211  1.159367  3.6603  2.7381  1.3585  5.2331  2.4223  1.4403  1.1340  0.9748
 212  1.159611  3.6586  2.6987  1.3913  5.1944  2.3568  1.3660  1.0553  0.8930
 213  1.159832  3.6567  2.6565  1.4262  5.1552  2.2884  1.2880  0.9721  0.8061
 214  1.160080  3.6545  2.6060  1.4677  5.1103  2.2085  1.1968  0.8735  0.7026
 215  1.160439  3.6532  2.5745  1.4940  5.0792  2.1563  1.1378  0.8107  0.6371
 216  1.160664  3.6540  2.5882  1.4838  5.0834  2.1713  1.1566  0.8333  0.6622
 217  1.160692  3.6542  2.5940  1.4790  5.0876  2.1799  1.1666  0.8445  0.6740
 218  1.160721  3.6546  2.5999  1.4744  5.0912  2.1879  1.1762  0.8551  0.6854
 219  1.160753  3.6549  2.6054  1.4702  5.0935  2.1948  1.1847  0.8648  0.6959
 220  1.160797  3.6551  2.6092  1.4673  5.0955  2.1998  1.1908  0.8716  0.7032
 221  1.160846  3.6550  2.6071  1.4691  5.0929  2.1959  1.1864  0.8671  0.6986
 222  1.160887  3.6548  2.6026  1.4728  5.0890  2.1887  1.1781  0.8583  0.6893
 223  1.160925  3.6546  2.5977  1.4768  5.0855  2.1812  1.1693  0.8488  0.6794
 224  1.160962  3.6544  2.5927  1.4808  5.0818  2.1738  1.1606  0.8394  0.6695
 225  1.160998  3.6541  2.5881  1.4847  5.0778  2.1663  1.1520  0.8302  0.6599
 226  1.161037  3.6540  2.5838  1.4882  5.0737  2.1594  1.1440  0.8217  0.6511
 227  1.161412  3.6533  2.5645  1.5049  5.0527  2.1263  1.1072  0.7821  0.6098
 228  1.161780  3.6517  2.5258  1.5372  5.0172  2.0639  1.0362  0.7056  0.5298
 229  1.162124  3.6478  2.4459  1.6020  4.9579  1.9428  0.8948  0.5527  0.3689
 230  1.162422  3.6441  2.3699  1.6633  4.9060  1.8310  0.7631  0.4089  0.2170
 231  1.162684  3.6404  2.2944  1.7237  4.8575  1.7230  0.6353  0.2680  0.0673
 232  1.162910  3.6366  2.2207  1.7826  4.8129  1.6201  0.5128  0.1317 -0.0780
 233  1.163108  3.6330  2.1497  1.8389  4.7724  1.5235  0.3975  0.0021 -0.2171
 234  1.163284  3.6293  2.0800  1.8941  4.7338  1.4306  0.2865 -0.1240 -0.3529
 235  1.163439  3.6256  2.0113  1.9480  4.6984  1.3421  0.1806 -0.2462 -0.4858
 236  1.163576  3.6219  1.9442  2.0004  4.6662  1.2591  0.0812 -0.3636 -0.6146
 237  1.163698  3.6181  1.8778  2.0519  4.6361  1.1805 -0.0134 -0.4777 -0.7410
 238  1.163806  3.6145  1.8129  2.1021  4.6073  1.1067 -0.1018 -0.5875 -0.8639
 239  1.163902  3.6108  1.7489  2.1514  4.5793  1.0361 -0.1856 -0.6945 -0.9849
 240  1.163989  3.6071  1.6864  2.1992  4.5524  0.9703 -0.2629 -0.7971 -1.1023
 241  1.164067  3.6034  1.6246  2.2465  4.5256  0.9082 -0.3350 -0.8970 -1.2179
 242  1.164137  3.5999  1.5643  2.2924  4.4977  0.8502 -0.4016 -0.9929 -1.3302
 243  1.164200  3.5963  1.5053  2.3372  4.4692  0.7969 -0.4614 -1.0848 -1.4396
 244  1.164256  3.5927  1.4471  2.3812  4.4417  0.7486 -0.5140 -1.1732 -1.5466
 245  1.164308  3.5892  1.3898  2.4243  4.4168  0.7054 -0.5577 -1.2578 -1.6515
 246  1.164355  3.5857  1.3338  2.4662  4.3921  0.6669 -0.5936 -1.3386 -1.7536
 247  1.164397  3.5822  1.2791  2.5072  4.3672  0.6334 -0.6219 -1.4155 -1.8528
 248  1.164436  3.5788  1.2254  2.5473  4.3409  0.6048 -0.6420 -1.4890 -1.9494
 249  1.164471  3.5754  1.1731  2.5862  4.3154  0.5819 -0.6542 -1.5583 -2.0428
 250  1.164504  3.5721  1.1216  2.6245  4.2912  0.5653 -0.6590 -1.6236 -2.1335
 251  1.164533  3.5688  1.0711  2.6617  4.2701  0.5541 -0.6608 -1.6849 -2.2209
 252  1.164560  3.5656  1.0217  2.6981  4.2539  0.5496 -0.6606 -1.7420 -2.3046
 253  1.164585  3.5624  0.9733  2.7335  4.2392  0.5550 -0.6486 -1.7933 -2.3841
 254  1.164609  3.5591  0.9256  2.7683  4.2239  0.5707 -0.6207 -1.8391 -2.4601
 255  1.164630  3.5559  0.8793  2.8019  4.2060  0.6015 -0.5630 -1.8782 -2.5327
 256  1.164650  3.5528  0.8336  2.8350  4.1793  0.6453 -0.4747 -1.9101 -2.6012
 257  1.164668  3.5497  0.7891  2.8672  4.1508  0.6985 -0.3727 -1.9348 -2.6649
 258  1.164686  3.5466  0.7453  2.8988  4.1215  0.7630 -0.2590 -1.9517 -2.7235
 259  1.164701  3.5436  0.7026  2.9293  4.0940  0.8416 -0.1401 -1.9573 -2.7742
 260  1.164716  3.5406  0.6607  2.9593  4.0698  0.9368 -0.0209 -1.9494 -2.8157
 261  1.164730  3.5377  0.6197  2.9885  4.0472  1.0408  0.0992 -1.9337 -2.8510
 262  1.164743  3.5348  0.5794  3.0172  4.0259  1.1496  0.2159 -1.9126 -2.8814
 263  1.164755  3.5319  0.5399  3.0450  4.0057  1.2628  0.3330 -1.8863 -2.9075
 264  1.164767  3.5290  0.5013  3.0722  3.9898  1.3528  0.4131 -1.8676 -2.9336
 265  1.164778  3.5262  0.4634  3.0989  3.9766  1.4371  0.4808 -1.8489 -2.9576
 266  1.164788  3.5234  0.4263  3.1248  3.9662  1.5243  0.5495 -1.8259 -2.9777
 267  1.164797  3.5207  0.3900  3.1503  3.9580  1.6128  0.6172 -1.7999 -2.9946
 268  1.164806  3.5180  0.3545  3.1750  3.9527  1.7041  0.6823 -1.7687 -3.0064
 269  1.164814  3.5153  0.3194  3.1993  3.9481  1.7936  0.7440 -1.7355 -3.0144
 270  1.164822  3.5125  0.2849  3.2229  3.9451  1.8768  0.7940 -1.7033 -3.0206
 271  1.164831  3.5099  0.2513  3.2460  3.9416  1.9497  0.8306 -1.6759 -3.0280
 272  1.164838  3.5074  0.2186  3.2685  3.9398  2.0147  0.8544 -1.6516 -3.0351
 273  1.164845  3.5048  0.1864  3.2906  3.9421  2.0694  0.8593 -1.6327 -3.0435
 274  1.164851  3.5022  0.1543  3.3121  3.9481  2.1242  0.8603 -1.6144 -3.0518
 275  1.164857  3.4997  0.1233  3.3330  3.9544  2.1703  0.8537 -1.6009 -3.0618
 276  1.164863  3.4973  0.0932  3.3535  3.9609  2.2111  0.8426 -1.5902 -3.0725
 277  1.164869  3.4949  0.0640  3.3732  3.9697  2.2491  0.8292 -1.5805 -3.0827
 278  1.164874  3.4927  0.0365  3.3917  3.9161  2.2559  0.7940 -1.5831 -3.0974
 279  1.164964  3.4907  0.0157  3.4049  3.9561  2.2959  0.7950 -1.5688 -3.1000
