#NUMBER OF AGES= 1
#----------------------------------------------------       
#MIX-LEN  Y      Z          Zeff        [Fe/H] [a/Fe]
# 1.9380  0.2846 2.4865E-02 2.4865E-02   0.20   0.00 
#----------------------------------------------------       
#**PHOTOMETRIC SYSTEM**: SDSS (AB)                          
#----------------------------------------------------       
#AGE= 8.000 EEPS=269
#EEP   M/Mo    LogTeff  LogG   LogL/Lo sdss_u  sdss_g  sdss_r  sdss_i  sdss_z
  11  0.114108  3.5006  5.2354 -2.7842 17.9037 14.8444 13.3502 12.0406 11.2828
  12  0.135736  3.5006  5.1643 -2.6380 17.4877 14.4720 12.9863 11.6779 10.9193
  13  0.165014  3.5025  5.0972 -2.4782 16.9926 14.0328 12.5614 11.2694 10.5187
  14  0.194861  3.5072  5.0543 -2.3443 16.5200 13.6171 12.1667 10.9096 10.1782
  15  0.216200  3.5101  5.0261 -2.2593 16.2248 13.3553 11.9183 10.6820  9.9621
  16  0.233885  3.5126  5.0050 -2.1943 15.9984 13.1535 11.7275 10.5073  9.7970
  17  0.250506  3.5148  4.9867 -2.1373 15.8015 12.9765 11.5603 10.3542  9.6523
  18  0.270243  3.5174  4.9675 -2.0748 15.5876 12.7826 11.3775 10.1865  9.4942
  19  0.288919  3.5197  4.9507 -2.0196 15.3994 12.6111 11.2161 10.0383  9.3545
  20  0.301591  3.5212  4.9390 -1.9833 15.2767 12.4989 11.1106  9.9411  9.2629
  21  0.308708  3.5221  4.9337 -1.9645 15.2133 12.4403 11.0555  9.8907  9.2154
  22  0.314126  3.5227  4.9290 -1.9497 15.1638 12.3948 11.0126  9.8512  9.1782
  23  0.318090  3.5231  4.9243 -1.9379 15.1259 12.3601 10.9798  9.8204  9.1487
  24  0.321077  3.5235  4.9208 -1.9290 15.0967 12.3332 10.9545  9.7967  9.1262
  25  0.323089  3.5233  4.9204 -1.9265 15.0926 12.3287 10.9494  9.7911  9.1202
  26  0.325416  3.5240  4.9189 -1.9192 15.0626 12.3015 10.9247  9.7699  9.1015
  27  0.327843  3.5242  4.9147 -1.9106 15.0354 12.2767 10.9013  9.7477  9.0799
  28  0.330367  3.5246  4.9156 -1.9069 15.0205 12.2625 10.8881  9.7366  9.0703
  29  0.334413  3.5250  4.9126 -1.8968 14.9872 12.2316 10.8590  9.7098  9.0451
  30  0.340082  3.5257  4.9099 -1.8842 14.9441 12.1914 10.8211  9.6756  9.0132
  31  0.392754  3.5344  4.8682 -1.7485 14.4758 11.7469 10.4008  9.3040  8.6740
  32  0.495854  3.5536  4.7813 -1.4776 13.5496 10.8627  9.5830  8.5616  7.9955
  33  0.496292  3.5551  4.7789 -1.4716 13.5339 10.8324  9.5475  8.5409  7.9833
  34  0.510821  3.5592  4.7655 -1.4290 13.3904 10.6820  9.4032  8.4199  7.8786
  35  0.523372  3.5631  4.7542 -1.3916 13.2648 10.5475  9.2730  8.3135  7.7875
  36  0.534662  3.5667  4.7439 -1.3577 13.1506 10.4228  9.1513  8.2163  7.7050
  37  0.546141  3.5706  4.7337 -1.3229 13.0345 10.2939  9.0246  8.1163  7.6208
  38  0.559000  3.5749  4.7222 -1.2840 12.9055 10.1487  8.8809  8.0037  7.5267
  39  0.574315  3.5803  4.7089 -1.2371 12.7480  9.9693  8.7019  7.8663  7.4139
  40  0.591688  3.5871  4.6946 -1.1830 12.5602  9.7522  8.4825  7.7037  7.2842
  41  0.610123  3.5947  4.6803 -1.1249 12.3597  9.5145  8.2443  7.5282  7.1448
  42  0.628132  3.6025  4.6671 -1.0679 12.1644  9.2802  8.0142  7.3567  7.0080
  43  0.644440  3.6098  4.6558 -1.0163 11.9767  9.0631  7.8015  7.2008  6.8861
  44  0.658897  3.6162  4.6458 -0.9709 11.8107  8.8765  7.6235  7.0673  6.7804
  45  0.674729  3.6236  4.6361 -0.9211 11.6180  8.6651  7.4272  6.9196  6.6630
  46  0.692756  3.6324  4.6260 -0.8645 11.3666  8.4143  7.2015  6.7501  6.5277
  47  0.711954  3.6420  4.6158 -0.8040 11.0642  8.1436  6.9674  6.5701  6.3806
  48  0.728796  3.6503  4.6071 -0.7516 10.7799  7.9103  6.7750  6.4167  6.2504
  49  0.742937  3.6574  4.5998 -0.7081 10.5283  7.7186  6.6234  6.2923  6.1417
  50  0.755382  3.6634  4.5935 -0.6702 10.3019  7.5531  6.4960  6.1859  6.0466
  51  0.766456  3.6688  4.5877 -0.6367 10.1013  7.4093  6.3867  6.0930  5.9625
  52  0.773416  3.6721  4.5837 -0.6158  9.9769  7.3210  6.3199  6.0356  5.9100
  53  0.780192  3.6752  4.5799 -0.5953  9.8550  7.2355  6.2553  5.9799  5.8589
  54  0.786826  3.6784  4.5759 -0.5752  9.7352  7.1521  6.1926  5.9255  5.8088
  55  0.793331  3.6814  4.5720 -0.5553  9.6176  7.0712  6.1316  5.8723  5.7598
  56  0.799709  3.6845  4.5679 -0.5359  9.5030  6.9926  6.0722  5.8204  5.7120
  57  0.805997  3.6874  4.5638 -0.5167  9.3928  6.9162  6.0144  5.7695  5.6650
  58  0.812228  3.6902  4.5597 -0.4977  9.2861  6.8417  5.9578  5.7195  5.6190
  59  0.818404  3.6931  4.5555 -0.4790  9.1820  6.7691  5.9025  5.6705  5.5738
  60  0.824545  3.6957  4.5511 -0.4605  9.0790  6.6983  5.8483  5.6224  5.5294
  61  0.830661  3.6984  4.5468 -0.4423  8.9778  6.6292  5.7952  5.5750  5.4857
  62  0.836722  3.7010  4.5422 -0.4243  8.8789  6.5620  5.7432  5.5286  5.4429
  63  0.842718  3.7035  4.5376 -0.4067  8.7827  6.4967  5.6925  5.4831  5.4008
  64  0.848642  3.7059  4.5330 -0.3892  8.6887  6.4330  5.6429  5.4384  5.3595
  65  0.854466  3.7083  4.5283 -0.3721  8.5964  6.3709  5.5942  5.3946  5.3190
  66  0.860170  3.7106  4.5235 -0.3551  8.5063  6.3106  5.5466  5.3517  5.2792
  67  0.865758  3.7129  4.5186 -0.3385  8.4188  6.2520  5.5003  5.3097  5.2403
  68  0.871210  3.7150  4.5137 -0.3222  8.3335  6.1950  5.4549  5.2687  5.2023
  69  0.876532  3.7171  4.5087 -0.3063  8.2509  6.1397  5.4110  5.2286  5.1651
  70  0.881738  3.7190  4.5037 -0.2906  8.1706  6.0861  5.3680  5.1895  5.1287
  71  0.886822  3.7210  4.4986 -0.2752  8.0926  6.0342  5.3262  5.1511  5.0929
  72  0.891800  3.7229  4.4935 -0.2603  8.0170  5.9839  5.2854  5.1136  5.0579
  73  0.896667  3.7247  4.4882 -0.2455  7.9437  5.9351  5.2455  5.0769  5.0235
  74  0.901440  3.7264  4.4831 -0.2311  7.8728  5.8875  5.2065  5.0409  4.9899
  75  0.906133  3.7281  4.4777 -0.2168  7.8043  5.8411  5.1683  5.0057  4.9568
  76  0.910742  3.7298  4.4725 -0.2028  7.7377  5.7958  5.1310  4.9711  4.9244
  77  0.915272  3.7312  4.4670 -0.1890  7.6732  5.7517  5.0945  4.9372  4.8925
  78  0.919734  3.7328  4.4617 -0.1755  7.6104  5.7086  5.0587  4.9039  4.8612
  79  0.924124  3.7343  4.4563 -0.1622  7.5492  5.6664  5.0236  4.8713  4.8303
  80  0.928445  3.7356  4.4507 -0.1491  7.4897  5.6252  4.9892  4.8391  4.7999
  81  0.932697  3.7370  4.4452 -0.1362  7.4319  5.5850  4.9553  4.8075  4.7699
  82  0.936349  3.7382  4.4403 -0.1250  7.3828  5.5505  4.9262  4.7803  4.7441
  83  0.939940  3.7392  4.4354 -0.1141  7.3348  5.5167  4.8977  4.7536  4.7188
  84  0.943465  3.7403  4.4305 -0.1034  7.2884  5.4838  4.8698  4.7274  4.6939
  85  0.946922  3.7413  4.4257 -0.0928  7.2434  5.4516  4.8424  4.7017  4.6695
  86  0.950312  3.7423  4.4208 -0.0824  7.1996  5.4201  4.8156  4.6765  4.6454
  87  0.953640  3.7432  4.4158 -0.0722  7.1569  5.3892  4.7894  4.6517  4.6218
  88  0.956911  3.7441  4.4110 -0.0622  7.1156  5.3591  4.7636  4.6274  4.5987
  89  0.960133  3.7450  4.4061 -0.0523  7.0753  5.3297  4.7382  4.6035  4.5758
  90  0.963299  3.7458  4.4011 -0.0426  7.0360  5.3007  4.7133  4.5799  4.5532
  91  0.966428  3.7467  4.3962 -0.0331  6.9976  5.2724  4.6888  4.5567  4.5310
  92  0.969517  3.7474  4.3913 -0.0237  6.9603  5.2445  4.6646  4.5337  4.5090
  93  0.972567  3.7482  4.3864 -0.0143  6.9237  5.2171  4.6408  4.5111  4.4873
  94  0.975583  3.7490  4.3814 -0.0051  6.8881  5.1902  4.6174  4.4888  4.4659
  95  0.978571  3.7496  4.3764  0.0040  6.8533  5.1639  4.5942  4.4668  4.4447
  96  0.981526  3.7503  4.3715  0.0129  6.8195  5.1379  4.5714  4.4450  4.4237
  97  0.984457  3.7509  4.3665  0.0218  6.7864  5.1124  4.5489  4.4235  4.4030
  98  0.987358  3.7516  4.3616  0.0305  6.7542  5.0873  4.5268  4.4023  4.3826
  99  0.990236  3.7521  4.3565  0.0391  6.7230  5.0628  4.5049  4.3814  4.3624
 100  0.993085  3.7527  4.3514  0.0476  6.6925  5.0388  4.4835  4.3609  4.3425
 101  0.995867  3.7532  4.3465  0.0558  6.6632  5.0154  4.4626  4.3408  4.3230
 102  0.998519  3.7537  4.3417  0.0638  6.6351  4.9931  4.4426  4.3215  4.3043
 103  1.001041  3.7542  4.3372  0.0714  6.6083  4.9716  4.4233  4.3030  4.2865
 104  1.003430  3.7546  4.3326  0.0786  6.5829  4.9512  4.4049  4.2852  4.2692
 105  1.005688  3.7550  4.3280  0.0857  6.5589  4.9316  4.3871  4.2681  4.2525
 106  1.007810  3.7553  4.3236  0.0924  6.5362  4.9129  4.3702  4.2517  4.2365
 107  1.009816  3.7557  4.3192  0.0990  6.5149  4.8951  4.3538  4.2357  4.2210
 108  1.011723  3.7559  4.3149  0.1053  6.4945  4.8779  4.3379  4.2203  4.2059
 109  1.013563  3.7562  4.3105  0.1115  6.4749  4.8612  4.3225  4.2052  4.1911
 110  1.015366  3.7565  4.3062  0.1175  6.4557  4.8448  4.3073  4.1904  4.1766
 111  1.017163  3.7567  4.3019  0.1235  6.4370  4.8287  4.2923  4.1758  4.1621
 112  1.018639  3.7568  4.2984  0.1282  6.4226  4.8161  4.2804  4.1641  4.1507
 113  1.020171  3.7570  4.2948  0.1331  6.4082  4.8033  4.2683  4.1523  4.1390
 114  1.021753  3.7571  4.2912  0.1381  6.3933  4.7902  4.2560  4.1401  4.1271
 115  1.023398  3.7573  4.2874  0.1432  6.3778  4.7766  4.2433  4.1277  4.1148
 116  1.025114  3.7575  4.2837  0.1484  6.3617  4.7627  4.2302  4.1149  4.1022
 117  1.026901  3.7577  4.2798  0.1538  6.3449  4.7482  4.2167  4.1016  4.0892
 118  1.028759  3.7579  4.2759  0.1594  6.3271  4.7331  4.2026  4.0879  4.0757
 119  1.030689  3.7581  4.2718  0.1652  6.3085  4.7172  4.1879  4.0736  4.0617
 120  1.032694  3.7584  4.2675  0.1714  6.2891  4.7007  4.1725  4.0586  4.0470
 121  1.034744  3.7586  4.2629  0.1778  6.2687  4.6834  4.1565  4.0429  4.0315
 122  1.036789  3.7589  4.2582  0.1844  6.2472  4.6652  4.1396  4.0265  4.0154
 123  1.038806  3.7592  4.2532  0.1916  6.2242  4.6460  4.1218  4.0092  3.9985
 124  1.040899  3.7595  4.2478  0.1989  6.2004  4.6259  4.1032  3.9911  3.9808
 125  1.043125  3.7598  4.2421  0.2069  6.1755  4.6046  4.0835  3.9718  3.9618
 126  1.045472  3.7601  4.2358  0.2152  6.1498  4.5824  4.0625  3.9513  3.9416
 127  1.047907  3.7603  4.2291  0.2240  6.1234  4.5592  4.0406  3.9298  3.9204
 128  1.050366  3.7606  4.2222  0.2329  6.0967  4.5355  4.0183  3.9078  3.8986
 129  1.052795  3.7608  4.2149  0.2419  6.0705  4.5118  3.9956  3.8855  3.8765
 130  1.055199  3.7610  4.2074  0.2510  6.0451  4.4884  3.9730  3.8630  3.8542
 131  1.057564  3.7611  4.1998  0.2600  6.0205  4.4653  3.9506  3.8407  3.8320
 132  1.059885  3.7611  4.1922  0.2688  5.9968  4.4427  3.9285  3.8188  3.8102
 133  1.062150  3.7611  4.1846  0.2774  5.9742  4.4209  3.9070  3.7973  3.7888
 134  1.064353  3.7611  4.1772  0.2858  5.9529  4.3999  3.8862  3.7766  3.7680
 135  1.066491  3.7611  4.1698  0.2939  5.9329  4.3796  3.8660  3.7563  3.7477
 136  1.068562  3.7611  4.1625  0.3017  5.9138  4.3602  3.8465  3.7367  3.7280
 137  1.070566  3.7610  4.1555  0.3094  5.8958  4.3415  3.8277  3.7178  3.7089
 138  1.072502  3.7609  4.1484  0.3167  5.8790  4.3237  3.8095  3.6994  3.6904
 139  1.074374  3.7607  4.1415  0.3237  5.8629  4.3064  3.7918  3.6816  3.6724
 140  1.076184  3.7605  4.1347  0.3307  5.8479  4.2897  3.7747  3.6641  3.6548
 141  1.077935  3.7604  4.1279  0.3374  5.8340  4.2738  3.7580  3.6472  3.6376
 142  1.079634  3.7601  4.1211  0.3440  5.8207  4.2583  3.7418  3.6306  3.6207
 143  1.081287  3.7599  4.1144  0.3504  5.8081  4.2432  3.7259  3.6143  3.6041
 144  1.082895  3.7596  4.1075  0.3567  5.7965  4.2286  3.7102  3.5982  3.5878
 145  1.084466  3.7593  4.1008  0.3630  5.7853  4.2144  3.6948  3.5825  3.5716
 146  1.086008  3.7590  4.0940  0.3691  5.7748  4.2004  3.6797  3.5668  3.5555
 147  1.087528  3.7585  4.0869  0.3752  5.7655  4.1870  3.6648  3.5513  3.5395
 148  1.089029  3.7582  4.0797  0.3812  5.7569  4.1738  3.6500  3.5358  3.5236
 149  1.090519  3.7577  4.0724  0.3872  5.7491  4.1611  3.6353  3.5204  3.5075
 150  1.092003  3.7571  4.0649  0.3931  5.7425  4.1487  3.6208  3.5051  3.4915
 151  1.093489  3.7565  4.0571  0.3990  5.7371  4.1369  3.6065  3.4898  3.4754
 152  1.094978  3.7558  4.0491  0.4049  5.7325  4.1256  3.5923  3.4745  3.4594
 153  1.096478  3.7551  4.0408  0.4107  5.7296  4.1149  3.5783  3.4593  3.4432
 154  1.097996  3.7541  4.0320  0.4164  5.7288  4.1051  3.5647  3.4441  3.4269
 155  1.099540  3.7531  4.0227  0.4220  5.7305  4.0963  3.5513  3.4291  3.4105
 156  1.101117  3.7519  4.0128  0.4276  5.7356  4.0888  3.5385  3.4142  3.3940
 157  1.102745  3.7503  4.0022  0.4329  5.7453  4.0833  3.5264  3.3997  3.3776
 158  1.104433  3.7485  3.9905  0.4378  5.7621  4.0805  3.5156  3.3859  3.3613
 159  1.106182  3.7461  3.9776  0.4421  5.7898  4.0815  3.5069  3.3735  3.3461
 160  1.107948  3.7433  3.9639  0.4450  5.8306  4.0886  3.5018  3.3641  3.3331
 161  1.109545  3.7400  3.9504  0.4461  5.8834  4.1036  3.5026  3.3595  3.3244
 162  1.110818  3.7368  3.9389  0.4452  5.9407  4.1245  3.5085  3.3599  3.3205
 163  1.112064  3.7329  3.9266  0.4425  6.0147  4.1539  3.5198  3.3645  3.3201
 164  1.113280  3.7284  3.9135  0.4382  6.1058  4.1919  3.5369  3.3739  3.3235
 165  1.114466  3.7233  3.8990  0.4327  6.2135  4.2377  3.5589  3.3871  3.3297
 166  1.115647  3.7176  3.8821  0.4271  6.3363  4.2894  3.5832  3.4011  3.3359
 167  1.116865  3.7114  3.8611  0.4236  6.4669  4.3407  3.6047  3.4111  3.3369
 168  1.118131  3.7051  3.8346  0.4258  6.5849  4.3793  3.6136  3.4082  3.3250
 169  1.119314  3.7001  3.8054  0.4355  6.6592  4.3923  3.6022  3.3871  3.2964
 170  1.120309  3.6967  3.7773  0.4502  6.6920  4.3822  3.5752  3.3530  3.2570
 171  1.121171  3.6943  3.7512  0.4668  6.7006  4.3599  3.5408  3.3136  3.2139
 172  1.121953  3.6925  3.7269  0.4842  6.6932  4.3307  3.5028  3.2717  3.1691
 173  1.122680  3.6911  3.7037  0.5020  6.6759  4.2970  3.4623  3.2283  3.1235
 174  1.123369  3.6899  3.6813  0.5203  6.6522  4.2602  3.4202  3.1839  3.0773
 175  1.124029  3.6890  3.6593  0.5387  6.6248  4.2216  3.3773  3.1389  3.0306
 176  1.124668  3.6882  3.6377  0.5574  6.5939  4.1814  3.3333  3.0933  2.9837
 177  1.125288  3.6875  3.6164  0.5761  6.5608  4.1400  3.2889  3.0474  2.9365
 178  1.125896  3.6868  3.5953  0.5950  6.5258  4.0979  3.2440  3.0011  2.8892
 179  1.126488  3.6863  3.5744  0.6138  6.4894  4.0550  3.1988  2.9546  2.8418
 180  1.127068  3.6858  3.5536  0.6328  6.4519  4.0114  3.1531  2.9079  2.7941
 181  1.127640  3.6853  3.5327  0.6519  6.4141  3.9676  3.1073  2.8609  2.7462
 182  1.128082  3.6849  3.5164  0.6669  6.3837  3.9329  3.0710  2.8239  2.7085
 183  1.128526  3.6846  3.4998  0.6822  6.3527  3.8975  3.0341  2.7861  2.6702
 184  1.128968  3.6842  3.4829  0.6978  6.3209  3.8613  2.9964  2.7477  2.6311
 185  1.129411  3.6838  3.4658  0.7136  6.2888  3.8245  2.9582  2.7087  2.5913
 186  1.129851  3.6834  3.4483  0.7299  6.2557  3.7868  2.9189  2.6686  2.5506
 187  1.130291  3.6830  3.4302  0.7465  6.2222  3.7482  2.8788  2.6275  2.5089
 188  1.130731  3.6827  3.4120  0.7634  6.1880  3.7090  2.8381  2.5860  2.4666
 189  1.131167  3.6822  3.3929  0.7809  6.1531  3.6686  2.7957  2.5427  2.4226
 190  1.131599  3.6818  3.3728  0.7992  6.1176  3.6267  2.7517  2.4976  2.3766
 191  1.132024  3.6813  3.3518  0.8184  6.0805  3.5828  2.7056  2.4504  2.3285
 192  1.132444  3.6807  3.3297  0.8384  6.0421  3.5371  2.6575  2.4010  2.2781
 193  1.132853  3.6801  3.3063  0.8597  6.0021  3.4890  2.6067  2.3489  2.2250
 194  1.133260  3.6795  3.2825  0.8812  5.9617  3.4401  2.5550  2.2958  2.1709
 195  1.133657  3.6788  3.2574  0.9037  5.9204  3.3895  2.5013  2.2405  2.1144
 196  1.134048  3.6781  3.2314  0.9270  5.8784  3.3374  2.4458  2.1834  2.0560
 197  1.134430  3.6773  3.2045  0.9510  5.8362  3.2839  2.3887  2.1245  1.9958
 198  1.134802  3.6765  3.1764  0.9758  5.7933  3.2290  2.3298  2.0637  1.9334
 199  1.135165  3.6756  3.1474  1.0014  5.7499  3.1728  2.2691  2.0010  1.8692
 200  1.135519  3.6747  3.1174  1.0277  5.7061  3.1152  2.2070  1.9366  1.8031
 201  1.135862  3.6736  3.0865  1.0547  5.6622  3.0565  2.1435  1.8707  1.7354
 202  1.136193  3.6725  3.0546  1.0825  5.6178  2.9965  2.0782  1.8029  1.6658
 203  1.136515  3.6715  3.0220  1.1108  5.5734  2.9355  2.0117  1.7337  1.5947
 204  1.136825  3.6702  2.9881  1.1398  5.5298  2.8739  1.9439  1.6630  1.5219
 205  1.137124  3.6690  2.9535  1.1695  5.4872  2.8117  1.8751  1.5911  1.4477
 206  1.137412  3.6676  2.9180  1.1996  5.4452  2.7489  1.8052  1.5179  1.3721
 207  1.137687  3.6662  2.8818  1.2303  5.4036  2.6854  1.7343  1.4435  1.2952
 208  1.137951  3.6647  2.8448  1.2615  5.3623  2.6213  1.6626  1.3681  1.2171
 209  1.138204  3.6632  2.8072  1.2931  5.3220  2.5569  1.5902  1.2918  1.1381
 210  1.138446  3.6616  2.7689  1.3252  5.2821  2.4921  1.5171  1.2146  1.0581
 211  1.138679  3.6600  2.7301  1.3576  5.2433  2.4271  1.4436  1.1368  0.9772
 212  1.138899  3.6583  2.6905  1.3904  5.2050  2.3616  1.3694  1.0580  0.8952
 213  1.139093  3.6563  2.6469  1.4264  5.1650  2.2914  1.2891  0.9722  0.8056
 214  1.139321  3.6541  2.5957  1.4684  5.1198  2.2107  1.1968  0.8724  0.7007
 215  1.139628  3.6525  2.5609  1.4975  5.0864  2.1534  1.1318  0.8030  0.6284
 216  1.139863  3.6533  2.5731  1.4885  5.0890  2.1662  1.1481  0.8231  0.6507
 217  1.139886  3.6537  2.5787  1.4840  5.0926  2.1740  1.1573  0.8333  0.6617
 218  1.139910  3.6539  2.5842  1.4796  5.0960  2.1816  1.1664  0.8436  0.6726
 219  1.139937  3.6543  2.5895  1.4755  5.0990  2.1887  1.1749  0.8531  0.6828
 220  1.139974  3.6544  2.5934  1.4725  5.1010  2.1938  1.1812  0.8600  0.6903
 221  1.140017  3.6544  2.5927  1.4732  5.0995  2.1919  1.1792  0.8582  0.6885
 222  1.140055  3.6543  2.5895  1.4760  5.0962  2.1864  1.1729  0.8516  0.6817
 223  1.140090  3.6541  2.5857  1.4790  5.0925  2.1802  1.1659  0.8442  0.6740
 224  1.140121  3.6540  2.5822  1.4821  5.0888  2.1741  1.1591  0.8369  0.6664
 225  1.140152  3.6538  2.5787  1.4850  5.0854  2.1683  1.1525  0.8299  0.6592
 226  1.140181  3.6537  2.5755  1.4877  5.0824  2.1631  1.1465  0.8236  0.6525
 227  1.140511  3.6535  2.5660  1.4960  5.0721  2.1470  1.1287  0.8040  0.6320
 228  1.140849  3.6509  2.5099  1.5426  5.0227  2.0573  1.0259  0.6936  0.5165
 229  1.141154  3.6472  2.4312  1.6063  4.9656  1.9389  0.8873  0.5434  0.3584
 230  1.141418  3.6435  2.3557  1.6670  4.9149  1.8285  0.7572  0.4011  0.2079
 231  1.141650  3.6397  2.2810  1.7270  4.8674  1.7220  0.6307  0.2616  0.0597
 232  1.141851  3.6360  2.2077  1.7853  4.8237  1.6201  0.5094  0.1265 -0.0845
 233  1.142029  3.6324  2.1371  1.8413  4.7840  1.5245  0.3951 -0.0022 -0.2227
 234  1.142185  3.6287  2.0684  1.8956  4.7468  1.4333  0.2860 -0.1262 -0.3563
 235  1.142324  3.6250  1.9998  1.9494  4.7121  1.3456  0.1810 -0.2479 -0.4888
 236  1.142446  3.6214  1.9333  2.0012  4.6805  1.2639  0.0830 -0.3638 -0.6162
 237  1.142555  3.6176  1.8676  2.0521  4.6512  1.1866 -0.0099 -0.4763 -0.7410
 238  1.142653  3.6139  1.8028  2.1022  4.6227  1.1132 -0.0981 -0.5860 -0.8638
 239  1.142738  3.6102  1.7400  2.1504  4.5955  1.0444 -0.1799 -0.6906 -0.9823
 240  1.142816  3.6066  1.6774  2.1984  4.5687  0.9787 -0.2569 -0.7932 -1.0998
 241  1.142887  3.6030  1.6161  2.2452  4.5422  0.9174 -0.3280 -0.8920 -1.2144
 242  1.142949  3.5994  1.5566  2.2906  4.5144  0.8602 -0.3937 -0.9868 -1.3254
 243  1.143006  3.5959  1.4976  2.3353  4.4862  0.8076 -0.4528 -1.0782 -1.4344
 244  1.143057  3.5923  1.4397  2.3790  4.4591  0.7598 -0.5046 -1.1660 -1.5409
 245  1.143104  3.5888  1.3831  2.4215  4.4347  0.7175 -0.5471 -1.2494 -1.6445
 246  1.143146  3.5853  1.3272  2.4633  4.4099  0.6792 -0.5827 -1.3299 -1.7464
 247  1.143184  3.5818  1.2731  2.5038  4.3849  0.6461 -0.6101 -1.4061 -1.8447
 248  1.143219  3.5784  1.2198  2.5435  4.3585  0.6178 -0.6297 -1.4787 -1.9403
 249  1.143251  3.5752  1.1676  2.5824  4.3330  0.5952 -0.6414 -1.5478 -2.0337
 250  1.143280  3.5718  1.1167  2.6202  4.3094  0.5783 -0.6470 -1.6127 -2.1235
 251  1.143307  3.5686  1.0663  2.6574  4.2885  0.5667 -0.6490 -1.6740 -2.2110
 252  1.143332  3.5653  1.0171  2.6936  4.2729  0.5633 -0.6475 -1.7305 -2.2942
 253  1.143354  3.5621  0.9689  2.7288  4.2583  0.5687 -0.6348 -1.7818 -2.3735
 254  1.143376  3.5588  0.9218  2.7631  4.2431  0.5843 -0.6059 -1.8275 -2.4491
 255  1.143395  3.5557  0.8752  2.7969  4.2254  0.6160 -0.5462 -1.8666 -2.5219
 256  1.143413  3.5525  0.8301  2.8297  4.1990  0.6596 -0.4577 -1.8981 -2.5900
 257  1.143429  3.5495  0.7856  2.8617  4.1707  0.7147 -0.3528 -1.9221 -2.6533
 258  1.143445  3.5464  0.7420  2.8930  4.1412  0.7803 -0.2372 -1.9384 -2.7116
 259  1.143460  3.5434  0.6995  2.9235  4.1142  0.8605 -0.1160 -1.9433 -2.7619
 260  1.143473  3.5404  0.6578  2.9533  4.0899  0.9570  0.0056 -1.9348 -2.8030
 261  1.143486  3.5375  0.6169  2.9824  4.0666  1.0617  0.1280 -1.9189 -2.8383
 262  1.143498  3.5345  0.5768  3.0109  4.0449  1.1731  0.2490 -1.8963 -2.8680
 263  1.143509  3.5316  0.5373  3.0388  4.0224  1.2900  0.3737 -1.8682 -2.8934
 264  1.143519  3.5288  0.4988  3.0658  4.0060  1.3845  0.4599 -1.8469 -2.9182
 265  1.143529  3.5260  0.4611  3.0924  3.9925  1.4715  0.5311 -1.8266 -2.9413
 266  1.143538  3.5232  0.4240  3.1183  3.9822  1.5627  0.6040 -1.8014 -2.9603
 267  1.143547  3.5205  0.3879  3.1435  3.9747  1.6543  0.6730 -1.7731 -2.9756
 268  1.143555  3.5178  0.3525  3.1683  3.9709  1.7470  0.7348 -1.7407 -2.9860
 269  1.143562  3.5150  0.3172  3.1924  3.9679  1.8385  0.7940 -1.7052 -2.9921
 270  1.143571  3.5124  0.2830  3.2159  3.9642  1.9188  0.8397 -1.6748 -2.9992
 271  1.143577  3.5097  0.2495  3.2391  3.9616  1.9909  0.8716 -1.6471 -3.0058
 272  1.143583  3.5071  0.2167  3.2614  3.9615  2.0536  0.8882 -1.6234 -3.0125
 273  1.143590  3.5046  0.1843  3.2835  3.9660  2.1083  0.8872 -1.6038 -3.0198
 274  1.143596  3.5019  0.1525  3.3050  3.9718  2.1596  0.8837 -1.5869 -3.0284
 275  1.143602  3.4994  0.1217  3.3259  3.9777  2.2041  0.8745 -1.5737 -3.0383
 276  1.143607  3.4970  0.0915  3.3463  3.9854  2.2451  0.8623 -1.5623 -3.0484
 277  1.143612  3.4946  0.0620  3.3661  3.9837  2.2779  0.8445 -1.5544 -3.0597
 278  1.143617  3.4923  0.0340  3.3850  3.9214  2.2808  0.8089 -1.5579 -3.0752
 279  1.143685  3.4903  0.0102  3.4010  3.9685  2.3205  0.8088 -1.5472 -3.0827
