#NUMBER OF AGES= 1
#----------------------------------------------------       
#MIX-LEN  Y      Z          Zeff        [Fe/H] [a/Fe]
# 1.9380  0.2846 2.4865E-02 2.4865E-02   0.20   0.00 
#----------------------------------------------------       
#**PHOTOMETRIC SYSTEM**: SDSS (AB)                          
#----------------------------------------------------       
#AGE= 8.500 EEPS=269
#EEP   M/Mo    LogTeff  LogG   LogL/Lo sdss_u  sdss_g  sdss_r  sdss_i  sdss_z
  11  0.109199  3.5007  5.2536 -2.8214 18.0084 14.9383 13.4421 12.1325 11.3750
  12  0.129464  3.5005  5.1830 -2.6774 17.6012 14.5734 13.0852 11.7761 11.0174
  13  0.155991  3.5016  5.1138 -2.5232 17.1409 14.1637 12.6871 11.3872 10.6323
  14  0.186053  3.5058  5.0650 -2.3810 16.6511 13.7329 12.2763 11.0088 10.2716
  15  0.208569  3.5091  5.0349 -2.2877 16.3235 13.4433 12.0017 10.7582 10.0344
  16  0.226410  3.5116  5.0125 -2.2199 16.0879 13.2337 11.8033 10.5764  9.8621
  17  0.242842  3.5138  4.9937 -2.1617 15.8860 13.0529 11.6324 10.4200  9.7143
  18  0.260380  3.5161  4.9754 -2.1039 15.6878 12.8739 11.4635 10.2649  9.5679
  19  0.280673  3.5186  4.9566 -2.0420 15.4766 12.6818 11.2826 10.0990  9.4114
  20  0.296644  3.5207  4.9420 -1.9955 15.3184 12.5374 11.1469  9.9743  9.2939
  21  0.305605  3.5217  4.9346 -1.9712 15.2367 12.4622 11.0761  9.9092  9.2326
  22  0.311844  3.5224  4.9297 -1.9546 15.1808 12.4107 11.0275  9.8647  9.1907
  23  0.316418  3.5229  4.9249 -1.9415 15.1382 12.3715 10.9906  9.8301  9.1578
  24  0.319785  3.5233  4.9212 -1.9317 15.1059 12.3419 10.9626  9.8041  9.1331
  25  0.322040  3.5233  4.9206 -1.9285 15.0991 12.3348 10.9552  9.7964  9.1251
  26  0.324400  3.5239  4.9191 -1.9211 15.0692 12.3077 10.9306  9.7752  9.1063
  27  0.326698  3.5241  4.9149 -1.9128 15.0430 12.2839 10.9081  9.7538  9.0856
  28  0.328984  3.5244  4.9158 -1.9094 15.0295 12.2709 10.8960  9.7437  9.0768
  29  0.332453  3.5248  4.9129 -1.9006 15.0001 12.2437 10.8704  9.7201  9.0545
  30  0.337106  3.5254  4.9108 -1.8901 14.9644 12.2105 10.8391  9.6917  9.0282
  31  0.345695  3.5264  4.9058 -1.8704 14.8977 12.1483 10.7806  9.6385  8.9785
  32  0.480660  3.5498  4.7938 -1.5187 13.6902 11.0034  9.7148  8.6772  8.0976
  33  0.485630  3.5523  4.7875 -1.5009 13.6333 10.9346  9.6448  8.6238  8.0555
  34  0.502136  3.5568  4.7723 -1.4529 13.4715 10.7676  9.4857  8.4883  7.9373
  35  0.515915  3.5609  4.7596 -1.4123 13.3346 10.6228  9.3463  8.3724  7.8376
  36  0.527893  3.5647  4.7488 -1.3763 13.2140 10.4925  9.2197  8.2701  7.7502
  37  0.539221  3.5684  4.7386 -1.3420 13.0991 10.3660  9.0958  8.1717  7.6670
  38  0.551101  3.5724  4.7278 -1.3060 12.9790 10.2318  8.9634  8.0677  7.5796
  39  0.564768  3.5770  4.7156 -1.2643 12.8409 10.0753  8.8081  7.9468  7.4792
  40  0.580702  3.5829  4.7020 -1.2150 12.6735  9.8836  8.6158  7.8011  7.3609
  41  0.598034  3.5898  4.6877 -1.1605 12.4834  9.6623  8.3921  7.6364  7.2303
  42  0.615857  3.5973  4.6741 -1.1039 12.2901  9.4312  8.1624  7.4661  7.0944
  43  0.632902  3.6049  4.6617 -1.0496 12.1011  9.2060  7.9418  7.3024  6.9644
  44  0.648191  3.6118  4.6511 -1.0010 11.9216  9.0008  7.7410  7.1556  6.8503
  45  0.662455  3.6182  4.6413 -0.9559 11.7562  8.8151  7.5653  7.0232  6.7451
  46  0.677701  3.6255  4.6320 -0.9077 11.5639  8.6083  7.3748  6.8799  6.6310
  47  0.694322  3.6337  4.6227 -0.8550 11.3245  8.3749  7.1667  6.7227  6.5049
  48  0.711387  3.6423  4.6135 -0.8008 11.0508  8.1321  6.9577  6.5615  6.3727
  49  0.726780  3.6501  4.6053 -0.7523 10.7876  7.9162  6.7796  6.4196  6.2524
  50  0.739900  3.6566  4.5984 -0.7114 10.5516  7.7355  6.6363  6.3023  6.1500
  51  0.751464  3.6623  4.5924 -0.6758 10.3395  7.5797  6.5157  6.2018  6.0604
  52  0.758570  3.6658  4.5885 -0.6542 10.2107  7.4864  6.4444  6.1416  6.0062
  53  0.765462  3.6691  4.5847 -0.6331 10.0858  7.3969  6.3765  6.0836  5.9536
  54  0.772161  3.6723  4.5808 -0.6128  9.9644  7.3110  6.3113  6.0277  5.9024
  55  0.778702  3.6753  4.5769 -0.5928  9.8458  7.2276  6.2484  5.9733  5.8525
  56  0.785131  3.6785  4.5729 -0.5730  9.7287  7.1462  6.1871  5.9201  5.8034
  57  0.791455  3.6814  4.5690 -0.5535  9.6132  7.0667  6.1271  5.8678  5.7551
  58  0.797663  3.6844  4.5649 -0.5342  9.5006  6.9894  6.0687  5.8166  5.7080
  59  0.803776  3.6872  4.5608 -0.5154  9.3922  6.9141  6.0117  5.7665  5.6618
  60  0.809824  3.6900  4.5566 -0.4966  9.2873  6.8409  5.9559  5.7172  5.6163
  61  0.815823  3.6928  4.5523 -0.4782  9.1848  6.7693  5.9013  5.6688  5.5717
  62  0.821773  3.6955  4.5479 -0.4600  9.0836  6.6995  5.8479  5.6213  5.5279
  63  0.827689  3.6981  4.5435 -0.4421  8.9841  6.6315  5.7955  5.5746  5.4848
  64  0.833557  3.7006  4.5389 -0.4243  8.8869  6.5653  5.7444  5.5289  5.4425
  65  0.839350  3.7031  4.5344 -0.4070  8.7924  6.5011  5.6945  5.4841  5.4012
  66  0.845070  3.7054  4.5297 -0.3898  8.7004  6.4386  5.6457  5.4402  5.3605
  67  0.850704  3.7077  4.5250 -0.3729  8.6102  6.3776  5.5979  5.3971  5.3206
  68  0.856230  3.7100  4.5202 -0.3563  8.5218  6.3184  5.5511  5.3550  5.2816
  69  0.861638  3.7122  4.5153 -0.3400  8.4360  6.2607  5.5055  5.3137  5.2433
  70  0.866928  3.7143  4.5103 -0.3240  8.3525  6.2046  5.4609  5.2732  5.2057
  71  0.872086  3.7163  4.5054 -0.3083  8.2714  6.1503  5.4175  5.2338  5.1691
  72  0.877129  3.7183  4.5003 -0.2928  8.1926  6.0975  5.3752  5.1951  5.1332
  73  0.882047  3.7202  4.4952 -0.2778  8.1161  6.0464  5.3340  5.1574  5.0980
  74  0.886854  3.7220  4.4900 -0.2629  8.0419  5.9968  5.2938  5.1205  5.0635
  75  0.891560  3.7237  4.4849 -0.2485  7.9700  5.9487  5.2546  5.0843  5.0296
  76  0.896163  3.7254  4.4796 -0.2342  7.9004  5.9020  5.2162  5.0489  4.9965
  77  0.900677  3.7270  4.4744 -0.2203  7.8329  5.8565  5.1787  5.0142  4.9639
  78  0.905107  3.7287  4.4691 -0.2065  7.7677  5.8119  5.1420  4.9802  4.9319
  79  0.909452  3.7302  4.4637 -0.1931  7.7045  5.7686  5.1061  4.9469  4.9007
  80  0.913731  3.7316  4.4583 -0.1798  7.6432  5.7263  5.0710  4.9142  4.8698
  81  0.917938  3.7330  4.4529 -0.1667  7.5833  5.6850  5.0365  4.8821  4.8395
  82  0.921626  3.7342  4.4480 -0.1552  7.5315  5.6490  5.0064  4.8540  4.8130
  83  0.925257  3.7354  4.4431 -0.1439  7.4808  5.6137  4.9767  4.8263  4.7867
  84  0.928827  3.7365  4.4381 -0.1328  7.4316  5.5792  4.9477  4.7990  4.7609
  85  0.932337  3.7376  4.4332 -0.1218  7.3837  5.5455  4.9190  4.7723  4.7355
  86  0.935787  3.7387  4.4282 -0.1111  7.3371  5.5124  4.8910  4.7459  4.7104
  87  0.939176  3.7397  4.4233 -0.1005  7.2916  5.4800  4.8635  4.7201  4.6858
  88  0.942506  3.7407  4.4184 -0.0901  7.2475  5.4484  4.8365  4.6946  4.6616
  89  0.945778  3.7416  4.4133 -0.0799  7.2049  5.4174  4.8101  4.6698  4.6378
  90  0.948983  3.7425  4.4083 -0.0697  7.1632  5.3871  4.7841  4.6453  4.6144
  91  0.952136  3.7434  4.4033 -0.0599  7.1226  5.3575  4.7586  4.6212  4.5914
  92  0.955238  3.7442  4.3983 -0.0502  7.0833  5.3285  4.7336  4.5975  4.5688
  93  0.958288  3.7450  4.3934 -0.0405  7.0448  5.3000  4.7090  4.5742  4.5464
  94  0.961301  3.7458  4.3884 -0.0311  7.0074  5.2722  4.6848  4.5512  4.5244
  95  0.964283  3.7465  4.3834 -0.0218  6.9708  5.2447  4.6609  4.5285  4.5026
  96  0.967231  3.7472  4.3783 -0.0125  6.9351  5.2178  4.6373  4.5061  4.4811
  97  0.970160  3.7479  4.3733 -0.0035  6.9002  5.1913  4.6141  4.4839  4.4597
  98  0.973062  3.7486  4.3682  0.0055  6.8661  5.1652  4.5911  4.4620  4.4386
  99  0.975951  3.7492  4.3631  0.0145  6.8328  5.1397  4.5685  4.4404  4.4177
 100  0.978822  3.7498  4.3580  0.0232  6.8004  5.1145  4.5461  4.4190  4.3970
 101  0.981680  3.7504  4.3528  0.0320  6.7690  5.0897  4.5241  4.3978  4.3765
 102  0.984522  3.7509  4.3477  0.0405  6.7383  5.0654  4.5023  4.3769  4.3563
 103  0.987338  3.7514  4.3424  0.0490  6.7085  5.0415  4.4809  4.3563  4.3363
 104  0.990118  3.7518  4.3372  0.0573  6.6795  5.0182  4.4598  4.3359  4.3165
 105  0.992849  3.7524  4.3321  0.0655  6.6515  4.9954  4.4392  4.3160  4.2971
 106  0.995484  3.7528  4.3270  0.0735  6.6244  4.9732  4.4190  4.2964  4.2781
 107  0.997965  3.7532  4.3220  0.0812  6.5984  4.9519  4.3996  4.2777  4.2598
 108  1.000284  3.7535  4.3171  0.0885  6.5736  4.9315  4.3810  4.2597  4.2423
 109  1.002442  3.7539  4.3123  0.0956  6.5499  4.9119  4.3631  4.2423  4.2253
 110  1.004457  3.7542  4.3077  0.1025  6.5271  4.8930  4.3458  4.2255  4.2090
 111  1.006367  3.7546  4.3031  0.1092  6.5051  4.8746  4.3290  4.2092  4.1930
 112  1.007754  3.7547  4.2996  0.1142  6.4891  4.8611  4.3165  4.1970  4.1811
 113  1.009136  3.7550  4.2959  0.1192  6.4733  4.8476  4.3040  4.1848  4.1691
 114  1.010519  3.7552  4.2923  0.1241  6.4578  4.8342  4.2914  4.1726  4.1571
 115  1.011920  3.7553  4.2886  0.1292  6.4425  4.8208  4.2789  4.1603  4.1450
 116  1.013357  3.7555  4.2848  0.1342  6.4272  4.8073  4.2663  4.1479  4.1328
 117  1.014829  3.7557  4.2809  0.1394  6.4118  4.7938  4.2534  4.1353  4.1203
 118  1.016343  3.7558  4.2771  0.1445  6.3961  4.7799  4.2405  4.1226  4.1079
 119  1.017900  3.7560  4.2731  0.1498  6.3801  4.7659  4.2272  4.1096  4.0951
 120  1.019505  3.7561  4.2691  0.1552  6.3640  4.7517  4.2137  4.0964  4.0821
 121  1.021152  3.7563  4.2650  0.1607  6.3474  4.7371  4.2001  4.0830  4.0689
 122  1.022814  3.7565  4.2609  0.1663  6.3300  4.7220  4.1860  4.0692  4.0553
 123  1.024416  3.7567  4.2567  0.1721  6.3117  4.7065  4.1716  4.0552  4.0415
 124  1.026026  3.7570  4.2526  0.1779  6.2928  4.6906  4.1569  4.0409  4.0275
 125  1.027681  3.7573  4.2483  0.1839  6.2735  4.6743  4.1419  4.0262  4.0132
 126  1.029387  3.7575  4.2439  0.1899  6.2542  4.6578  4.1265  4.0112  3.9984
 127  1.031150  3.7577  4.2391  0.1963  6.2343  4.6407  4.1106  3.9956  3.9831
 128  1.032971  3.7579  4.2343  0.2029  6.2139  4.6232  4.0941  3.9796  3.9673
 129  1.034855  3.7581  4.2291  0.2096  6.1936  4.6053  4.0772  3.9629  3.9509
 130  1.036791  3.7583  4.2236  0.2166  6.1730  4.5870  4.0598  3.9458  3.9339
 131  1.038768  3.7584  4.2179  0.2238  6.1523  4.5681  4.0418  3.9280  3.9164
 132  1.040797  3.7586  4.2118  0.2312  6.1312  4.5488  4.0232  3.9096  3.8981
 133  1.042880  3.7587  4.2054  0.2390  6.1096  4.5288  4.0039  3.8905  3.8791
 134  1.044996  3.7588  4.1987  0.2468  6.0882  4.5086  3.9842  3.8709  3.8595
 135  1.047124  3.7588  4.1916  0.2550  6.0670  4.4881  3.9640  3.8508  3.8395
 136  1.049245  3.7588  4.1844  0.2631  6.0459  4.4675  3.9437  3.8305  3.8192
 137  1.051351  3.7588  4.1769  0.2713  6.0254  4.4470  3.9234  3.8101  3.7988
 138  1.053426  3.7587  4.1694  0.2794  6.0055  4.4268  3.9031  3.7897  3.7783
 139  1.055468  3.7586  4.1618  0.2875  5.9863  4.4069  3.8830  3.7695  3.7579
 140  1.057467  3.7586  4.1541  0.2955  5.9679  4.3874  3.8631  3.7495  3.7378
 141  1.059420  3.7584  4.1464  0.3034  5.9505  4.3683  3.8436  3.7297  3.7177
 142  1.061324  3.7582  4.1386  0.3112  5.9337  4.3498  3.8244  3.7102  3.6980
 143  1.063185  3.7579  4.1308  0.3187  5.9182  4.3318  3.8056  3.6911  3.6785
 144  1.064995  3.7577  4.1231  0.3261  5.9034  4.3144  3.7872  3.6722  3.6594
 145  1.066759  3.7574  4.1154  0.3334  5.8896  4.2975  3.7692  3.6539  3.6407
 146  1.068481  3.7570  4.1076  0.3406  5.8766  4.2811  3.7517  3.6357  3.6221
 147  1.070165  3.7566  4.0996  0.3475  5.8653  4.2655  3.7345  3.6180  3.6039
 148  1.071814  3.7562  4.0916  0.3544  5.8549  4.2505  3.7177  3.6004  3.5858
 149  1.073432  3.7557  4.0836  0.3611  5.8454  4.2362  3.7013  3.5833  3.5680
 150  1.075026  3.7551  4.0754  0.3677  5.8374  4.2225  3.6853  3.5663  3.5503
 151  1.076602  3.7544  4.0669  0.3741  5.8312  4.2096  3.6697  3.5496  3.5328
 152  1.078164  3.7537  4.0583  0.3804  5.8260  4.1973  3.6544  3.5332  3.5154
 153  1.079720  3.7528  4.0494  0.3866  5.8231  4.1860  3.6395  3.5170  3.4981
 154  1.081278  3.7519  4.0401  0.3927  5.8223  4.1757  3.6251  3.5010  3.4809
 155  1.082848  3.7508  4.0303  0.3987  5.8247  4.1666  3.6112  3.4853  3.4638
 156  1.084439  3.7495  4.0200  0.4044  5.8305  4.1590  3.5979  3.4699  3.4467
 157  1.086069  3.7478  4.0088  0.4098  5.8425  4.1534  3.5857  3.4551  3.4299
 158  1.087749  3.7459  3.9966  0.4148  5.8624  4.1507  3.5748  3.4412  3.4135
 159  1.089484  3.7434  3.9831  0.4191  5.8938  4.1528  3.5664  3.4289  3.3982
 160  1.091200  3.7403  3.9686  0.4219  5.9390  4.1623  3.5625  3.4199  3.3853
 161  1.092714  3.7369  3.9547  0.4227  5.9955  4.1800  3.5644  3.4161  3.3769
 162  1.093931  3.7335  3.9428  0.4215  6.0579  4.2033  3.5716  3.4173  3.3737
 163  1.095123  3.7295  3.9296  0.4189  6.1368  4.2342  3.5836  3.4223  3.3733
 164  1.096293  3.7248  3.9152  0.4149  6.2324  4.2731  3.6007  3.4313  3.3760
 165  1.097443  3.7194  3.8989  0.4104  6.3435  4.3188  3.6212  3.4425  3.3797
 166  1.098599  3.7135  3.8795  0.4069  6.4656  4.3673  3.6416  3.4521  3.3812
 167  1.099777  3.7075  3.8558  0.4069  6.5862  4.4100  3.6552  3.4543  3.3747
 168  1.100944  3.7020  3.8282  0.4128  6.6817  4.4358  3.6542  3.4426  3.3547
 169  1.102001  3.6977  3.7996  0.4247  6.7365  4.4383  3.6358  3.4157  3.3214
 170  1.102898  3.6947  3.7724  0.4404  6.7574  4.4223  3.6051  3.3789  3.2800
 171  1.103688  3.6926  3.7470  0.4576  6.7574  4.3964  3.5686  3.3379  3.2356
 172  1.104413  3.6910  3.7230  0.4754  6.7448  4.3647  3.5290  3.2949  3.1900
 173  1.105091  3.6898  3.6999  0.4938  6.7239  4.3290  3.4872  3.2504  3.1434
 174  1.105738  3.6887  3.6774  0.5124  6.6974  4.2906  3.4440  3.2050  3.0964
 175  1.106358  3.6878  3.6553  0.5312  6.6675  4.2505  3.3999  3.1590  3.0488
 176  1.106959  3.6871  3.6336  0.5502  6.6341  4.2087  3.3548  3.1124  3.0011
 177  1.107543  3.6865  3.6122  0.5693  6.5988  4.1660  3.3093  3.0654  2.9530
 178  1.108114  3.6859  3.5908  0.5886  6.5619  4.1224  3.2633  3.0181  2.9047
 179  1.108672  3.6853  3.5697  0.6079  6.5237  4.0781  3.2168  2.9706  2.8562
 180  1.109218  3.6849  3.5486  0.6272  6.4842  4.0331  3.1700  2.9228  2.8075
 181  1.109753  3.6844  3.5276  0.6467  6.4448  3.9880  3.1231  2.8749  2.7588
 182  1.110163  3.6841  3.5113  0.6619  6.4137  3.9526  3.0864  2.8374  2.7208
 183  1.110573  3.6838  3.4946  0.6773  6.3820  3.9167  3.0491  2.7994  2.6821
 184  1.110982  3.6834  3.4777  0.6931  6.3493  3.8798  3.0109  2.7605  2.6426
 185  1.111391  3.6831  3.4605  0.7090  6.3165  3.8426  2.9723  2.7211  2.6026
 186  1.111798  3.6827  3.4427  0.7255  6.2829  3.8043  2.9324  2.6805  2.5613
 187  1.112205  3.6823  3.4247  0.7421  6.2489  3.7655  2.8921  2.6393  2.5195
 188  1.112611  3.6819  3.4063  0.7591  6.2145  3.7261  2.8511  2.5974  2.4769
 189  1.113014  3.6815  3.3873  0.7766  6.1793  3.6854  2.8088  2.5541  2.4328
 190  1.113412  3.6810  3.3671  0.7950  6.1436  3.6433  2.7645  2.5089  2.3868
 191  1.113804  3.6806  3.3461  0.8143  6.1061  3.5991  2.7183  2.4615  2.3385
 192  1.114190  3.6800  3.3239  0.8344  6.0674  3.5532  2.6699  2.4119  2.2879
 193  1.114567  3.6794  3.3005  0.8557  6.0271  3.5048  2.6189  2.3596  2.2347
 194  1.114941  3.6788  3.2766  0.8773  5.9862  3.4557  2.5671  2.3064  2.1803
 195  1.115306  3.6782  3.2514  0.9000  5.9446  3.4046  2.5129  2.2507  2.1235
 196  1.115665  3.6775  3.2254  0.9233  5.9024  3.3522  2.4572  2.1934  2.0649
 197  1.116015  3.6767  3.1983  0.9474  5.8597  3.2985  2.3998  2.1342  2.0044
 198  1.116357  3.6758  3.1702  0.9723  5.8166  3.2434  2.3407  2.0731  1.9419
 199  1.116690  3.6749  3.1412  0.9979  5.7729  3.1870  2.2801  2.0105  1.8777
 200  1.117012  3.6740  3.1111  1.0243  5.7289  3.1291  2.2176  1.9458  1.8113
 201  1.117327  3.6730  3.0802  1.0514  5.6847  3.0704  2.1540  1.8798  1.7436
 202  1.117631  3.6719  3.0483  1.0791  5.6403  3.0103  2.0887  1.8120  1.6739
 203  1.117926  3.6708  3.0156  1.1075  5.5956  2.9492  2.0221  1.7428  1.6027
 204  1.118209  3.6697  2.9819  1.1366  5.5523  2.8876  1.9544  1.6720  1.5299
 205  1.118482  3.6684  2.9472  1.1663  5.5096  2.8253  1.8854  1.5999  1.4556
 206  1.118745  3.6670  2.9116  1.1964  5.4675  2.7624  1.8154  1.5267  1.3799
 207  1.118996  3.6656  2.8754  1.2272  5.4256  2.6987  1.7445  1.4523  1.3030
 208  1.119237  3.6641  2.8384  1.2584  5.3842  2.6345  1.6727  1.3767  1.2248
 209  1.119467  3.6626  2.8007  1.2901  5.3437  2.5700  1.6002  1.3003  1.1457
 210  1.119688  3.6611  2.7625  1.3221  5.3037  2.5051  1.5271  1.2232  1.0655
 211  1.119901  3.6594  2.7236  1.3545  5.2649  2.4402  1.4536  1.1454  0.9847
 212  1.120100  3.6577  2.6843  1.3872  5.2265  2.3749  1.3797  1.0669  0.9031
 213  1.120278  3.6557  2.6391  1.4245  5.1859  2.3029  1.2972  0.9784  0.8105
 214  1.120504  3.6534  2.5884  1.4662  5.1407  2.2228  1.2057  0.8795  0.7066
 215  1.120769  3.6525  2.5634  1.4876  5.1117  2.1780  1.1561  0.8277  0.6532
 216  1.120993  3.6534  2.5775  1.4769  5.1165  2.1942  1.1761  0.8515  0.6795
 217  1.121015  3.6536  2.5812  1.4741  5.1188  2.1992  1.1821  0.8582  0.6866
 218  1.121039  3.6537  2.5847  1.4712  5.1220  2.2046  1.1882  0.8649  0.6937
 219  1.121065  3.6539  2.5879  1.4686  5.1247  2.2095  1.1937  0.8710  0.7001
 220  1.121096  3.6540  2.5895  1.4674  5.1250  2.2112  1.1959  0.8737  0.7031
 221  1.121135  3.6540  2.5879  1.4689  5.1223  2.2077  1.1923  0.8700  0.6994
 222  1.121171  3.6538  2.5847  1.4716  5.1189  2.2022  1.1860  0.8634  0.6926
 223  1.121205  3.6537  2.5814  1.4744  5.1156  2.1967  1.1798  0.8569  0.6857
 224  1.121233  3.6536  2.5784  1.4770  5.1124  2.1914  1.1740  0.8507  0.6793
 225  1.121259  3.6535  2.5754  1.4795  5.1094  2.1864  1.1683  0.8446  0.6731
 226  1.121283  3.6533  2.5725  1.4820  5.1065  2.1817  1.1629  0.8388  0.6670
 227  1.121586  3.6532  2.5661  1.4882  5.0965  2.1690  1.1496  0.8243  0.6519
 228  1.121895  3.6501  2.4959  1.5456  5.0400  2.0600  1.0234  0.6884  0.5094
 229  1.122166  3.6464  2.4185  1.6082  4.9837  1.9437  0.8873  0.5407  0.3539
 230  1.122403  3.6426  2.3431  1.6689  4.9334  1.8339  0.7578  0.3988  0.2037
 231  1.122611  3.6388  2.2677  1.7292  4.8856  1.7267  0.6305  0.2583  0.0543
 232  1.122791  3.6351  2.1946  1.7875  4.8423  1.6255  0.5101  0.1238 -0.0894
 233  1.122949  3.6314  2.1243  1.8432  4.8029  1.5307  0.3967 -0.0042 -0.2270
 234  1.123088  3.6278  2.0553  1.8977  4.7655  1.4394  0.2876 -0.1284 -0.3611
 235  1.123212  3.6241  1.9871  1.9512  4.7313  1.3529  0.1842 -0.2490 -0.4927
 236  1.123322  3.6204  1.9200  2.0033  4.6997  1.2713  0.0861 -0.3655 -0.6209
 237  1.123418  3.6167  1.8544  2.0541  4.6704  1.1948 -0.0058 -0.4775 -0.7454
 238  1.123505  3.6130  1.7896  2.1041  4.6414  1.1219 -0.0930 -0.5867 -0.8681
 239  1.123582  3.6093  1.7265  2.1527  4.6141  1.0532 -0.1743 -0.6915 -0.9872
 240  1.123652  3.6056  1.6639  2.2006  4.5871  0.9882 -0.2503 -0.7939 -1.1047
 241  1.123714  3.6020  1.6024  2.2474  4.5599  0.9275 -0.3205 -0.8925 -1.2195
 242  1.123770  3.5984  1.5428  2.2929  4.5315  0.8710 -0.3850 -0.9868 -1.3303
 243  1.123820  3.5948  1.4838  2.3376  4.5031  0.8193 -0.4424 -1.0778 -1.4392
 244  1.123866  3.5913  1.4258  2.3813  4.4764  0.7727 -0.4923 -1.1652 -1.5459
 245  1.123907  3.5878  1.3692  2.4238  4.4518  0.7312 -0.5329 -1.2481 -1.6496
 246  1.123945  3.5842  1.3136  2.4655  4.4268  0.6943 -0.5663 -1.3278 -1.7509
 247  1.123979  3.5808  1.2593  2.5060  4.4008  0.6622 -0.5916 -1.4034 -1.8491
 248  1.124011  3.5774  1.2059  2.5458  4.3743  0.6353 -0.6088 -1.4757 -1.9449
 249  1.124039  3.5741  1.1535  2.5847  4.3491  0.6146 -0.6182 -1.5440 -2.0380
 250  1.124065  3.5707  1.1026  2.6225  4.3261  0.5989 -0.6233 -1.6082 -2.1276
 251  1.124089  3.5675  1.0523  2.6596  4.3067  0.5896 -0.6243 -1.6684 -2.2142
 252  1.124111  3.5642  1.0030  2.6958  4.2915  0.5892 -0.6193 -1.7237 -2.2970
 253  1.124131  3.5609  0.9548  2.7310  4.2767  0.5983 -0.6015 -1.7734 -2.3756
 254  1.124150  3.5577  0.9076  2.7654  4.2606  0.6174 -0.5653 -1.8179 -2.4509
 255  1.124167  3.5545  0.8610  2.7991  4.2394  0.6560 -0.4904 -1.8541 -2.5228
 256  1.124183  3.5514  0.8158  2.8319  4.2120  0.7038 -0.3950 -1.8832 -2.5897
 257  1.124198  3.5483  0.7713  2.8639  4.1832  0.7633 -0.2848 -1.9045 -2.6515
 258  1.124212  3.5452  0.7277  2.8951  4.1537  0.8346 -0.1649 -1.9172 -2.7078
 259  1.124225  3.5422  0.6850  2.9257  4.1278  0.9231 -0.0422 -1.9160 -2.7545
 260  1.124237  3.5392  0.6433  2.9555  4.1036  1.0241  0.0811 -1.9042 -2.7935
 261  1.124248  3.5362  0.6025  2.9845  4.0807  1.1327  0.2042 -1.8853 -2.8266
 262  1.124259  3.5333  0.5623  3.0130  4.0592  1.2487  0.3285 -1.8596 -2.8546
 263  1.124269  3.5304  0.5228  3.0409  4.0377  1.3580  0.4402 -1.8337 -2.8798
 264  1.124278  3.5275  0.4843  3.0679  4.0227  1.4484  0.5178 -1.8134 -2.9043
 265  1.124287  3.5247  0.4466  3.0943  4.0107  1.5376  0.5894 -1.7908 -2.9257
 266  1.124295  3.5219  0.4095  3.1203  4.0014  1.6298  0.6614 -1.7641 -2.9434
 267  1.124303  3.5192  0.3734  3.1455  3.9963  1.7235  0.7269 -1.7330 -2.9561
 268  1.124310  3.5164  0.3377  3.1701  3.9922  1.8163  0.7891 -1.6991 -2.9648
 269  1.124316  3.5137  0.3024  3.1943  3.9897  1.9048  0.8428 -1.6644 -2.9705
 270  1.124323  3.5110  0.2682  3.2178  3.9864  1.9818  0.8820 -1.6350 -2.9774
 271  1.124330  3.5084  0.2348  3.2409  3.9844  2.0496  0.9071 -1.6093 -2.9844
 272  1.124335  3.5058  0.2020  3.2633  3.9866  2.1058  0.9110 -1.5888 -2.9919
 273  1.124341  3.5031  0.1694  3.2853  3.9925  2.1611  0.9096 -1.5697 -2.9997
 274  1.124347  3.5006  0.1378  3.3067  3.9985  2.2087  0.9025 -1.5550 -3.0094
 275  1.124352  3.4980  0.1068  3.3277  4.0055  2.2520  0.8913 -1.5423 -3.0194
 276  1.124356  3.4957  0.0767  3.3480  4.0137  2.2909  0.8772 -1.5321 -3.0299
 277  1.124361  3.4932  0.0472  3.3677  3.9286  2.2881  0.8311 -1.5374 -3.0459
 278  1.124365  3.4908  0.0191  3.3866  3.9803  2.3345  0.8341 -1.5253 -3.0561
 279  1.124378  3.4889 -0.0041  3.4020  4.0262  2.3725  0.8285 -1.5138 -3.0609
