#NUMBER OF AGES= 1
#----------------------------------------------------       
#MIX-LEN  Y      Z          Zeff        [Fe/H] [a/Fe]
# 1.9380  0.2846 2.4865E-02 2.4865E-02   0.20   0.00 
#----------------------------------------------------       
#**PHOTOMETRIC SYSTEM**: SDSS (AB)                          
#----------------------------------------------------       
#AGE= 9.000 EEPS=268
#EEP   M/Mo    LogTeff  LogG   LogL/Lo sdss_u  sdss_g  sdss_r  sdss_i  sdss_z
  12  0.123999  3.5006  5.2006 -2.7136 17.7040 14.6655 13.1753 11.8658 11.1073
  13  0.148496  3.5010  5.1302 -2.5630 17.2651 14.2738 12.7936 11.4893 10.7323
  14  0.177682  3.5044  5.0761 -2.4175 16.7816 13.8477 12.3851 11.1075 10.3646
  15  0.201365  3.5082  5.0436 -2.3156 16.4199 13.5290 12.0831 10.8329 10.1052
  16  0.219479  3.5106  5.0197 -2.2444 16.1738 13.3105 11.8758 10.6425  9.9245
  17  0.235792  3.5128  5.0003 -2.1848 15.9666 13.1255 11.7010 10.4825  9.7732
  18  0.251826  3.5150  4.9826 -2.1300 15.7782 12.9559 11.5409 10.3355  9.6343
  19  0.271776  3.5176  4.9632 -2.0672 15.5631 12.7608 11.3570 10.1669  9.4752
  20  0.290440  3.5200  4.9460 -2.0116 15.3733 12.5879 11.1944 10.0176  9.3346
  21  0.302314  3.5213  4.9359 -1.9787 15.2627 12.4864 11.0987  9.9296  9.2515
  22  0.309362  3.5222  4.9305 -1.9600 15.1996 12.4282 11.0440  9.8795  9.2044
  23  0.314632  3.5227  4.9255 -1.9453 15.1513 12.3838 11.0021  9.8406  9.1675
  24  0.318451  3.5232  4.9216 -1.9345 15.1155 12.3508 10.9711  9.8118  9.1402
  25  0.321002  3.5232  4.9208 -1.9304 15.1055 12.3409 10.9610  9.8016  9.1300
  26  0.323464  3.5238  4.9192 -1.9229 15.0754 12.3134 10.9360  9.7800  9.1108
  27  0.325711  3.5240  4.9151 -1.9147 15.0496 12.2900 10.9139  9.7590  9.0905
  28  0.327843  3.5243  4.9159 -1.9116 15.0367 12.2778 10.9025  9.7495  9.0822
  29  0.330902  3.5246  4.9132 -1.9035 15.0102 12.2532 10.8794  9.7281  9.0620
  30  0.334864  3.5251  4.9112 -1.8945 14.9793 12.2245 10.8523  9.7036  9.0392
  31  0.341766  3.5260  4.9074 -1.8786 14.9260 12.1748 10.8055  9.6610  8.9993
  32  0.392665  3.5342  4.8663 -1.7467 14.4711 11.7439 10.3982  9.3003  8.6695
  33  0.473638  3.5492  4.7971 -1.5335 13.7443 11.0471  9.7512  8.7162  8.1364
  34  0.492621  3.5542  4.7799 -1.4791 13.5604 10.8600  9.5740  8.5627  8.0019
  35  0.507888  3.5586  4.7658 -1.4344 13.4096 10.7028  9.4235  8.4358  7.8918
  36  0.520936  3.5625  4.7538 -1.3955 13.2791 10.5635  9.2890  8.3252  7.7968
  37  0.532608  3.5663  4.7432 -1.3603 13.1610 10.4347  9.1633  8.2246  7.7113
  38  0.544034  3.5701  4.7328 -1.3255 13.0447 10.3056  9.0365  8.1244  7.6269
  39  0.556476  3.5743  4.7215 -1.2875 12.9189 10.1642  8.8966  8.0147  7.5351
  40  0.570934  3.5794  4.7088 -1.2432 12.7706  9.9953  8.7282  7.8850  7.4283
  41  0.587104  3.5856  4.6949 -1.1926 12.5968  9.7951  8.5263  7.7342  7.3072
  42  0.604222  3.5926  4.6811 -1.1383 12.4085  9.5735  8.3034  7.5700  7.1769
  43  0.621282  3.5999  4.6680 -1.0837 12.2228  9.3507  8.0837  7.4063  7.0459
  44  0.637371  3.6072  4.6565 -1.0321 12.0391  9.1344  7.8715  7.2501  6.9230
  45  0.651813  3.6138  4.6464 -0.9859 11.8680  8.9400  7.6824  7.1114  6.8150
  46  0.665755  3.6202  4.6370 -0.9416 11.7032  8.7562  7.5098  6.9811  6.7113
  47  0.680339  3.6273  4.6281 -0.8951 11.5123  8.5555  7.3265  6.8431  6.6010
  48  0.695654  3.6349  4.6194 -0.8462 11.2847  8.3380  7.1341  6.6972  6.4836
  49  0.711079  3.6427  4.6109 -0.7968 11.0335  8.1170  6.9448  6.5506  6.3629
  50  0.725101  3.6499  4.6033 -0.7521 10.7902  7.9180  6.7807  6.4199  6.2519
  51  0.737302  3.6561  4.5967 -0.7135 10.5681  7.7474  6.6452  6.3091  6.1554
  52  0.744548  3.6596  4.5928 -0.6911 10.4356  7.6489  6.5682  6.2452  6.0988
  53  0.751589  3.6632  4.5889 -0.6693 10.3066  7.5543  6.4953  6.1840  6.0442
  54  0.758418  3.6664  4.5852 -0.6482 10.1808  7.4637  6.4261  6.1255  5.9912
  55  0.765042  3.6696  4.5813 -0.6278 10.0596  7.3771  6.3603  6.0693  5.9401
  56  0.771495  3.6727  4.5775 -0.6079  9.9415  7.2935  6.2971  6.0149  5.8902
  57  0.777800  3.6758  4.5735 -0.5883  9.8258  7.2124  6.2359  5.9619  5.8415
  58  0.784003  3.6788  4.5696 -0.5690  9.7118  7.1331  6.1761  5.9099  5.7936
  59  0.790123  3.6816  4.5656 -0.5499  9.5989  7.0554  6.1174  5.8587  5.7464
  60  0.796133  3.6845  4.5615 -0.5311  9.4889  6.9797  6.0602  5.8085  5.7001
  61  0.802072  3.6873  4.5573 -0.5125  9.3827  6.9059  6.0042  5.7592  5.6545
  62  0.807944  3.6900  4.5531 -0.4941  9.2796  6.8338  5.9493  5.7107  5.6098
  63  0.813760  3.6927  4.5488 -0.4759  9.1791  6.7636  5.8956  5.6631  5.5658
  64  0.819525  3.6954  4.5443 -0.4580  9.0798  6.6950  5.8430  5.6163  5.5227
  65  0.825240  3.6979  4.5399 -0.4403  8.9821  6.6281  5.7916  5.5704  5.4804
  66  0.830912  3.7004  4.5353 -0.4229  8.8869  6.5631  5.7413  5.5253  5.4387
  67  0.836512  3.7028  4.5307 -0.4058  8.7942  6.5000  5.6922  5.4813  5.3979
  68  0.842027  3.7051  4.5260 -0.3890  8.7044  6.4388  5.6444  5.4382  5.3581
  69  0.847459  3.7074  4.5213 -0.3725  8.6162  6.3792  5.5974  5.3960  5.3189
  70  0.852802  3.7096  4.5164 -0.3561  8.5299  6.3210  5.5516  5.3546  5.2805
  71  0.858029  3.7117  4.5115 -0.3401  8.4459  6.2645  5.5068  5.3140  5.2428
  72  0.863151  3.7137  4.5066 -0.3243  8.3641  6.2095  5.4630  5.2742  5.2059
  73  0.868143  3.7157  4.5015 -0.3089  8.2848  6.1561  5.4204  5.2354  5.1699
  74  0.873017  3.7176  4.4965 -0.2938  8.2076  6.1043  5.3787  5.1975  5.1345
  75  0.877781  3.7194  4.4914 -0.2789  8.1328  6.0540  5.3382  5.1603  5.0999
  76  0.882428  3.7212  4.4862 -0.2643  8.0600  6.0053  5.2986  5.1239  5.0659
  77  0.886975  3.7229  4.4810 -0.2501  7.9894  5.9580  5.2600  5.0883  5.0325
  78  0.891421  3.7246  4.4758 -0.2361  7.9212  5.9120  5.2222  5.0534  4.9999
  79  0.895765  3.7261  4.4705 -0.2223  7.8552  5.8673  5.1854  5.0193  4.9678
  80  0.900028  3.7277  4.4652 -0.2088  7.7911  5.8237  5.1493  4.9859  4.9364
  81  0.904207  3.7292  4.4598 -0.1956  7.7293  5.7811  5.1141  4.9531  4.9056
  82  0.907921  3.7305  4.4550 -0.1838  7.6748  5.7435  5.0827  4.9240  4.8782
  83  0.911577  3.7317  4.4501 -0.1722  7.6217  5.7067  5.0521  4.8955  4.8512
  84  0.915177  3.7329  4.4451 -0.1608  7.5700  5.6707  5.0218  4.8673  4.8246
  85  0.918723  3.7340  4.4401 -0.1494  7.5196  5.6355  4.9923  4.8396  4.7983
  86  0.922210  3.7351  4.4352 -0.1384  7.4705  5.6010  4.9632  4.8124  4.7724
  87  0.925638  3.7362  4.4302 -0.1274  7.4225  5.5672  4.9345  4.7855  4.7470
  88  0.929007  3.7373  4.4251 -0.1167  7.3759  5.5341  4.9065  4.7592  4.7219
  89  0.932321  3.7383  4.4200 -0.1061  7.3307  5.5018  4.8789  4.7333  4.6972
  90  0.935570  3.7392  4.4150 -0.0956  7.2867  5.4702  4.8519  4.7078  4.6729
  91  0.938766  3.7402  4.4100 -0.0854  7.2438  5.4392  4.8254  4.6827  4.6491
  92  0.941910  3.7411  4.4048 -0.0753  7.2022  5.4089  4.7993  4.6581  4.6255
  93  0.944995  3.7419  4.3998 -0.0654  7.1616  5.3791  4.7737  4.6339  4.6024
  94  0.948030  3.7427  4.3947 -0.0556  7.1221  5.3500  4.7486  4.6102  4.5796
  95  0.951017  3.7435  4.3896 -0.0460  7.0838  5.3216  4.7239  4.5868  4.5571
  96  0.953956  3.7442  4.3846 -0.0365  7.0464  5.2938  4.6996  4.5637  4.5351
  97  0.956860  3.7450  4.3795 -0.0272  7.0099  5.2664  4.6758  4.5410  4.5132
  98  0.959732  3.7457  4.3743 -0.0180  6.9744  5.2395  4.6523  4.5186  4.4917
  99  0.962588  3.7464  4.3692 -0.0089  6.9398  5.2132  4.6291  4.4965  4.4704
 100  0.965427  3.7470  4.3640  0.0001  6.9059  5.1872  4.6062  4.4746  4.4492
 101  0.968254  3.7476  4.3588  0.0090  6.8729  5.1616  4.5835  4.4529  4.4282
 102  0.971077  3.7482  4.3536  0.0178  6.8406  5.1365  4.5611  4.4314  4.4074
 103  0.973888  3.7488  4.3483  0.0265  6.8091  5.1118  4.5389  4.4101  4.3868
 104  0.976682  3.7493  4.3430  0.0351  6.7785  5.0874  4.5171  4.3891  4.3665
 105  0.979449  3.7497  4.3377  0.0436  6.7487  5.0636  4.4956  4.3683  4.3462
 106  0.982163  3.7502  4.3323  0.0520  6.7198  5.0402  4.4744  4.3479  4.3263
 107  0.984812  3.7506  4.3270  0.0602  6.6917  5.0173  4.4536  4.3277  4.3067
 108  0.987375  3.7510  4.3217  0.0683  6.6644  4.9949  4.4332  4.3079  4.2874
 109  0.989829  3.7514  4.3164  0.0762  6.6379  4.9730  4.4132  4.2885  4.2685
 110  0.992170  3.7518  4.3113  0.0840  6.6117  4.9515  4.3936  4.2695  4.2500
 111  0.994424  3.7522  4.3062  0.0915  6.5863  4.9305  4.3744  4.2510  4.2320
 112  0.996041  3.7524  4.3024  0.0971  6.5678  4.9152  4.3604  4.2374  4.2186
 113  0.997618  3.7527  4.2986  0.1026  6.5496  4.9000  4.3464  4.2239  4.2054
 114  0.999161  3.7530  4.2948  0.1082  6.5317  4.8850  4.3326  4.2104  4.1922
 115  1.000671  3.7532  4.2909  0.1136  6.5142  4.8701  4.3189  4.1970  4.1791
 116  1.002155  3.7534  4.2869  0.1190  6.4970  4.8555  4.3053  4.1837  4.1661
 117  1.003619  3.7536  4.2829  0.1244  6.4803  4.8409  4.2917  4.1704  4.1530
 118  1.005072  3.7538  4.2789  0.1298  6.4635  4.8265  4.2782  4.1571  4.1400
 119  1.006524  3.7540  4.2748  0.1352  6.4470  4.8120  4.2646  4.1440  4.1270
 120  1.007980  3.7541  4.2707  0.1406  6.4307  4.7977  4.2511  4.1306  4.1139
 121  1.009451  3.7543  4.2665  0.1461  6.4145  4.7833  4.2375  4.1173  4.1007
 122  1.010934  3.7545  4.2624  0.1516  6.3979  4.7687  4.2238  4.1038  4.0875
 123  1.012368  3.7547  4.2583  0.1571  6.3806  4.7538  4.2098  4.0902  4.0741
 124  1.013802  3.7549  4.2542  0.1627  6.3632  4.7387  4.1959  4.0765  4.0607
 125  1.015249  3.7550  4.2500  0.1682  6.3456  4.7236  4.1818  4.0628  4.0472
 126  1.016715  3.7553  4.2457  0.1740  6.3282  4.7085  4.1675  4.0489  4.0335
 127  1.018205  3.7555  4.2414  0.1797  6.3106  4.6932  4.1532  4.0348  4.0196
 128  1.019723  3.7556  4.2370  0.1855  6.2928  4.6776  4.1386  4.0206  4.0056
 129  1.021281  3.7559  4.2325  0.1914  6.2749  4.6619  4.1238  4.0060  3.9912
 130  1.022876  3.7560  4.2277  0.1975  6.2572  4.6459  4.1087  3.9911  3.9765
 131  1.024503  3.7561  4.2228  0.2036  6.2394  4.6298  4.0933  3.9759  3.9615
 132  1.026163  3.7562  4.2178  0.2099  6.2212  4.6134  4.0776  3.9605  3.9462
 133  1.027855  3.7564  4.2125  0.2163  6.2029  4.5967  4.0616  3.9446  3.9305
 134  1.029580  3.7565  4.2071  0.2228  6.1848  4.5798  4.0452  3.9284  3.9144
 135  1.031334  3.7565  4.2014  0.2295  6.1664  4.5626  4.0285  3.9118  3.8978
 136  1.033113  3.7566  4.1956  0.2363  6.1479  4.5451  4.0115  3.8949  3.8809
 137  1.034917  3.7567  4.1895  0.2433  6.1297  4.5274  3.9941  3.8775  3.8636
 138  1.036738  3.7566  4.1832  0.2504  6.1115  4.5096  3.9764  3.8598  3.8459
 139  1.038579  3.7566  4.1765  0.2576  6.0936  4.4916  3.9584  3.8418  3.8278
 140  1.040439  3.7566  4.1696  0.2650  6.0758  4.4733  3.9400  3.8233  3.8092
 141  1.042310  3.7564  4.1625  0.2726  6.0581  4.4549  3.9214  3.8045  3.7903
 142  1.044181  3.7563  4.1552  0.2801  6.0407  4.4365  3.9025  3.7854  3.7711
 143  1.046048  3.7561  4.1475  0.2878  6.0244  4.4182  3.8836  3.7663  3.7516
 144  1.047892  3.7559  4.1398  0.2954  6.0081  4.3999  3.8647  3.7470  3.7321
 145  1.049717  3.7556  4.1318  0.3030  5.9929  4.3821  3.8459  3.7277  3.7125
 146  1.051516  3.7553  4.1238  0.3106  5.9781  4.3645  3.8271  3.7085  3.6929
 147  1.053289  3.7549  4.1154  0.3182  5.9650  4.3475  3.8086  3.6894  3.6733
 148  1.055035  3.7545  4.1069  0.3256  5.9526  4.3309  3.7904  3.6704  3.6538
 149  1.056754  3.7540  4.0984  0.3329  5.9414  4.3150  3.7724  3.6516  3.6344
 150  1.058449  3.7534  4.0895  0.3402  5.9317  4.2996  3.7548  3.6331  3.6151
 151  1.060123  3.7528  4.0804  0.3473  5.9237  4.2850  3.7375  3.6148  3.5959
 152  1.061782  3.7520  4.0712  0.3543  5.9171  4.2711  3.7205  3.5967  3.5769
 153  1.063427  3.7512  4.0616  0.3611  5.9130  4.2583  3.7041  3.5789  3.5580
 154  1.065069  3.7502  4.0517  0.3679  5.9111  4.2465  3.6882  3.5614  3.5392
 155  1.066716  3.7490  4.0412  0.3744  5.9128  4.2359  3.6728  3.5442  3.5206
 156  1.068378  3.7477  4.0303  0.3807  5.9186  4.2269  3.6582  3.5275  3.5022
 157  1.070073  3.7460  4.0183  0.3867  5.9309  4.2201  3.6447  3.5113  3.4841
 158  1.071814  3.7440  4.0053  0.3922  5.9516  4.2168  3.6328  3.4962  3.4663
 159  1.073605  3.7414  3.9908  0.3969  5.9845  4.2191  3.6236  3.4829  3.4498
 160  1.075366  3.7381  3.9752  0.4000  6.0327  4.2299  3.6195  3.4733  3.4357
 161  1.076900  3.7343  3.9601  0.4008  6.0947  4.2497  3.6219  3.4692  3.4268
 162  1.078098  3.7307  3.9475  0.3995  6.1621  4.2746  3.6299  3.4710  3.4238
 163  1.079274  3.7265  3.9333  0.3971  6.2456  4.3068  3.6423  3.4760  3.4230
 164  1.080428  3.7215  3.9173  0.3935  6.3465  4.3471  3.6593  3.4843  3.4246
 165  1.081574  3.7159  3.8989  0.3901  6.4618  4.3928  3.6783  3.4933  3.4258
 166  1.082726  3.7099  3.8766  0.3888  6.5832  4.4377  3.6943  3.4981  3.4219
 167  1.083873  3.7041  3.8504  0.3923  6.6916  4.4711  3.6996  3.4922  3.4076
 168  1.084953  3.6992  3.8219  0.4017  6.7653  4.4843  3.6890  3.4719  3.3799
 169  1.085906  3.6956  3.7939  0.4157  6.8023  4.4774  3.6642  3.4398  3.3423
 170  1.086737  3.6930  3.7673  0.4322  6.8132  4.4568  3.6305  3.4008  3.2992
 171  1.087486  3.6911  3.7422  0.4501  6.8069  4.4278  3.5921  3.3582  3.2536
 172  1.088179  3.6896  3.7180  0.4685  6.7901  4.3937  3.5506  3.3137  3.2066
 173  1.088832  3.6884  3.6948  0.4873  6.7661  4.3560  3.5073  3.2678  3.1588
 174  1.089455  3.6875  3.6720  0.5065  6.7371  4.3159  3.4627  3.2211  3.1105
 175  1.090053  3.6867  3.6497  0.5258  6.7047  4.2740  3.4172  3.1738  3.0619
 176  1.090635  3.6860  3.6278  0.5452  6.6692  4.2307  3.3710  3.1261  3.0129
 177  1.091200  3.6854  3.6060  0.5648  6.6320  4.1866  3.3242  3.0780  2.9639
 178  1.091750  3.6849  3.5844  0.5844  6.5937  4.1417  3.2770  3.0297  2.9145
 179  1.092288  3.6843  3.5629  0.6042  6.5541  4.0961  3.2295  2.9811  2.8650
 180  1.092814  3.6839  3.5416  0.6239  6.5133  4.0499  3.1816  2.9322  2.8154
 181  1.093329  3.6835  3.5202  0.6438  6.4723  4.0036  3.1335  2.8832  2.7656
 182  1.093710  3.6832  3.5041  0.6588  6.4408  3.9682  3.0971  2.8461  2.7279
 183  1.094091  3.6828  3.4878  0.6741  6.4091  3.9325  3.0601  2.8084  2.6897
 184  1.094472  3.6826  3.4710  0.6897  6.3764  3.8958  3.0223  2.7698  2.6506
 185  1.094852  3.6822  3.4541  0.7054  6.3438  3.8590  2.9840  2.7309  2.6110
 186  1.095230  3.6818  3.4363  0.7219  6.3107  3.8209  2.9444  2.6904  2.5699
 187  1.095609  3.6814  3.4184  0.7384  6.2769  3.7824  2.9044  2.6496  2.5284
 188  1.095985  3.6811  3.3999  0.7554  6.2426  3.7429  2.8633  2.6076  2.4857
 189  1.096360  3.6807  3.3810  0.7729  6.2074  3.7023  2.8210  2.5644  2.4418
 190  1.096728  3.6802  3.3608  0.7914  6.1714  3.6600  2.7766  2.5190  2.3955
 191  1.097093  3.6797  3.3397  0.8107  6.1338  3.6157  2.7303  2.4715  2.3471
 192  1.097451  3.6791  3.3176  0.8309  6.0949  3.5695  2.6817  2.4218  2.2964
 193  1.097801  3.6786  3.2942  0.8521  6.0546  3.5213  2.6309  2.3696  2.2433
 194  1.098147  3.6780  3.2702  0.8738  6.0135  3.4719  2.5787  2.3161  2.1888
 195  1.098485  3.6773  3.2449  0.8966  5.9717  3.4205  2.5244  2.2603  2.1318
 196  1.098817  3.6766  3.2189  0.9199  5.9294  3.3681  2.4687  2.2029  2.0731
 197  1.099141  3.6759  3.1918  0.9441  5.8864  3.3142  2.4111  2.1435  2.0124
 198  1.099457  3.6750  3.1636  0.9690  5.8431  3.2589  2.3519  2.0825  1.9499
 199  1.099767  3.6742  3.1347  0.9946  5.7995  3.2027  2.2915  2.0199  1.8858
 200  1.100066  3.6732  3.1045  1.0211  5.7553  3.1447  2.2289  1.9551  1.8194
 201  1.100358  3.6722  3.0737  1.0481  5.7111  3.0859  2.1653  1.8891  1.7516
 202  1.100640  3.6712  3.0419  1.0758  5.6668  3.0260  2.1002  1.8215  1.6822
 203  1.100913  3.6701  3.0092  1.1043  5.6222  2.9649  2.0336  1.7522  1.6110
 204  1.101176  3.6689  2.9755  1.1332  5.5790  2.9035  1.9659  1.6817  1.5383
 205  1.101429  3.6676  2.9408  1.1628  5.5363  2.8412  1.8971  1.6098  1.4640
 206  1.101673  3.6662  2.9055  1.1930  5.4941  2.7784  1.8273  1.5366  1.3885
 207  1.101907  3.6649  2.8692  1.2238  5.4520  2.7147  1.7563  1.4621  1.3115
 208  1.102130  3.6634  2.8322  1.2550  5.4107  2.6505  1.6847  1.3867  1.2335
 209  1.102344  3.6619  2.7945  1.2867  5.3699  2.5859  1.6122  1.3104  1.1543
 210  1.102550  3.6603  2.7563  1.3186  5.3300  2.5212  1.5392  1.2333  1.0743
 211  1.102747  3.6587  2.7176  1.3510  5.2910  2.4562  1.4658  1.1555  0.9935
 212  1.102933  3.6570  2.6784  1.3836  5.2526  2.3911  1.3920  1.0773  0.9123
 213  1.103103  3.6550  2.6317  1.4221  5.2106  2.3169  1.3072  0.9860  0.8164
 214  1.103340  3.6528  2.5831  1.4622  5.1669  2.2400  1.2193  0.8911  0.7169
 215  1.103569  3.6529  2.5781  1.4675  5.1523  2.2244  1.2039  0.8768  0.7033
 216  1.103780  3.6538  2.5961  1.4532  5.1644  2.2492  1.2327  0.9097  0.7386
 217  1.103808  3.6538  2.5948  1.4544  5.1619  2.2462  1.2297  0.9067  0.7356
 218  1.103834  3.6537  2.5933  1.4559  5.1591  2.2427  1.2260  0.9029  0.7319
 219  1.103861  3.6537  2.5917  1.4573  5.1564  2.2393  1.2224  0.8994  0.7283
 220  1.103891  3.6537  2.5899  1.4591  5.1529  2.2351  1.2181  0.8950  0.7239
 221  1.103924  3.6536  2.5870  1.4617  5.1493  2.2297  1.2122  0.8889  0.7176
 222  1.103957  3.6535  2.5837  1.4644  5.1460  2.2243  1.2061  0.8823  0.7108
 223  1.103988  3.6533  2.5807  1.4670  5.1431  2.2193  1.2003  0.8762  0.7044
 224  1.104015  3.6532  2.5778  1.4694  5.1405  2.2147  1.1951  0.8706  0.6986
 225  1.104041  3.6531  2.5752  1.4716  5.1380  2.2102  1.1900  0.8652  0.6929
 226  1.104064  3.6530  2.5725  1.4739  5.1355  2.2059  1.1852  0.8599  0.6874
 227  1.104351  3.6527  2.5610  1.4843  5.1203  2.1848  1.1624  0.8352  0.6616
 228  1.104638  3.6492  2.4854  1.5459  5.0611  2.0684  1.0272  0.6895  0.5087
 229  1.104888  3.6455  2.4075  1.6089  5.0047  1.9518  0.8907  0.5412  0.3524
 230  1.105105  3.6418  2.3324  1.6694  4.9542  1.8427  0.7619  0.3999  0.2028
 231  1.105297  3.6380  2.2568  1.7298  4.9063  1.7354  0.6348  0.2592  0.0531
 232  1.105462  3.6343  2.1842  1.7877  4.8633  1.6352  0.5155  0.1257 -0.0898
 233  1.105607  3.6306  2.1139  1.8434  4.8237  1.5406  0.4026 -0.0019 -0.2270
 234  1.105735  3.6270  2.0445  1.8982  4.7860  1.4492  0.2935 -0.1267 -0.3620
 235  1.105849  3.6233  1.9767  1.9513  4.7520  1.3637  0.1913 -0.2462 -0.4925
 236  1.105949  3.6195  1.9095  2.0037  4.7202  1.2824  0.0938 -0.3627 -0.6211
 237  1.106038  3.6158  1.8438  2.0545  4.6905  1.2063  0.0025 -0.4746 -0.7458
 238  1.106118  3.6120  1.7787  2.1047  4.6612  1.1335 -0.0842 -0.5840 -0.8689
 239  1.106189  3.6084  1.7154  2.1533  4.6336  1.0654 -0.1646 -0.6887 -0.9882
 240  1.106253  3.6047  1.6529  2.2012  4.6063  1.0010 -0.2396 -0.7906 -1.1056
 241  1.106310  3.6011  1.5915  2.2480  4.5783  0.9409 -0.3089 -0.8889 -1.2202
 242  1.106361  3.5975  1.5317  2.2935  4.5495  0.8852 -0.3720 -0.9829 -1.3312
 243  1.106408  3.5940  1.4726  2.3383  4.5207  0.8342 -0.4281 -1.0737 -1.4403
 244  1.106449  3.5903  1.4146  2.3820  4.4944  0.7887 -0.4759 -1.1605 -1.5468
 245  1.106488  3.5868  1.3578  2.4246  4.4693  0.7482 -0.5148 -1.2431 -1.6507
 246  1.106522  3.5833  1.3023  2.4662  4.4442  0.7124 -0.5464 -1.3219 -1.7515
 247  1.106554  3.5798  1.2479  2.5067  4.4176  0.6817 -0.5698 -1.3970 -1.8496
 248  1.106582  3.5764  1.1945  2.5466  4.3909  0.6562 -0.5848 -1.4688 -1.9453
 249  1.106608  3.5731  1.1421  2.5855  4.3658  0.6373 -0.5920 -1.5363 -2.0381
 250  1.106632  3.5697  1.0909  2.6233  4.3431  0.6234 -0.5951 -1.5996 -2.1274
 251  1.106654  3.5664  1.0409  2.6603  4.3250  0.6164 -0.5951 -1.6586 -2.2132
 252  1.106674  3.5631  0.9914  2.6966  4.3097  0.6187 -0.5868 -1.7127 -2.2953
 253  1.106693  3.5599  0.9431  2.7318  4.2946  0.6310 -0.5646 -1.7607 -2.3732
 254  1.106710  3.5566  0.8958  2.7663  4.2777  0.6536 -0.5225 -1.8038 -2.4480
 255  1.106726  3.5535  0.8492  2.8000  4.2537  0.6978 -0.4356 -1.8372 -2.5187
 256  1.106741  3.5503  0.8039  2.8328  4.2256  0.7491 -0.3357 -1.8644 -2.5846
 257  1.106754  3.5472  0.7595  2.8647  4.1965  0.8116 -0.2225 -1.8834 -2.6452
 258  1.106767  3.5441  0.7157  2.8960  4.1676  0.8869 -0.1007 -1.8934 -2.6998
 259  1.106779  3.5411  0.6731  2.9266  4.1427  0.9813  0.0216 -1.8875 -2.7435
 260  1.106790  3.5381  0.6313  2.9563  4.1188  1.0855  0.1455 -1.8732 -2.7807
 261  1.106800  3.5351  0.5904  2.9854  4.0963  1.1966  0.2685 -1.8521 -2.8123
 262  1.106810  3.5322  0.5502  3.0138  4.0735  1.3141  0.3949 -1.8250 -2.8393
 263  1.106819  3.5292  0.5106  3.0417  4.0548  1.4157  0.4923 -1.8016 -2.8648
 264  1.106827  3.5264  0.4721  3.0687  4.0406  1.5046  0.5659 -1.7814 -2.8886
 265  1.106835  3.5236  0.4343  3.0952  4.0294  1.5954  0.6379 -1.7572 -2.9089
 266  1.106843  3.5207  0.3973  3.1211  4.0213  1.6879  0.7083 -1.7296 -2.9256
 267  1.106850  3.5180  0.3611  3.1463  4.0174  1.7824  0.7713 -1.6971 -2.9367
 268  1.106856  3.5152  0.3252  3.1710  4.0137  1.8751  0.8327 -1.6621 -2.9440
 269  1.106863  3.5124  0.2901  3.1951  4.0108  1.9597  0.8814 -1.6294 -2.9504
 270  1.106869  3.5098  0.2558  3.2187  4.0080  2.0336  0.9152 -1.6013 -2.9575
 271  1.106875  3.5071  0.2224  3.2416  4.0071  2.0974  0.9329 -1.5775 -2.9648
 272  1.106880  3.5045  0.1893  3.2641  4.0108  2.1514  0.9313 -1.5585 -2.9730
 273  1.106885  3.5018  0.1568  3.2861  4.0171  2.2050  0.9283 -1.5408 -2.9816
 274  1.106890  3.4993  0.1251  3.3075  4.0236  2.2506  0.9190 -1.5272 -2.9918
 275  1.106895  3.4968  0.0941  3.3284  4.0311  2.2923  0.9063 -1.5156 -3.0022
 276  1.106899  3.4943  0.0640  3.3488  4.0398  2.3299  0.8910 -1.5062 -3.0131
 277  1.106903  3.4919  0.0344  3.3685  3.9864  2.3376  0.8587 -1.5081 -3.0290
 278  1.106907  3.4895  0.0063  3.3873  4.0363  2.3826  0.8540 -1.4951 -3.0365
 279  1.106894  3.4875 -0.0171  3.4026  4.0825  2.4201  0.8471 -1.4836 -3.0408
