#NUMBER OF AGES= 1
#----------------------------------------------------       
#MIX-LEN  Y      Z          Zeff        [Fe/H] [a/Fe]
# 1.9380  0.2846 2.4865E-02 2.4865E-02   0.20   0.00 
#----------------------------------------------------       
#**PHOTOMETRIC SYSTEM**: SDSS (AB)                          
#----------------------------------------------------       
#AGE= 9.500 EEPS=268
#EEP   M/Mo    LogTeff  LogG   LogL/Lo sdss_u  sdss_g  sdss_r  sdss_i  sdss_z
  12  0.119140  3.5006  5.2170 -2.7473 17.7992 14.7508 13.2587 11.9491 11.1910
  13  0.142078  3.5008  5.1461 -2.5993 17.3737 14.3705 12.8875 11.5808 10.8228
  14  0.169900  3.5032  5.0876 -2.4531 16.9066 13.9575 12.4896 11.2031 10.4552
  15  0.194472  3.5072  5.0521 -2.3433 16.5171 13.6151 12.1647 10.9073 10.1756
  16  0.213009  3.5097  5.0268 -2.2681 16.2562 13.3839 11.9455 10.7062  9.9847
  17  0.229265  3.5119  5.0066 -2.2069 16.0436 13.1947 11.7663 10.5422  9.8294
  18  0.244977  3.5141  4.9887 -2.1517 15.8529 13.0235 11.6047 10.3939  9.6893
  19  0.262942  3.5164  4.9702 -2.0931 15.6522 12.8420 11.4335 10.2367  9.5408
  20  0.283291  3.5191  4.9511 -2.0310 15.4397 12.6487 11.2515 10.0698  9.3835
  21  0.298407  3.5209  4.9378 -1.9880 15.2949 12.5161 11.1267  9.9549  9.2751
  22  0.306669  3.5219  4.9315 -1.9660 15.2203 12.4474 11.0621  9.8958  9.2196
  23  0.312716  3.5226  4.9263 -1.9496 15.1656 12.3971 11.0146  9.8520  9.1782
  24  0.317055  3.5230  4.9222 -1.9375 15.1257 12.3603 10.9800  9.8198  9.1478
  25  0.319953  3.5231  4.9210 -1.9323 15.1121 12.3470 10.9669  9.8069  9.1350
  26  0.322572  3.5237  4.9193 -1.9246 15.0812 12.3190 10.9412  9.7847  9.1151
  27  0.324831  3.5239  4.9152 -1.9164 15.0555 12.2956 10.9192  9.7637  9.0949
  28  0.326874  3.5243  4.9160 -1.9134 15.0430 12.2836 10.9081  9.7544  9.0868
  29  0.329636  3.5245  4.9134 -1.9058 15.0184 12.2609 10.8866  9.7346  9.0680
  30  0.333100  3.5249  4.9116 -1.8979 14.9909 12.2354 10.8626  9.7129  9.0477
  31  0.338877  3.5257  4.9083 -1.8845 14.9459 12.1935 10.8232  9.6770  9.0141
  32  0.383379  3.5326  4.8733 -1.7701 14.5514 11.8216 10.4718  9.3655  8.7282
  33  0.475339  3.5488  4.7962 -1.5303 13.7309 11.0434  9.7522  8.7101  8.1267
  34  0.482081  3.5515  4.7883 -1.5080 13.6584 10.9605  9.6694  8.6447  8.0733
  35  0.499302  3.5562  4.7725 -1.4581 13.4899 10.7872  9.5045  8.5035  7.9500
  36  0.513523  3.5604  4.7593 -1.4160 13.3485 10.6382  9.3614  8.3839  7.8468
  37  0.526000  3.5643  4.7480 -1.3786 13.2229 10.5028  9.2300  8.2772  7.7556
  38  0.537431  3.5680  4.7375 -1.3438 13.1067 10.3748  9.1049  8.1776  7.6712
  39  0.549144  3.5720  4.7268 -1.3079 12.9872 10.2414  8.9732  8.0741  7.5844
  40  0.562204  3.5765  4.7150 -1.2679 12.8545 10.0910  8.8239  7.9578  7.4877
  41  0.577252  3.5820  4.7017 -1.2212 12.6972  9.9111  8.6438  7.8206  7.3756
  42  0.593453  3.5883  4.6879 -1.1700 12.5193  9.7051  8.4353  7.6666  7.2531
  43  0.610153  3.5953  4.6746 -1.1166 12.3358  9.4870  8.2176  7.5056  7.1248
  44  0.626301  3.6024  4.6624 -1.0645 12.1572  9.2731  8.0077  7.3492  7.0000
  45  0.641506  3.6094  4.6515 -1.0154 11.9793  9.0662  7.8047  7.2006  6.8839
  46  0.655259  3.6158  4.6419 -0.9713 11.8153  8.8804  7.6254  7.0684  6.7806
  47  0.668809  3.6221  4.6328 -0.9279 11.6508  8.6994  7.4568  6.9409  6.6787
  48  0.682600  3.6288  4.6244 -0.8836 11.4636  8.5067  7.2824  6.8093  6.5735
  49  0.696825  3.6360  4.6162 -0.8378 11.2467  8.3032  7.1034  6.6730  6.4632
  50  0.710826  3.6432  4.6083 -0.7926 11.0147  8.1010  6.9310  6.5390  6.3524
  51  0.723654  3.6498  4.6012 -0.7513 10.7891  7.9169  6.7795  6.4181  6.2499
  52  0.731155  3.6536  4.5971 -0.7273 10.6531  7.8109  6.6944  6.3490  6.1900
  53  0.738391  3.6573  4.5931 -0.7044 10.5201  7.7101  6.6150  6.2836  6.1325
  54  0.745385  3.6608  4.5892 -0.6824 10.3901  7.6141  6.5403  6.2214  6.0773
  55  0.752157  3.6641  4.5853 -0.6612 10.2647  7.5226  6.4701  6.1622  6.0241
  56  0.758718  3.6673  4.5815 -0.6408 10.1427  7.4351  6.4033  6.1055  5.9727
  57  0.765082  3.6704  4.5777 -0.6209 10.0246  7.3509  6.3395  6.0509  5.9229
  58  0.771284  3.6734  4.5738 -0.6016  9.9100  7.2700  6.2783  5.9981  5.8744
  59  0.777339  3.6764  4.5699 -0.5825  9.7974  7.1912  6.2189  5.9465  5.8270
  60  0.783298  3.6793  4.5659 -0.5637  9.6865  7.1143  6.1609  5.8960  5.7803
  61  0.789214  3.6821  4.5619 -0.5450  9.5767  7.0385  6.1036  5.8459  5.7341
  62  0.795042  3.6849  4.5577 -0.5265  9.4691  6.9645  6.0475  5.7967  5.6887
  63  0.800789  3.6876  4.5535 -0.5082  9.3655  6.8924  5.9926  5.7483  5.6440
  64  0.806478  3.6903  4.5493 -0.4902  9.2649  6.8218  5.9389  5.7008  5.6001
  65  0.812104  3.6929  4.5449 -0.4723  9.1665  6.7530  5.8862  5.6540  5.5569
  66  0.817680  3.6955  4.5404 -0.4547  9.0691  6.6857  5.8345  5.6081  5.5146
  67  0.823207  3.6979  4.5359 -0.4373  8.9736  6.6203  5.7840  5.5629  5.4729
  68  0.828683  3.7003  4.5313 -0.4202  8.8803  6.5565  5.7347  5.5187  5.4319
  69  0.834085  3.7027  4.5266 -0.4034  8.7897  6.4947  5.6865  5.4754  5.3919
  70  0.839404  3.7049  4.5219 -0.3869  8.7018  6.4348  5.6396  5.4332  5.3528
  71  0.844638  3.7071  4.5172 -0.3706  8.6158  6.3764  5.5937  5.3917  5.3143
  72  0.849789  3.7093  4.5123 -0.3547  8.5316  6.3195  5.5487  5.3511  5.2767
  73  0.854835  3.7113  4.5074 -0.3390  8.4496  6.2642  5.5048  5.3113  5.2396
  74  0.859779  3.7133  4.5024 -0.3235  8.3697  6.2103  5.4619  5.2723  5.2034
  75  0.864611  3.7152  4.4974 -0.3084  8.2921  6.1580  5.4200  5.2341  5.1679
  76  0.869321  3.7170  4.4923 -0.2935  8.2168  6.1071  5.3791  5.1969  5.1332
  77  0.873925  3.7189  4.4872 -0.2789  8.1437  6.0578  5.3393  5.1603  5.0991
  78  0.878422  3.7206  4.4820 -0.2646  8.0725  6.0099  5.3003  5.1245  5.0657
  79  0.882812  3.7222  4.4767 -0.2506  8.0035  5.9635  5.2624  5.0895  5.0329
  80  0.887103  3.7239  4.4715 -0.2367  7.9366  5.9183  5.2252  5.0552  5.0007
  81  0.891297  3.7254  4.4662 -0.2233  7.8720  5.8744  5.1890  5.0216  4.9691
  82  0.895067  3.7268  4.4613 -0.2111  7.8142  5.8351  5.1564  4.9914  4.9406
  83  0.898768  3.7281  4.4564 -0.1992  7.7583  5.7967  5.1245  4.9617  4.9128
  84  0.902403  3.7293  4.4514 -0.1873  7.7039  5.7591  5.0932  4.9326  4.8853
  85  0.905976  3.7306  4.4464 -0.1757  7.6511  5.7223  5.0624  4.9040  4.8582
  86  0.909491  3.7318  4.4414 -0.1643  7.5998  5.6863  5.0323  4.8758  4.8315
  87  0.912947  3.7329  4.4364 -0.1531  7.5494  5.6511  5.0026  4.8481  4.8054
  88  0.916348  3.7340  4.4314 -0.1419  7.5005  5.6166  4.9736  4.8209  4.7795
  89  0.919697  3.7350  4.4262 -0.1310  7.4529  5.5829  4.9450  4.7941  4.7540
  90  0.922983  3.7361  4.4211 -0.1203  7.4066  5.5500  4.9169  4.7677  4.7289
  91  0.926211  3.7371  4.4160 -0.1097  7.3615  5.5177  4.8894  4.7418  4.7042
  92  0.929388  3.7380  4.4108 -0.0993  7.3177  5.4861  4.8624  4.7163  4.6799
  93  0.932504  3.7389  4.4057 -0.0890  7.2750  5.4552  4.8358  4.6912  4.6559
  94  0.935569  3.7398  4.4005 -0.0789  7.2334  5.4250  4.8098  4.6665  4.6324
  95  0.938584  3.7406  4.3954 -0.0690  7.1931  5.3953  4.7842  4.6423  4.6092
  96  0.941547  3.7415  4.3901 -0.0592  7.1539  5.3664  4.7591  4.6185  4.5863
  97  0.944471  3.7422  4.3850 -0.0496  7.1155  5.3379  4.7343  4.5950  4.5638
  98  0.947351  3.7430  4.3798 -0.0402  7.0783  5.3100  4.7100  4.5719  4.5416
  99  0.950198  3.7436  4.3747 -0.0308  7.0421  5.2827  4.6861  4.5492  4.5197
 100  0.953012  3.7444  4.3694 -0.0216  7.0067  5.2559  4.6626  4.5267  4.4981
 101  0.955796  3.7450  4.3642 -0.0126  6.9725  5.2296  4.6394  4.5046  4.4767
 102  0.958567  3.7456  4.3590 -0.0036  6.9390  5.2039  4.6166  4.4827  4.4556
 103  0.961327  3.7462  4.3537  0.0052  6.9064  5.1786  4.5940  4.4611  4.4347
 104  0.964081  3.7467  4.3483  0.0140  6.8747  5.1537  4.5718  4.4396  4.4139
 105  0.966821  3.7472  4.3429  0.0227  6.8436  5.1291  4.5497  4.4184  4.3933
 106  0.969530  3.7477  4.3375  0.0313  6.8134  5.1050  4.5279  4.3974  4.3729
 107  0.972194  3.7482  4.3321  0.0398  6.7839  5.0813  4.5065  4.3767  4.3527
 108  0.974792  3.7486  4.3266  0.0481  6.7553  5.0580  4.4854  4.3562  4.3328
 109  0.977296  3.7490  4.3212  0.0563  6.7272  5.0353  4.4646  4.3361  4.3132
 110  0.979691  3.7495  4.3159  0.0644  6.6996  5.0128  4.4442  4.3165  4.2940
 111  0.982006  3.7499  4.3106  0.0723  6.6727  4.9909  4.4241  4.2970  4.2751
 112  0.983640  3.7502  4.3068  0.0780  6.6536  4.9751  4.4098  4.2831  4.2615
 113  0.985271  3.7504  4.3029  0.0837  6.6345  4.9593  4.3954  4.2691  4.2478
 114  0.986900  3.7507  4.2989  0.0894  6.6154  4.9435  4.3808  4.2550  4.2340
 115  0.988522  3.7509  4.2948  0.0953  6.5965  4.9276  4.3662  4.2407  4.2200
 116  0.990136  3.7512  4.2907  0.1011  6.5776  4.9117  4.3515  4.2264  4.2061
 117  0.991742  3.7514  4.2865  0.1070  6.5589  4.8958  4.3367  4.2121  4.1920
 118  0.993341  3.7517  4.2822  0.1128  6.5401  4.8799  4.3220  4.1976  4.1778
 119  0.994914  3.7518  4.2780  0.1186  6.5216  4.8641  4.3073  4.1833  4.1637
 120  0.996454  3.7521  4.2737  0.1244  6.5038  4.8485  4.2927  4.1691  4.1498
 121  0.997969  3.7523  4.2693  0.1301  6.4862  4.8331  4.2783  4.1549  4.1358
 122  0.999460  3.7524  4.2650  0.1360  6.4685  4.8178  4.2639  4.1408  4.1219
 123  1.000897  3.7527  4.2606  0.1417  6.4504  4.8021  4.2492  4.1265  4.1078
 124  1.002330  3.7528  4.2563  0.1475  6.4324  4.7866  4.2348  4.1124  4.0939
 125  1.003757  3.7531  4.2520  0.1533  6.4146  4.7712  4.2204  4.0982  4.0801
 126  1.005179  3.7533  4.2476  0.1590  6.3972  4.7559  4.2060  4.0842  4.0662
 127  1.006602  3.7534  4.2432  0.1647  6.3798  4.7407  4.1917  4.0701  4.0524
 128  1.008025  3.7535  4.2387  0.1705  6.3626  4.7254  4.1773  4.0560  4.0385
 129  1.009457  3.7538  4.2342  0.1762  6.3453  4.7102  4.1628  4.0417  4.0244
 130  1.010899  3.7539  4.2296  0.1820  6.3285  4.6950  4.1484  4.0275  4.0103
 131  1.012353  3.7541  4.2249  0.1879  6.3118  4.6797  4.1338  4.0131  3.9960
 132  1.013820  3.7541  4.2200  0.1937  6.2948  4.6643  4.1190  3.9984  3.9815
 133  1.015306  3.7542  4.2151  0.1997  6.2781  4.6488  4.1041  3.9836  3.9669
 134  1.016810  3.7543  4.2101  0.2058  6.2614  4.6332  4.0890  3.9687  3.9520
 135  1.018335  3.7544  4.2049  0.2119  6.2445  4.6174  4.0736  3.9536  3.9369
 136  1.019879  3.7544  4.1996  0.2181  6.2276  4.6015  4.0581  3.9381  3.9216
 137  1.021445  3.7545  4.1940  0.2244  6.2109  4.5854  4.0424  3.9224  3.9059
 138  1.023029  3.7545  4.1883  0.2308  6.1943  4.5692  4.0264  3.9064  3.8899
 139  1.024634  3.7544  4.1824  0.2373  6.1778  4.5529  4.0101  3.8902  3.8736
 140  1.026256  3.7544  4.1764  0.2440  6.1614  4.5364  3.9937  3.8737  3.8571
 141  1.027893  3.7543  4.1701  0.2506  6.1451  4.5198  3.9771  3.8570  3.8402
 142  1.029541  3.7543  4.1637  0.2574  6.1289  4.5031  3.9601  3.8399  3.8231
 143  1.031206  3.7541  4.1569  0.2643  6.1135  4.4865  3.9431  3.8226  3.8055
 144  1.032875  3.7540  4.1501  0.2713  6.0979  4.4696  3.9257  3.8051  3.7879
 145  1.034552  3.7538  4.1428  0.2783  6.0833  4.4530  3.9083  3.7873  3.7698
 146  1.036233  3.7535  4.1353  0.2855  6.0689  4.4363  3.8907  3.7693  3.7514
 147  1.037918  3.7532  4.1275  0.2927  6.0558  4.4199  3.8730  3.7511  3.7328
 148  1.039606  3.7528  4.1195  0.2999  6.0431  4.4036  3.8553  3.7327  3.7140
 149  1.041293  3.7524  4.1111  0.3073  6.0315  4.3876  3.8374  3.7141  3.6948
 150  1.042979  3.7518  4.1024  0.3146  6.0211  4.3718  3.8196  3.6955  3.6755
 151  1.044658  3.7512  4.0934  0.3218  6.0121  4.3566  3.8019  3.6768  3.6561
 152  1.046335  3.7505  4.0840  0.3291  6.0044  4.3420  3.7844  3.6582  3.6366
 153  1.048007  3.7497  4.0742  0.3363  5.9993  4.3281  3.7672  3.6397  3.6169
 154  1.049682  3.7487  4.0640  0.3434  5.9965  4.3150  3.7502  3.6212  3.5974
 155  1.051364  3.7476  4.0533  0.3503  5.9971  4.3032  3.7338  3.6030  3.5777
 156  1.053069  3.7463  4.0419  0.3571  6.0016  4.2927  3.7179  3.5851  3.5582
 157  1.054809  3.7447  4.0296  0.3637  6.0124  4.2845  3.7030  3.5677  3.5387
 158  1.056599  3.7427  4.0160  0.3699  6.0316  4.2797  3.6897  3.5510  3.5195
 159  1.058453  3.7400  4.0007  0.3752  6.0630  4.2810  3.6790  3.5360  3.5011
 160  1.060304  3.7366  3.9840  0.3790  6.1119  4.2912  3.6735  3.5246  3.4852
 161  1.061944  3.7326  3.9673  0.3805  6.1784  4.3114  3.6750  3.5193  3.4745
 162  1.063157  3.7289  3.9540  0.3793  6.2480  4.3368  3.6830  3.5208  3.4710
 163  1.064348  3.7244  3.9387  0.3773  6.3347  4.3697  3.6950  3.5251  3.4693
 164  1.065519  3.7191  3.9213  0.3743  6.4403  4.4110  3.7117  3.5325  3.4695
 165  1.066683  3.7132  3.9005  0.3719  6.5601  4.4569  3.7294  3.5394  3.4683
 166  1.067851  3.7070  3.8754  0.3726  6.6821  4.4991  3.7415  3.5397  3.4596
 167  1.068980  3.7014  3.8466  0.3792  6.7795  4.5244  3.7393  3.5264  3.4379
 168  1.069999  3.6969  3.8169  0.3916  6.8366  4.5274  3.7205  3.4988  3.4034
 169  1.070886  3.6938  3.7885  0.4076  6.8605  4.5126  3.6897  3.4615  3.3611
 170  1.071674  3.6915  3.7618  0.4255  6.8619  4.4867  3.6522  3.4191  3.3151
 171  1.072395  3.6897  3.7363  0.4443  6.8493  4.4538  3.6107  3.3739  3.2670
 172  1.073069  3.6884  3.7118  0.4637  6.8277  4.4163  3.5667  3.3269  3.2179
 173  1.073707  3.6873  3.6880  0.4834  6.7998  4.3758  3.5210  3.2789  3.1682
 174  1.074320  3.6864  3.6649  0.5032  6.7673  4.3331  3.4742  3.2303  3.1180
 175  1.074911  3.6857  3.6420  0.5233  6.7318  4.2889  3.4266  3.1811  3.0675
 176  1.075488  3.6851  3.6196  0.5435  6.6938  4.2435  3.3786  3.1315  3.0169
 177  1.076050  3.6845  3.5973  0.5637  6.6546  4.1974  3.3301  3.0819  2.9662
 178  1.076595  3.6839  3.5752  0.5840  6.6143  4.1507  3.2813  3.0319  2.9153
 179  1.077128  3.6835  3.5533  0.6042  6.5727  4.1035  3.2322  2.9818  2.8644
 180  1.077649  3.6830  3.5314  0.6246  6.5303  4.0557  3.1828  2.9315  2.8133
 181  1.078157  3.6827  3.5096  0.6451  6.4875  4.0077  3.1334  2.8811  2.7622
 182  1.078511  3.6824  3.4939  0.6597  6.4564  3.9731  3.0977  2.8449  2.7255
 183  1.078865  3.6821  3.4780  0.6745  6.4253  3.9383  3.0617  2.8082  2.6882
 184  1.079218  3.6818  3.4618  0.6897  6.3934  3.9025  3.0249  2.7707  2.6502
 185  1.079571  3.6815  3.4453  0.7051  6.3617  3.8667  2.9877  2.7328  2.6118
 186  1.079922  3.6810  3.4279  0.7211  6.3296  3.8295  2.9490  2.6932  2.5714
 187  1.080273  3.6807  3.4102  0.7375  6.2962  3.7915  2.9096  2.6530  2.5305
 188  1.080621  3.6803  3.3918  0.7545  6.2622  3.7522  2.8685  2.6111  2.4879
 189  1.080967  3.6799  3.3729  0.7719  6.2270  3.7118  2.8264  2.5681  2.4441
 190  1.081308  3.6794  3.3526  0.7905  6.1909  3.6693  2.7817  2.5224  2.3976
 191  1.081644  3.6789  3.3314  0.8098  6.1533  3.6249  2.7353  2.4748  2.3492
 192  1.081974  3.6784  3.3092  0.8300  6.1146  3.5787  2.6868  2.4250  2.2984
 193  1.082300  3.6779  3.2859  0.8511  6.0745  3.5307  2.6362  2.3731  2.2456
 194  1.082619  3.6772  3.2619  0.8728  6.0335  3.4813  2.5841  2.3196  2.1910
 195  1.082931  3.6766  3.2367  0.8956  5.9917  3.4300  2.5297  2.2638  2.1340
 196  1.083239  3.6759  3.2107  0.9189  5.9496  3.3778  2.4741  2.2066  2.0756
 197  1.083538  3.6751  3.1836  0.9431  5.9067  3.3239  2.4167  2.1473  2.0149
 198  1.083831  3.6743  3.1555  0.9679  5.8637  3.2689  2.3577  2.0863  1.9525
 199  1.084118  3.6734  3.1266  0.9934  5.8203  3.2128  2.2974  2.0241  1.8886
 200  1.084395  3.6724  3.0965  1.0198  5.7764  3.1551  2.2351  1.9595  1.8224
 201  1.084665  3.6715  3.0658  1.0467  5.7324  3.0966  2.1718  1.8938  1.7549
 202  1.084928  3.6704  3.0341  1.0743  5.6884  3.0370  2.1070  1.8265  1.6858
 203  1.085181  3.6693  3.0015  1.1026  5.6444  2.9762  2.0407  1.7574  1.6148
 204  1.085425  3.6681  2.9679  1.1314  5.6016  2.9153  1.9735  1.6874  1.5426
 205  1.085661  3.6668  2.9335  1.1609  5.5592  2.8534  1.9051  1.6158  1.4688
 206  1.085888  3.6655  2.8983  1.1909  5.5173  2.7909  1.8357  1.5431  1.3937
 207  1.086105  3.6641  2.8623  1.2215  5.4756  2.7277  1.7652  1.4691  1.3172
 208  1.086314  3.6627  2.8255  1.2525  5.4347  2.6641  1.6942  1.3943  1.2397
 209  1.086513  3.6612  2.7881  1.2840  5.3941  2.5999  1.6222  1.3184  1.1610
 210  1.086705  3.6596  2.7501  1.3157  5.3545  2.5356  1.5497  1.2419  1.0816
 211  1.086890  3.6580  2.7115  1.3480  5.3156  2.4709  1.4767  1.1645  1.0012
 212  1.087064  3.6563  2.6717  1.3811  5.2770  2.4053  1.4023  1.0852  0.9187
 213  1.087233  3.6542  2.6249  1.4198  5.2340  2.3305  1.3169  0.9934  0.8225
 214  1.087473  3.6524  2.5823  1.4552  5.1938  2.2616  1.2387  0.9094  0.7344
 215  1.087675  3.6532  2.5935  1.4472  5.1940  2.2718  1.2525  0.9268  0.7541
 216  1.087878  3.6540  2.6065  1.4374  5.1977  2.2862  1.2706  0.9485  0.7781
 217  1.087910  3.6539  2.6026  1.4407  5.1934  2.2795  1.2632  0.9406  0.7699
 218  1.087940  3.6537  2.5985  1.4443  5.1889  2.2723  1.2551  0.9321  0.7611
 219  1.087968  3.6536  2.5946  1.4475  5.1848  2.2657  1.2478  0.9243  0.7530
 220  1.087997  3.6534  2.5912  1.4505  5.1808  2.2597  1.2412  0.9173  0.7458
 221  1.088025  3.6533  2.5880  1.4532  5.1775  2.2543  1.2350  0.9108  0.7389
 222  1.088054  3.6532  2.5850  1.4557  5.1746  2.2494  1.2295  0.9048  0.7327
 223  1.088082  3.6531  2.5824  1.4579  5.1720  2.2450  1.2245  0.8995  0.7272
 224  1.088108  3.6530  2.5799  1.4600  5.1698  2.2410  1.2200  0.8946  0.7221
 225  1.088133  3.6529  2.5776  1.4620  5.1676  2.2373  1.2157  0.8899  0.7171
 226  1.088155  3.6528  2.5753  1.4638  5.1657  2.2337  1.2116  0.8855  0.7125
 227  1.088432  3.6520  2.5539  1.4823  5.1431  2.1974  1.1712  0.8419  0.6669
 228  1.088700  3.6484  2.4760  1.5458  5.0814  2.0772  1.0317  0.6916  0.5092
 229  1.088934  3.6447  2.3987  1.6085  5.0258  1.9618  0.8965  0.5444  0.3540
 230  1.089137  3.6410  2.3229  1.6694  4.9746  1.8518  0.7669  0.4021  0.2031
 231  1.089316  3.6372  2.2475  1.7297  4.9267  1.7450  0.6403  0.2617  0.0537
 232  1.089471  3.6335  2.1752  1.7874  4.8838  1.6454  0.5217  0.1288 -0.0885
 233  1.089605  3.6299  2.1057  1.8425  4.8443  1.5519  0.4102  0.0028 -0.2243
 234  1.089726  3.6262  2.0359  1.8975  4.8065  1.4605  0.3011 -0.1224 -0.3598
 235  1.089832  3.6225  1.9679  1.9508  4.7720  1.3750  0.1991 -0.2420 -0.4907
 236  1.089926  3.6188  1.9011  2.0027  4.7405  1.2946  0.1027 -0.3575 -0.6183
 237  1.090010  3.6150  1.8347  2.0541  4.7101  1.2180  0.0111 -0.4705 -0.7444
 238  1.090084  3.6113  1.7701  2.1040  4.6809  1.1460 -0.0745 -0.5789 -0.8666
 239  1.090151  3.6076  1.7066  2.1527  4.6528  1.0780 -0.1544 -0.6838 -0.9863
 240  1.090211  3.6039  1.6443  2.2005  4.6252  1.0142 -0.2285 -0.7851 -1.1033
 241  1.090264  3.6003  1.5829  2.2473  4.5965  0.9543 -0.2973 -0.8832 -1.2179
 242  1.090312  3.5967  1.5230  2.2928  4.5673  0.8994 -0.3592 -0.9769 -1.3289
 243  1.090355  3.5932  1.4642  2.3373  4.5386  0.8492 -0.4141 -1.0669 -1.4373
 244  1.090394  3.5896  1.4063  2.3810  4.5126  0.8044 -0.4602 -1.1532 -1.5438
 245  1.090430  3.5860  1.3492  2.4238  4.4870  0.7642 -0.4982 -1.2360 -1.6482
 246  1.090463  3.5826  1.2938  2.4653  4.4614  0.7292 -0.5283 -1.3144 -1.7488
 247  1.090492  3.5791  1.2393  2.5060  4.4342  0.6992 -0.5503 -1.3894 -1.8470
 248  1.090519  3.5757  1.1859  2.5458  4.4075  0.6748 -0.5637 -1.4606 -1.9426
 249  1.090543  3.5723  1.1337  2.5845  4.3828  0.6571 -0.5695 -1.5272 -2.0346
 250  1.090566  3.5690  1.0824  2.6224  4.3605  0.6440 -0.5723 -1.5902 -2.1241
 251  1.090586  3.5657  1.0323  2.6594  4.3434  0.6387 -0.5716 -1.6486 -2.2094
 252  1.090605  3.5624  0.9827  2.6958  4.3281  0.6432 -0.5604 -1.7017 -2.2912
 253  1.090622  3.5591  0.9345  2.7309  4.3125  0.6577 -0.5340 -1.7490 -2.3687
 254  1.090638  3.5559  0.8872  2.7654  4.2953  0.6874 -0.4789 -1.7896 -2.4431
 255  1.090653  3.5527  0.8406  2.7990  4.2685  0.7316 -0.3898 -1.8224 -2.5131
 256  1.090667  3.5495  0.7950  2.8319  4.2396  0.7867 -0.2845 -1.8477 -2.5784
 257  1.090680  3.5463  0.7507  2.8638  4.2100  0.8523 -0.1685 -1.8648 -2.6379
 258  1.090692  3.5433  0.7071  2.8951  4.1822  0.9327 -0.0457 -1.8708 -2.6899
 259  1.090703  3.5403  0.6643  2.9257  4.1572  1.0311  0.0784 -1.8623 -2.7323
 260  1.090713  3.5372  0.6226  2.9554  4.1334  1.1379  0.2030 -1.8459 -2.7679
 261  1.090723  3.5343  0.5815  2.9845  4.1112  1.2518  0.3269 -1.8227 -2.7982
 262  1.090732  3.5313  0.5412  3.0130  4.0875  1.3711  0.4551 -1.7940 -2.8241
 263  1.090740  3.5284  0.5017  3.0408  4.0708  1.4656  0.5401 -1.7734 -2.8501
 264  1.090748  3.5255  0.4632  3.0678  4.0573  1.5541  0.6115 -1.7526 -2.8733
 265  1.090756  3.5227  0.4254  3.0943  4.0470  1.6470  0.6848 -1.7266 -2.8924
 266  1.090763  3.5199  0.3885  3.1201  4.0404  1.7414  0.7534 -1.6969 -2.9072
 267  1.090769  3.5172  0.3521  3.1454  4.0363  1.8358  0.8166 -1.6636 -2.9175
 268  1.090776  3.5142  0.3159  3.1701  4.0339  1.9284  0.8743 -1.6274 -2.9233
 269  1.090782  3.5115  0.2809  3.1942  4.0299  2.0085  0.9176 -1.5973 -2.9309
 270  1.090787  3.5089  0.2467  3.2178  4.0279  2.0800  0.9465 -1.5700 -2.9378
 271  1.090792  3.5062  0.2132  3.2408  4.0287  2.1389  0.9545 -1.5485 -2.9456
 272  1.090798  3.5035  0.1801  3.2632  4.0338  2.1941  0.9525 -1.5293 -2.9537
 273  1.090802  3.5009  0.1475  3.2852  4.0401  2.2443  0.9462 -1.5134 -2.9633
 274  1.090807  3.4983  0.1158  3.3066  4.0466  2.2884  0.9350 -1.5007 -2.9737
 275  1.090812  3.4958  0.0848  3.3275  4.0549  2.3289  0.9210 -1.4897 -2.9844
 276  1.090816  3.4933  0.0545  3.3478  4.0433  2.3565  0.9001 -1.4844 -2.9976
 277  1.090819  3.4908  0.0249  3.3676  4.0265  2.3774  0.8788 -1.4813 -3.0112
 278  1.090823  3.4885 -0.0034  3.3864  4.0773  2.4220  0.8703 -1.4678 -3.0172
 279  1.090825  3.4866 -0.0264  3.4019  4.1190  2.4554  0.8613 -1.4589 -3.0235
