#NUMBER OF AGES= 1
#----------------------------------------------------       
#MIX-LEN  Y      Z          Zeff        [Fe/H] [a/Fe]
# 1.9380  0.2846 2.4865E-02 2.4865E-02   0.20   0.00 
#----------------------------------------------------       
#**PHOTOMETRIC SYSTEM**: SDSS (AB)                          
#----------------------------------------------------       
#AGE=10.000 EEPS=268
#EEP   M/Mo    LogTeff  LogG   LogL/Lo sdss_u  sdss_g  sdss_r  sdss_i  sdss_z
  12  0.114744  3.5006  5.2326 -2.7790 17.8887 14.8310 13.3373 12.0276 11.2698
  13  0.136421  3.5006  5.1616 -2.6328 17.4723 14.4585 12.9732 11.6651 10.9066
  14  0.162789  3.5022  5.0994 -2.4873 17.0229 14.0599 12.5875 11.2936 10.5418
  15  0.187852  3.5061  5.0603 -2.3707 16.6154 13.7019 12.2469 10.9817 10.2457
  16  0.206928  3.5089  5.0340 -2.2911 16.3356 13.4547 12.0126 10.7677 10.0430
  17  0.223191  3.5111  5.0128 -2.2282 16.1177 13.2610 11.8290 10.5993  9.8832
  18  0.238693  3.5133  4.9945 -2.1721 15.9237 13.0875 11.6650 10.4490  9.7411
  19  0.254914  3.5154  4.9769 -2.1174 15.7360 12.9181 11.5053 10.3023  9.6025
  20  0.275443  3.5181  4.9570 -2.0531 15.5157 12.7182 11.3169 10.1295  9.4396
  21  0.293435  3.5203  4.9405 -2.0004 15.3376 12.5555 11.1637  9.9885  9.3065
  22  0.303857  3.5216  4.9326 -1.9724 15.2424 12.4680 11.0814  9.9133  9.2358
  23  0.310654  3.5223  4.9270 -1.9541 15.1812 12.4115 11.0282  9.8643  9.1897
  24  0.315579  3.5229  4.9226 -1.9407 15.1364 12.3704 10.9895  9.8284  9.1558
  25  0.318874  3.5230  4.9212 -1.9344 15.1188 12.3533 10.9729  9.8125  9.1401
  26  0.321699  3.5236  4.9195 -1.9262 15.0870 12.3243 10.9462  9.7893  9.1193
  27  0.324021  3.5238  4.9155 -1.9181 15.0609 12.3007 10.9240  9.7681  9.0989
  28  0.326025  3.5241  4.9161 -1.9149 15.0484 12.2887 10.9128  9.7588  9.0907
  29  0.328574  3.5244  4.9136 -1.9079 15.0252 12.2674 10.8927  9.7401  9.0731
  30  0.331668  3.5248  4.9119 -1.9006 15.0001 12.2440 10.8709  9.7202  9.0546
  31  0.336644  3.5254  4.9089 -1.8889 14.9609 12.2076 10.8366  9.6890  9.0253
  32  0.344765  3.5263  4.9044 -1.8703 14.8980 12.1490 10.7814  9.6388  8.9784
  33  0.458255  3.5450  4.8101 -1.5755 13.8860 11.1957  9.8939  8.8359  8.2394
  34  0.470335  3.5486  4.7979 -1.5399 13.7671 11.0702  9.7731  8.7348  8.1524
  35  0.489914  3.5537  4.7800 -1.4840 13.5775 10.8780  9.5913  8.5768  8.0137
  36  0.505579  3.5581  4.7655 -1.4380 13.4228 10.7171  9.4375  8.4466  7.9006
  37  0.519140  3.5622  4.7530 -1.3975 13.2872 10.5728  9.2982  8.3316  7.8017
  38  0.531017  3.5660  4.7420 -1.3615 13.1667 10.4415  9.1704  8.2290  7.7142
  39  0.542414  3.5699  4.7316 -1.3267 13.0503 10.3123  9.0435  8.1286  7.6296
  40  0.554467  3.5739  4.7206 -1.2896 12.9272 10.1737  8.9063  8.0213  7.5400
  41  0.568271  3.5788  4.7081 -1.2469 12.7853 10.0122  8.7454  7.8969  7.4373
  42  0.583600  3.5846  4.6946 -1.1989 12.6211  9.8236  8.5554  7.7542  7.3220
  43  0.599639  3.5910  4.6811 -1.1477 12.4438  9.6162  8.3462  7.6000  7.1995
  44  0.615682  3.5980  4.6684 -1.0959 12.2673  9.4049  8.1370  7.4444  7.0752
  45  0.630959  3.6048  4.6569 -1.0463 12.0939  9.1990  7.9352  7.2949  6.9566
  46  0.645325  3.6115  4.6467 -0.9996 11.9224  9.0015  7.7417  7.1537  6.8468
  47  0.658533  3.6176  4.6375 -0.9570 11.7635  8.8225  7.5704  7.0267  6.7470
  48  0.671518  3.6238  4.6289 -0.9152 11.6008  8.6461  7.4077  6.9034  6.6484
  49  0.684590  3.6303  4.6208 -0.8728 11.4172  8.4613  7.2416  6.7777  6.5476
  50  0.697772  3.6370  4.6131 -0.8300 11.2111  8.2710  7.0754  6.6506  6.4442
  51  0.710578  3.6436  4.6058 -0.7883 10.9954  8.0845  6.9170  6.5272  6.3418
  52  0.718090  3.6475  4.6015 -0.7639 10.8639  7.9759  6.8269  6.4555  6.2814
  53  0.725558  3.6514  4.5972 -0.7397 10.7291  7.8685  6.7397  6.3853  6.2211
  54  0.732846  3.6551  4.5931 -0.7163 10.5943  7.7648  6.6570  6.3178  6.1623
  55  0.739827  3.6587  4.5891 -0.6940 10.4643  7.6674  6.5806  6.2545  6.1064
  56  0.746561  3.6620  4.5851 -0.6727 10.3381  7.5746  6.5090  6.1945  6.0527
  57  0.753068  3.6653  4.5813 -0.6520 10.2156  7.4860  6.4410  6.1371  6.0011
  58  0.759361  3.6684  4.5775 -0.6322 10.0974  7.4013  6.3767  6.0823  5.9511
  59  0.765453  3.6715  4.5738 -0.6129  9.9827  7.3199  6.3151  6.0293  5.9027
  60  0.771387  3.6743  4.5698 -0.5941  9.8719  7.2418  6.2560  5.9782  5.8558
  61  0.777210  3.6771  4.5659 -0.5756  9.7626  7.1655  6.1984  5.9281  5.8096
  62  0.782953  3.6799  4.5620 -0.5572  9.6546  7.0907  6.1419  5.8789  5.7642
  63  0.788649  3.6827  4.5579 -0.5389  9.5478  7.0171  6.0862  5.8301  5.7191
  64  0.794278  3.6854  4.5537 -0.5208  9.4430  6.9450  6.0315  5.7820  5.6746
  65  0.799830  3.6880  4.5494 -0.5029  9.3426  6.8747  5.9779  5.7347  5.6309
  66  0.805325  3.6906  4.5451 -0.4852  9.2443  6.8057  5.9253  5.6881  5.5879
  67  0.810771  3.6932  4.5407 -0.4677  9.1482  6.7384  5.8737  5.6422  5.5455
  68  0.816163  3.6957  4.5362 -0.4504  9.0529  6.6726  5.8231  5.5971  5.5039
  69  0.821493  3.6981  4.5316 -0.4333  8.9596  6.6086  5.7736  5.5528  5.4630
  70  0.826774  3.7004  4.5270 -0.4165  8.8685  6.5463  5.7252  5.5094  5.4228
  71  0.831988  3.7027  4.5223 -0.4000  8.7799  6.4857  5.6780  5.4669  5.3835
  72  0.837116  3.7049  4.5175 -0.3838  8.6941  6.4270  5.6320  5.4255  5.3450
  73  0.842152  3.7070  4.5127 -0.3679  8.6103  6.3700  5.5871  5.3850  5.3074
  74  0.847112  3.7091  4.5078 -0.3522  8.5282  6.3145  5.5431  5.3452  5.2704
  75  0.851979  3.7111  4.5029 -0.3368  8.4481  6.2604  5.5000  5.3061  5.2342
  76  0.856738  3.7130  4.4980 -0.3217  8.3704  6.2078  5.4580  5.2679  5.1987
  77  0.861404  3.7149  4.4929 -0.3068  8.2947  6.1566  5.4169  5.2304  5.1638
  78  0.865962  3.7167  4.4878 -0.2923  8.2212  6.1068  5.3769  5.1939  5.1297
  79  0.870411  3.7184  4.4826 -0.2779  8.1499  6.0585  5.3377  5.1579  5.0961
  80  0.874753  3.7201  4.4774 -0.2638  8.0804  6.0115  5.2996  5.1228  5.0633
  81  0.878993  3.7217  4.4721 -0.2500  8.0129  5.9659  5.2622  5.0884  5.0310
  82  0.882858  3.7231  4.4672 -0.2374  7.9517  5.9246  5.2282  5.0570  5.0014
  83  0.886638  3.7246  4.4623 -0.2250  7.8925  5.8843  5.1949  5.0260  4.9723
  84  0.890339  3.7259  4.4573 -0.2129  7.8349  5.8450  5.1622  4.9957  4.9439
  85  0.893965  3.7272  4.4522 -0.2009  7.7792  5.8066  5.1303  4.9660  4.9158
  86  0.897522  3.7284  4.4472 -0.1891  7.7251  5.7691  5.0990  4.9369  4.8883
  87  0.901012  3.7297  4.4421 -0.1775  7.6725  5.7324  5.0683  4.9083  4.8613
  88  0.904441  3.7308  4.4371 -0.1661  7.6213  5.6965  5.0382  4.8801  4.8346
  89  0.907813  3.7319  4.4319 -0.1548  7.5716  5.6614  5.0086  4.8524  4.8084
  90  0.911126  3.7330  4.4268 -0.1438  7.5232  5.6271  4.9796  4.8252  4.7825
  91  0.914384  3.7340  4.4216 -0.1329  7.4759  5.5935  4.9511  4.7984  4.7571
  92  0.917592  3.7350  4.4164 -0.1221  7.4300  5.5606  4.9230  4.7720  4.7319
  93  0.920739  3.7360  4.4111 -0.1116  7.3852  5.5284  4.8955  4.7462  4.7073
  94  0.923835  3.7370  4.4059 -0.1012  7.3416  5.4970  4.8686  4.7206  4.6829
  95  0.926875  3.7379  4.4007 -0.0909  7.2993  5.4662  4.8420  4.6956  4.6590
  96  0.929862  3.7387  4.3954 -0.0809  7.2580  5.4361  4.8160  4.6710  4.6354
  97  0.932805  3.7395  4.3902 -0.0710  7.2179  5.4065  4.7904  4.6467  4.6122
  98  0.935702  3.7403  4.3849 -0.0612  7.1788  5.3776  4.7653  4.6228  4.5893
  99  0.938561  3.7411  4.3797 -0.0516  7.1409  5.3493  4.7406  4.5994  4.5667
 100  0.941384  3.7417  4.3744 -0.0422  7.1040  5.3215  4.7162  4.5762  4.5444
 101  0.944171  3.7425  4.3690 -0.0328  7.0681  5.2944  4.6924  4.5535  4.5224
 102  0.946937  3.7431  4.3637 -0.0237  7.0331  5.2677  4.6688  4.5310  4.5008
 103  0.949680  3.7437  4.3584 -0.0146  6.9993  5.2416  4.6457  4.5088  4.4793
 104  0.952404  3.7443  4.3530 -0.0057  6.9663  5.2160  4.6229  4.4869  4.4582
 105  0.955107  3.7448  4.3475  0.0032  6.9342  5.1908  4.6004  4.4654  4.4372
 106  0.957777  3.7454  4.3421  0.0118  6.9030  5.1662  4.5782  4.4440  4.4165
 107  0.960409  3.7459  4.3366  0.0205  6.8726  5.1419  4.5564  4.4229  4.3960
 108  0.962991  3.7463  4.3311  0.0290  6.8431  5.1182  4.5348  4.4021  4.3757
 109  0.965491  3.7468  4.3256  0.0374  6.8141  5.0948  4.5136  4.3815  4.3557
 110  0.967891  3.7472  4.3203  0.0456  6.7854  5.0718  4.4927  4.3613  4.3360
 111  0.970217  3.7476  4.3148  0.0538  6.7573  5.0491  4.4722  4.3415  4.3166
 112  0.971815  3.7479  4.3110  0.0594  6.7380  5.0334  4.4578  4.3276  4.3032
 113  0.973413  3.7482  4.3071  0.0651  6.7186  5.0176  4.4433  4.3136  4.2894
 114  0.975009  3.7485  4.3032  0.0709  6.6993  5.0017  4.4288  4.2994  4.2756
 115  0.976602  3.7487  4.2992  0.0767  6.6800  4.9857  4.4141  4.2852  4.2617
 116  0.978196  3.7489  4.2951  0.0825  6.6607  4.9697  4.3994  4.2708  4.2476
 117  0.979783  3.7492  4.2909  0.0885  6.6414  4.9536  4.3846  4.2563  4.2335
 118  0.981367  3.7494  4.2866  0.0944  6.6224  4.9375  4.3696  4.2418  4.2192
 119  0.982946  3.7497  4.2823  0.1003  6.6033  4.9213  4.3546  4.2271  4.2049
 120  0.984518  3.7499  4.2779  0.1063  6.5844  4.9051  4.3396  4.2125  4.1904
 121  0.986086  3.7501  4.2734  0.1123  6.5658  4.8891  4.3245  4.1978  4.1759
 122  0.987637  3.7504  4.2689  0.1183  6.5469  4.8728  4.3093  4.1829  4.1614
 123  0.989146  3.7506  4.2644  0.1244  6.5275  4.8563  4.2939  4.1679  4.1466
 124  0.990661  3.7508  4.2599  0.1305  6.5082  4.8397  4.2786  4.1528  4.1319
 125  0.992175  3.7510  4.2553  0.1366  6.4891  4.8232  4.2632  4.1378  4.1171
 126  0.993674  3.7512  4.2506  0.1427  6.4704  4.8070  4.2480  4.1229  4.1024
 127  0.995157  3.7514  4.2460  0.1487  6.4521  4.7910  4.2329  4.1081  4.0878
 128  0.996621  3.7515  4.2413  0.1547  6.4342  4.7751  4.2178  4.0932  4.0732
 129  0.998072  3.7517  4.2367  0.1607  6.4163  4.7593  4.2029  4.0786  4.0587
 130  0.999514  3.7518  4.2318  0.1666  6.3992  4.7437  4.1881  4.0639  4.0442
 131  1.000946  3.7519  4.2270  0.1725  6.3823  4.7283  4.1732  4.0493  4.0297
 132  1.002368  3.7521  4.2221  0.1785  6.3653  4.7128  4.1583  4.0346  4.0151
 133  1.003789  3.7521  4.2171  0.1844  6.3489  4.6975  4.1435  4.0199  4.0005
 134  1.005209  3.7523  4.2120  0.1904  6.3326  4.6821  4.1286  4.0051  3.9858
 135  1.006630  3.7523  4.2070  0.1964  6.3161  4.6667  4.1136  3.9902  3.9710
 136  1.008055  3.7523  4.2017  0.2024  6.3000  4.6513  4.0986  3.9753  3.9560
 137  1.009488  3.7523  4.1964  0.2085  6.2840  4.6359  4.0835  3.9601  3.9410
 138  1.010929  3.7524  4.1909  0.2146  6.2682  4.6205  4.0682  3.9448  3.9257
 139  1.012380  3.7523  4.1852  0.2208  6.2526  4.6049  4.0528  3.9294  3.9103
 140  1.013843  3.7523  4.1795  0.2270  6.2370  4.5894  4.0372  3.9139  3.8946
 141  1.015318  3.7522  4.1736  0.2333  6.2217  4.5738  4.0215  3.8980  3.8788
 142  1.016800  3.7522  4.1676  0.2398  6.2062  4.5580  4.0057  3.8821  3.8627
 143  1.018302  3.7521  4.1612  0.2462  6.1918  4.5424  3.9897  3.8659  3.8463
 144  1.019808  3.7519  4.1549  0.2528  6.1769  4.5266  3.9734  3.8495  3.8298
 145  1.021329  3.7517  4.1481  0.2594  6.1632  4.5110  3.9572  3.8329  3.8129
 146  1.022861  3.7516  4.1412  0.2660  6.1493  4.4953  3.9407  3.8161  3.7958
 147  1.024402  3.7512  4.1339  0.2728  6.1369  4.4798  3.9241  3.7991  3.7784
 148  1.025952  3.7509  4.1265  0.2795  6.1247  4.4644  3.9075  3.7818  3.7608
 149  1.027510  3.7505  4.1187  0.2864  6.1135  4.4492  3.8906  3.7644  3.7428
 150  1.029077  3.7500  4.1105  0.2933  6.1034  4.4342  3.8738  3.7468  3.7246
 151  1.030652  3.7495  4.1020  0.3003  6.0945  4.4194  3.8569  3.7290  3.7062
 152  1.032239  3.7488  4.0932  0.3073  6.0871  4.4051  3.8400  3.7112  3.6875
 153  1.033837  3.7481  4.0838  0.3142  6.0815  4.3913  3.8231  3.6931  3.6685
 154  1.035451  3.7472  4.0739  0.3213  6.0782  4.3781  3.8064  3.6750  3.6493
 155  1.037085  3.7461  4.0635  0.3283  6.0781  4.3659  3.7899  3.6569  3.6299
 156  1.038756  3.7449  4.0523  0.3352  6.0816  4.3549  3.7738  3.6389  3.6102
 157  1.040471  3.7434  4.0400  0.3420  6.0904  4.3459  3.7583  3.6209  3.5904
 158  1.042249  3.7414  4.0264  0.3485  6.1070  4.3403  3.7441  3.6035  3.5704
 159  1.044105  3.7388  4.0108  0.3544  6.1362  4.3401  3.7322  3.5873  3.5508
 160  1.046007  3.7353  3.9934  0.3590  6.1838  4.3487  3.7250  3.5740  3.5331
 161  1.047748  3.7312  3.9753  0.3611  6.2525  4.3683  3.7251  3.5670  3.5204
 162  1.048983  3.7274  3.9613  0.3606  6.3217  4.3927  3.7320  3.5675  3.5158
 163  1.050200  3.7228  3.9450  0.3590  6.4094  4.4251  3.7431  3.5706  3.5127
 164  1.051398  3.7175  3.9263  0.3567  6.5176  4.4665  3.7589  3.5767  3.5114
 165  1.052591  3.7114  3.9038  0.3552  6.6405  4.5122  3.7752  3.5816  3.5077
 166  1.053784  3.7050  3.8765  0.3577  6.7621  4.5520  3.7840  3.5783  3.4951
 167  1.054911  3.6994  3.8456  0.3666  6.8509  4.5714  3.7762  3.5594  3.4678
 168  1.055903  3.6952  3.8147  0.3813  6.8976  4.5673  3.7513  3.5261  3.4281
 169  1.056767  3.6923  3.7856  0.3990  6.9127  4.5467  3.7158  3.4845  3.3819
 170  1.057539  3.6902  3.7582  0.4181  6.9075  4.5163  3.6748  3.4388  3.3328
 171  1.058254  3.6886  3.7321  0.4380  6.8898  4.4798  3.6302  3.3908  3.2821
 172  1.058928  3.6873  3.7069  0.4584  6.8639  4.4391  3.5834  3.3413  3.2305
 173  1.059572  3.6863  3.6825  0.4791  6.8321  4.3956  3.5352  3.2908  3.1784
 174  1.060192  3.6854  3.6586  0.4999  6.7961  4.3501  3.4860  3.2398  3.1259
 175  1.060795  3.6847  3.6351  0.5209  6.7577  4.3033  3.4361  3.1884  3.0733
 176  1.061384  3.6841  3.6120  0.5418  6.7170  4.2554  3.3857  3.1367  3.0206
 177  1.061960  3.6836  3.5891  0.5629  6.6751  4.2069  3.3350  3.0849  2.9678
 178  1.062520  3.6831  3.5662  0.5840  6.6321  4.1578  3.2841  3.0329  2.9149
 179  1.063067  3.6827  3.5435  0.6051  6.5881  4.1083  3.2330  2.9807  2.8619
 180  1.063601  3.6823  3.5209  0.6263  6.5436  4.0586  3.1815  2.9285  2.8089
 181  1.064122  3.6818  3.4983  0.6474  6.4987  4.0086  3.1301  2.8761  2.7559
 182  1.064458  3.6816  3.4832  0.6616  6.4687  3.9753  3.0959  2.8412  2.7205
 183  1.064792  3.6813  3.4679  0.6759  6.4387  3.9416  3.0611  2.8059  2.6846
 184  1.065126  3.6810  3.4523  0.6906  6.4078  3.9071  3.0255  2.7696  2.6478
 185  1.065460  3.6807  3.4363  0.7054  6.3770  3.8723  2.9895  2.7329  2.6106
 186  1.065790  3.6804  3.4193  0.7212  6.3454  3.8359  2.9516  2.6942  2.5712
 187  1.066120  3.6800  3.4020  0.7373  6.3123  3.7983  2.9126  2.6545  2.5309
 188  1.066445  3.6796  3.3835  0.7542  6.2785  3.7591  2.8717  2.6127  2.4883
 189  1.066767  3.6793  3.3647  0.7716  6.2433  3.7186  2.8296  2.5697  2.4447
 190  1.067084  3.6788  3.3443  0.7903  6.2067  3.6758  2.7848  2.5238  2.3979
 191  1.067396  3.6783  3.3231  0.8096  6.1691  3.6313  2.7381  2.4760  2.3493
 192  1.067703  3.6777  3.3008  0.8300  6.1302  3.5851  2.6895  2.4261  2.2985
 193  1.068004  3.6771  3.2775  0.8510  6.0903  3.5371  2.6389  2.3743  2.2456
 194  1.068300  3.6766  3.2535  0.8728  6.0493  3.4876  2.5867  2.3207  2.1909
 195  1.068588  3.6759  3.2282  0.8955  6.0076  3.4363  2.5324  2.2648  2.1339
 196  1.068872  3.6751  3.2021  0.9189  5.9654  3.3840  2.4768  2.2076  2.0754
 197  1.069149  3.6744  3.1750  0.9430  5.9227  3.3303  2.4194  2.1484  2.0148
 198  1.069419  3.6736  3.1470  0.9678  5.8798  3.2754  2.3605  2.0876  1.9526
 199  1.069683  3.6728  3.1181  0.9933  5.8365  3.2194  2.3003  2.0252  1.8887
 200  1.069937  3.6718  3.0882  1.0196  5.7928  3.1619  2.2382  1.9609  1.8227
 201  1.070187  3.6708  3.0574  1.0465  5.7490  3.1036  2.1751  1.8954  1.7554
 202  1.070428  3.6697  3.0259  1.0740  5.7053  3.0442  2.1105  1.8284  1.6865
 203  1.070660  3.6686  2.9933  1.1022  5.6618  2.9839  2.0445  1.7596  1.6158
 204  1.070885  3.6674  2.9600  1.1309  5.6194  2.9232  1.9777  1.6898  1.5439
 205  1.071101  3.6662  2.9256  1.1602  5.5773  2.8617  1.9097  1.6187  1.4705
 206  1.071309  3.6649  2.8906  1.1901  5.5356  2.7997  1.8408  1.5464  1.3959
 207  1.071509  3.6635  2.8549  1.2203  5.4943  2.7369  1.7709  1.4731  1.3200
 208  1.071701  3.6620  2.8184  1.2512  5.4539  2.6739  1.7004  1.3988  1.2431
 209  1.071883  3.6606  2.7813  1.2824  5.4137  2.6103  1.6290  1.3236  1.1651
 210  1.072060  3.6590  2.7437  1.3140  5.3745  2.5465  1.5573  1.2477  1.0864
 211  1.072227  3.6574  2.7054  1.3459  5.3358  2.4824  1.4848  1.1710  1.0066
 212  1.072387  3.6555  2.6631  1.3808  5.2972  2.4146  1.4075  1.0879  0.9197
 213  1.072565  3.6536  2.6174  1.4189  5.2527  2.3399  1.3231  0.9974  0.8250
 214  1.072781  3.6525  2.5880  1.4438  5.2204  2.2892  1.2665  0.9375  0.7628
 215  1.072962  3.6534  2.6055  1.4301  5.2303  2.3119  1.2935  0.9687  0.7967
 216  1.073156  3.6538  2.6068  1.4306  5.2192  2.3051  1.2885  0.9660  0.7953
 217  1.073189  3.6537  2.6026  1.4341  5.2149  2.2982  1.2807  0.9577  0.7867
 218  1.073219  3.6535  2.5985  1.4375  5.2114  2.2917  1.2732  0.9496  0.7782
 219  1.073247  3.6533  2.5949  1.4404  5.2087  2.2863  1.2669  0.9427  0.7709
 220  1.073274  3.6532  2.5919  1.4428  5.2064  2.2818  1.2616  0.9369  0.7648
 221  1.073299  3.6531  2.5893  1.4450  5.2040  2.2776  1.2569  0.9318  0.7594
 222  1.073324  3.6530  2.5870  1.4470  5.2016  2.2737  1.2525  0.9271  0.7546
 223  1.073348  3.6529  2.5850  1.4488  5.1994  2.2702  1.2486  0.9229  0.7502
 224  1.073372  3.6528  2.5830  1.4504  5.1974  2.2669  1.2449  0.9189  0.7460
 225  1.073395  3.6527  2.5811  1.4521  5.1954  2.2637  1.2413  0.9151  0.7420
 226  1.073418  3.6527  2.5792  1.4536  5.1936  2.2607  1.2379  0.9115  0.7382
 227  1.073680  3.6513  2.5459  1.4817  5.1622  2.2064  1.1764  0.8451  0.6688
 228  1.073928  3.6477  2.4664  1.5466  5.0989  2.0836  1.0340  0.6915  0.5076
 229  1.074142  3.6440  2.3895  1.6088  5.0438  1.9691  0.8999  0.5455  0.3534
 230  1.074330  3.6402  2.3132  1.6701  4.9922  1.8586  0.7696  0.4021  0.2015
 231  1.074495  3.6365  2.2379  1.7304  4.9447  1.7525  0.6438  0.2625  0.0526
 232  1.074637  3.6327  2.1654  1.7881  4.9016  1.6529  0.5253  0.1295 -0.0899
 233  1.074761  3.6291  2.0958  1.8433  4.8618  1.5592  0.4137  0.0031 -0.2259
 234  1.074872  3.6254  2.0262  1.8983  4.8242  1.4684  0.3055 -0.1215 -0.3611
 235  1.074969  3.6218  1.9584  1.9514  4.7899  1.3835  0.2043 -0.2406 -0.4917
 236  1.075056  3.6180  1.8912  2.0036  4.7581  1.3030  0.1078 -0.3566 -0.6200
 237  1.075133  3.6142  1.8248  2.0549  4.7276  1.2271  0.0171 -0.4690 -0.7457
 238  1.075201  3.6105  1.7602  2.1047  4.6982  1.1555 -0.0679 -0.5772 -0.8680
 239  1.075262  3.6068  1.6968  2.1534  4.6699  1.0879 -0.1470 -0.6818 -0.9874
 240  1.075317  3.6031  1.6342  2.2013  4.6417  1.0244 -0.2205 -0.7832 -1.1049
 241  1.075366  3.5995  1.5730  2.2481  4.6124  0.9651 -0.2884 -0.8808 -1.2192
 242  1.075411  3.5959  1.5128  2.2937  4.5830  0.9107 -0.3494 -0.9745 -1.3306
 243  1.075450  3.5923  1.4539  2.3384  4.5544  0.8611 -0.4030 -1.0644 -1.4394
 244  1.075486  3.5888  1.3960  2.3819  4.5284  0.8172 -0.4473 -1.1501 -1.5456
 245  1.075518  3.5852  1.3390  2.4248  4.5025  0.7779 -0.4839 -1.2325 -1.6498
 246  1.075548  3.5817  1.2833  2.4664  4.4760  0.7434 -0.5127 -1.3109 -1.7508
 247  1.075575  3.5782  1.2289  2.5071  4.4485  0.7145 -0.5329 -1.3853 -1.8488
 248  1.075600  3.5748  1.1753  2.5469  4.4219  0.6913 -0.5445 -1.4561 -1.9443
 249  1.075622  3.5714  1.1231  2.5857  4.3973  0.6747 -0.5492 -1.5222 -2.0363
 250  1.075643  3.5681  1.0719  2.6235  4.3758  0.6631 -0.5509 -1.5844 -2.1252
 251  1.075662  3.5648  1.0213  2.6607  4.3594  0.6598 -0.5489 -1.6424 -2.2107
 252  1.075679  3.5615  0.9721  2.6968  4.3440  0.6668 -0.5341 -1.6940 -2.2914
 253  1.075695  3.5582  0.9236  2.7321  4.3278  0.6840 -0.5024 -1.7405 -2.3689
 254  1.075710  3.5549  0.8762  2.7666  4.3083  0.7188 -0.4362 -1.7792 -2.4428
 255  1.075723  3.5517  0.8296  2.8003  4.2806  0.7661 -0.3419 -1.8102 -2.5120
 256  1.075736  3.5485  0.7840  2.8331  4.2513  0.8246 -0.2323 -1.8334 -2.5763
 257  1.075748  3.5454  0.7397  2.8650  4.2220  0.8942 -0.1132 -1.8480 -2.6343
 258  1.075758  3.5423  0.6959  2.8963  4.1948  0.9813  0.0117 -1.8494 -2.6837
 259  1.075768  3.5392  0.6531  2.9270  4.1699  1.0834  0.1378 -1.8383 -2.7243
 260  1.075778  3.5363  0.6114  2.9566  4.1460  1.1933  0.2637 -1.8197 -2.7587
 261  1.075787  3.5333  0.5703  2.9858  4.1230  1.3121  0.3935 -1.7937 -2.7877
 262  1.075796  3.5303  0.5299  3.0142  4.1001  1.4257  0.5118 -1.7665 -2.8135
 263  1.075803  3.5274  0.4904  3.0420  4.0842  1.5183  0.5919 -1.7460 -2.8387
 264  1.075810  3.5245  0.4519  3.0691  4.0714  1.6084  0.6636 -1.7235 -2.8608
 265  1.075817  3.5216  0.4139  3.0956  4.0621  1.7041  0.7387 -1.6956 -2.8785
 266  1.075824  3.5188  0.3770  3.1214  4.0576  1.8007  0.8041 -1.6632 -2.8909
 267  1.075830  3.5160  0.3404  3.1467  4.0533  1.8952  0.8665 -1.6290 -2.9000
 268  1.075836  3.5131  0.3042  3.1714  4.0514  1.9848  0.9182 -1.5936 -2.9056
 269  1.075841  3.5105  0.2694  3.1954  4.0479  2.0612  0.9548 -1.5649 -2.9132
 270  1.075846  3.5078  0.2351  3.2190  4.0467  2.1291  0.9765 -1.5390 -2.9202
 271  1.075851  3.5051  0.2016  3.2419  4.0496  2.1826  0.9733 -1.5202 -2.9288
 272  1.075856  3.5024  0.1682  3.2645  4.0559  2.2381  0.9702 -1.5013 -2.9372
 273  1.075860  3.4998  0.1357  3.2863  4.0624  2.2853  0.9607 -1.4870 -2.9472
 274  1.075864  3.4972  0.1041  3.3078  4.0695  2.3278  0.9476 -1.4750 -2.9579
 275  1.075869  3.4946  0.0729  3.3287  4.0784  2.3671  0.9322 -1.4647 -2.9688
 276  1.075872  3.4922  0.0426  3.3491  4.0109  2.3704  0.8945 -1.4679 -2.9852
 277  1.075876  3.4896  0.0130  3.3688  4.0659  2.4183  0.8931 -1.4545 -2.9942
 278  1.075879  3.4873 -0.0153  3.3876  4.1207  2.4627  0.8843 -1.4412 -3.0001
 279  1.075896  3.4854 -0.0379  3.4027  4.1640  2.4943  0.8748 -1.4337 -3.0067
