#NUMBER OF AGES= 1
#----------------------------------------------------       
#MIX-LEN  Y      Z          Zeff        [Fe/H] [a/Fe]
# 1.9380  0.2846 2.4865E-02 2.4865E-02   0.20   0.00 
#----------------------------------------------------       
#**PHOTOMETRIC SYSTEM**: SDSS (AB)                          
#----------------------------------------------------       
#AGE=10.500 EEPS=268
#EEP   M/Mo    LogTeff  LogG   LogL/Lo sdss_u  sdss_g  sdss_r  sdss_i  sdss_z
  12  0.110711  3.5006  5.2474 -2.8092 17.9739 14.9075 13.4119 12.1024 11.3448
  13  0.131370  3.5005  5.1764 -2.6643 17.5631 14.5396 13.0523 11.7435 10.9849
  14  0.156388  3.5016  5.1116 -2.5196 17.1288 14.1534 12.6772 11.3779 10.6233
  15  0.181547  3.5050  5.0685 -2.3979 16.7126 13.7875 12.3280 11.0552 10.3149
  16  0.201180  3.5081  5.0410 -2.3134 16.4130 13.5235 12.0779 10.8275 10.0998
  17  0.217512  3.5103  5.0188 -2.2485 16.1888 13.3245 11.8891 10.6541  9.9350
  18  0.232845  3.5125  5.0000 -2.1916 15.9917 13.1486 11.7227 10.5016  9.7907
  19  0.248356  3.5145  4.9827 -2.1379 15.8065 12.9820 11.5655 10.3574  9.6543
  20  0.267343  3.5171  4.9635 -2.0768 15.5972 12.7924 11.3868 10.1933  9.4995
  21  0.287561  3.5195  4.9442 -2.0158 15.3903 12.6040 11.2093 10.0300  9.3453
  22  0.300833  3.5211  4.9340 -1.9795 15.2672 12.4909 11.1029  9.9327  9.2539
  23  0.308434  3.5221  4.9279 -1.9591 15.1981 12.4273 11.0431  9.8777  9.2023
  24  0.314010  3.5228  4.9232 -1.9440 15.1480 12.3811 10.9996  9.8377  9.1643
  25  0.317751  3.5229  4.9214 -1.9365 15.1258 12.3600 10.9792  9.8182  9.1455
  26  0.320826  3.5235  4.9196 -1.9279 15.0927 12.3298 10.9513  9.7938  9.1235
  27  0.323256  3.5238  4.9156 -1.9196 15.0661 12.3055 10.9285  9.7722  9.1026
  28  0.325264  3.5240  4.9162 -1.9163 15.0532 12.2933 10.9172  9.7626  9.0942
  29  0.327664  3.5244  4.9137 -1.9096 15.0310 12.2728 10.8979  9.7447  9.0773
  30  0.330476  3.5247  4.9121 -1.9028 15.0077 12.2513 10.8776  9.7264  9.0603
  31  0.334852  3.5253  4.9094 -1.8924 14.9728 12.2188 10.8471  9.6984  9.0341
  32  0.341716  3.5260  4.9056 -1.8767 14.9197 12.1694 10.8005  9.6561  8.9946
  33  0.384825  3.5328  4.8706 -1.7649 14.5352 11.8071 10.4585  9.3521  8.7150
  34  0.457189  3.5455  4.8087 -1.5752 13.8878 11.1904  9.8860  8.8336  8.2401
  35  0.479603  3.5510  4.7884 -1.5122 13.6734 10.9760  9.6842  8.6569  8.0836
  36  0.497016  3.5557  4.7723 -1.4616 13.5029 10.8011  9.5179  8.5141  7.9588
  37  0.511800  3.5601  4.7585 -1.4178 13.3559 10.6466  9.3697  8.3898  7.8513
  38  0.524536  3.5641  4.7467 -1.3794 13.2275 10.5083  9.2357  8.2806  7.7578
  39  0.536034  3.5678  4.7361 -1.3444 13.1102 10.3794  9.1096  8.1800  7.6726
  40  0.547453  3.5717  4.7256 -1.3091 12.9927 10.2479  8.9800  8.0783  7.5872
  41  0.560143  3.5762  4.7139 -1.2699 12.8629 10.1008  8.8341  7.9646  7.4925
  42  0.574483  3.5813  4.7010 -1.2252 12.7129  9.9293  8.6625  7.8333  7.3851
  43  0.589851  3.5873  4.6875 -1.1766 12.5447  9.7350  8.4659  7.6875  7.2685
  44  0.605510  3.5937  4.6745 -1.1260 12.3710  9.5298  8.2602  7.5356  7.1475
  45  0.620797  3.6005  4.6625 -1.0763 12.2017  9.3267  8.0605  7.3865  7.0281
  46  0.635296  3.6071  4.6517 -1.0289 12.0327  9.1280  7.8658  7.2431  6.9153
  47  0.648888  3.6135  4.6420 -0.9845 11.8685  8.9400  7.6823  7.1092  6.8113
  48  0.661524  3.6195  4.6332 -0.9435 11.7143  8.7678  7.5189  6.9873  6.7151
  49  0.673957  3.6255  4.6250 -0.9031 11.5527  8.5958  7.3615  6.8681  6.6198
  50  0.686283  3.6317  4.6174 -0.8629 11.3736  8.4195  7.2042  6.7488  6.5236
  51  0.698531  3.6379  4.6101 -0.8228 11.1777  8.2410  7.0492  6.6297  6.4265
  52  0.705729  3.6417  4.6058 -0.7992 11.0566  8.1356  6.9594  6.5598  6.3686
  53  0.713083  3.6455  4.6015 -0.7750 10.9288  8.0280  6.8693  6.4888  6.3091
  54  0.720480  3.6494  4.5973 -0.7508 10.7958  7.9201  6.7806  6.4179  6.2488
  55  0.727764  3.6531  4.5930 -0.7271 10.6618  7.8151  6.6961  6.3493  6.1894
  56  0.734805  3.6567  4.5888 -0.7043 10.5299  7.7148  6.6168  6.2841  6.1321
  57  0.741523  3.6602  4.5849 -0.6826 10.4025  7.6205  6.5433  6.2228  6.0778
  58  0.747990  3.6635  4.5809 -0.6619 10.2799  7.5310  6.4744  6.1649  6.0257
  59  0.754214  3.6666  4.5772 -0.6419 10.1606  7.4452  6.4090  6.1094  5.9755
  60  0.760222  3.6696  4.5733 -0.6227 10.0470  7.3641  6.3474  6.0565  5.9273
  61  0.766060  3.6725  4.5695 -0.6039  9.9360  7.2855  6.2880  6.0054  5.8804
  62  0.771756  3.6753  4.5657 -0.5857  9.8283  7.2099  6.2308  5.9558  5.8347
  63  0.777338  3.6781  4.5617 -0.5676  9.7223  7.1360  6.1751  5.9073  5.7899
  64  0.782855  3.6807  4.5577 -0.5497  9.6175  7.0636  6.1203  5.8594  5.7457
  65  0.788335  3.6834  4.5536 -0.5320  9.5139  6.9922  6.0662  5.8118  5.7018
  66  0.793757  3.6860  4.5494 -0.5142  9.4126  6.9221  6.0129  5.7649  5.6584
  67  0.799122  3.6886  4.5451 -0.4967  9.3148  6.8535  5.9605  5.7186  5.6156
  68  0.804433  3.6911  4.5407 -0.4793  9.2191  6.7863  5.9092  5.6730  5.5734
  69  0.809686  3.6936  4.5363 -0.4621  9.1255  6.7207  5.8587  5.6282  5.5320
  70  0.814887  3.6960  4.5317 -0.4452  9.0322  6.6565  5.8092  5.5840  5.4912
  71  0.820032  3.6983  4.5271 -0.4284  8.9413  6.5939  5.7608  5.5406  5.4511
  72  0.825120  3.7006  4.5224 -0.4120  8.8525  6.5331  5.7134  5.4980  5.4117
  73  0.830145  3.7028  4.5176 -0.3958  8.7660  6.4739  5.6672  5.4564  5.3731
  74  0.835091  3.7050  4.5128 -0.3799  8.6823  6.4165  5.6221  5.4158  5.3353
  75  0.839938  3.7070  4.5080 -0.3643  8.6004  6.3608  5.5782  5.3761  5.2985
  76  0.844696  3.7090  4.5032 -0.3490  8.5207  6.3067  5.5352  5.3371  5.2623
  77  0.849384  3.7109  4.4982 -0.3339  8.4428  6.2539  5.4931  5.2989  5.2267
  78  0.853978  3.7128  4.4931 -0.3191  8.3670  6.2025  5.4519  5.2615  5.1919
  79  0.858478  3.7146  4.4881 -0.3045  8.2933  6.1525  5.4117  5.2247  5.1576
  80  0.862875  3.7164  4.4829 -0.2902  8.2218  6.1038  5.3724  5.1888  5.1241
  81  0.867172  3.7180  4.4777 -0.2761  8.1521  6.0565  5.3341  5.1536  5.0912
  82  0.871148  3.7196  4.4728 -0.2630  8.0879  6.0128  5.2985  5.1209  5.0605
  83  0.875029  3.7210  4.4678 -0.2502  8.0254  5.9705  5.2638  5.0888  5.0304
  84  0.878819  3.7225  4.4628 -0.2376  7.9646  5.9292  5.2297  5.0573  5.0008
  85  0.882526  3.7239  4.4577 -0.2252  7.9056  5.8890  5.1965  5.0264  4.9718
  86  0.886152  3.7252  4.4526 -0.2130  7.8485  5.8498  5.1639  4.9962  4.9433
  87  0.889701  3.7265  4.4475 -0.2011  7.7930  5.8116  5.1320  4.9665  4.9153
  88  0.893176  3.7277  4.4424 -0.1893  7.7392  5.7742  5.1008  4.9373  4.8878
  89  0.896585  3.7289  4.4372 -0.1777  7.6870  5.7377  5.0701  4.9087  4.8607
  90  0.899930  3.7300  4.4320 -0.1663  7.6365  5.7020  5.0401  4.8807  4.8341
  91  0.903213  3.7311  4.4268 -0.1551  7.5871  5.6671  5.0106  4.8530  4.8079
  92  0.906442  3.7321  4.4215 -0.1441  7.5392  5.6329  4.9816  4.8259  4.7821
  93  0.909613  3.7332  4.4162 -0.1332  7.4925  5.5994  4.9532  4.7991  4.7567
  94  0.912732  3.7342  4.4109 -0.1226  7.4469  5.5668  4.9253  4.7728  4.7316
  95  0.915798  3.7351  4.4057 -0.1120  7.4026  5.5348  4.8978  4.7470  4.7069
  96  0.918813  3.7361  4.4003 -0.1017  7.3594  5.5034  4.8709  4.7215  4.6826
  97  0.921780  3.7369  4.3950 -0.0915  7.3173  5.4728  4.8444  4.6964  4.6586
  98  0.924696  3.7377  4.3897 -0.0814  7.2765  5.4428  4.8184  4.6718  4.6350
  99  0.927572  3.7385  4.3842 -0.0716  7.2369  5.4134  4.7929  4.6476  4.6117
 100  0.930408  3.7392  4.3789 -0.0618  7.1983  5.3847  4.7678  4.6237  4.5888
 101  0.933206  3.7400  4.3735 -0.0522  7.1608  5.3565  4.7431  4.6003  4.5662
 102  0.935976  3.7407  4.3681 -0.0427  7.1242  5.3289  4.7189  4.5770  4.5439
 103  0.938719  3.7413  4.3626 -0.0334  7.0889  5.3019  4.6950  4.5543  4.5219
 104  0.941442  3.7420  4.3571 -0.0242  7.0546  5.2754  4.6715  4.5317  4.5001
 105  0.944142  3.7425  4.3517 -0.0152  7.0211  5.2494  4.6484  4.5096  4.4786
 106  0.946810  3.7430  4.3461 -0.0063  6.9887  5.2241  4.6257  4.4877  4.4574
 107  0.949439  3.7436  4.3406  0.0025  6.9572  5.1991  4.6032  4.4661  4.4365
 108  0.952012  3.7441  4.3350  0.0112  6.9266  5.1747  4.5812  4.4448  4.4158
 109  0.954501  3.7446  4.3295  0.0197  6.8967  5.1508  4.5596  4.4239  4.3954
 110  0.956879  3.7449  4.3240  0.0282  6.8672  5.1273  4.5382  4.4033  4.3754
 111  0.959185  3.7455  4.3186  0.0364  6.8383  5.1041  4.5173  4.3831  4.3557
 112  0.960716  3.7457  4.3148  0.0419  6.8192  5.0887  4.5032  4.3695  4.3424
 113  0.962250  3.7460  4.3110  0.0476  6.8000  5.0730  4.4890  4.3557  4.3290
 114  0.963787  3.7463  4.3071  0.0532  6.7806  5.0573  4.4746  4.3418  4.3153
 115  0.965327  3.7465  4.3032  0.0590  6.7613  5.0414  4.4600  4.3276  4.3015
 116  0.966868  3.7468  4.2991  0.0648  6.7420  5.0255  4.4454  4.3134  4.2875
 117  0.968410  3.7471  4.2950  0.0707  6.7227  5.0094  4.4306  4.2990  4.2735
 118  0.969953  3.7473  4.2907  0.0765  6.7034  4.9933  4.4157  4.2845  4.2593
 119  0.971495  3.7476  4.2864  0.0825  6.6840  4.9771  4.4008  4.2699  4.2450
 120  0.973035  3.7477  4.2821  0.0884  6.6649  4.9609  4.3857  4.2553  4.2306
 121  0.974577  3.7480  4.2777  0.0944  6.6459  4.9447  4.3706  4.2405  4.2160
 122  0.976104  3.7482  4.2731  0.1005  6.6268  4.9285  4.3554  4.2256  4.2014
 123  0.977591  3.7485  4.2686  0.1067  6.6070  4.9117  4.3399  4.2105  4.1866
 124  0.979089  3.7487  4.2641  0.1127  6.5872  4.8950  4.3244  4.1954  4.1718
 125  0.980588  3.7489  4.2595  0.1189  6.5677  4.8784  4.3089  4.1802  4.1569
 126  0.982088  3.7491  4.2549  0.1251  6.5485  4.8618  4.2934  4.1650  4.1420
 127  0.983588  3.7493  4.2502  0.1313  6.5294  4.8453  4.2779  4.1498  4.1270
 128  0.985083  3.7495  4.2453  0.1375  6.5108  4.8289  4.2623  4.1346  4.1120
 129  0.986575  3.7497  4.2405  0.1437  6.4921  4.8124  4.2469  4.1193  4.0969
 130  0.988065  3.7498  4.2355  0.1498  6.4740  4.7962  4.2313  4.1040  4.0817
 131  0.989548  3.7499  4.2304  0.1560  6.4564  4.7800  4.2158  4.0887  4.0665
 132  0.991022  3.7500  4.2253  0.1623  6.4385  4.7638  4.2002  4.0733  4.0513
 133  0.992483  3.7501  4.2200  0.1684  6.4215  4.7479  4.1848  4.0580  4.0361
 134  0.993926  3.7502  4.2148  0.1746  6.4048  4.7321  4.1694  4.0427  4.0208
 135  0.995353  3.7502  4.2095  0.1808  6.3880  4.7163  4.1540  4.0274  4.0056
 136  0.996768  3.7502  4.2041  0.1869  6.3717  4.7007  4.1388  4.0122  3.9904
 137  0.998172  3.7503  4.1986  0.1931  6.3559  4.6852  4.1235  3.9969  3.9752
 138  0.999569  3.7503  4.1931  0.1992  6.3402  4.6698  4.1082  3.9816  3.9598
 139  1.000961  3.7503  4.1875  0.2054  6.3248  4.6544  4.0929  3.9663  3.9445
 140  1.002350  3.7502  4.1818  0.2115  6.3094  4.6391  4.0776  3.9509  3.9291
 141  1.003740  3.7502  4.1758  0.2177  6.2947  4.6238  4.0622  3.9354  3.9135
 142  1.005128  3.7501  4.1700  0.2239  6.2796  4.6084  4.0467  3.9198  3.8978
 143  1.006528  3.7499  4.1638  0.2302  6.2659  4.5934  4.0312  3.9041  3.8819
 144  1.007924  3.7499  4.1576  0.2365  6.2515  4.5780  4.0155  3.8882  3.8659
 145  1.009332  3.7496  4.1511  0.2429  6.2385  4.5631  3.9998  3.8723  3.8496
 146  1.010746  3.7494  4.1444  0.2493  6.2255  4.5480  3.9841  3.8562  3.8333
 147  1.012169  3.7491  4.1374  0.2557  6.2137  4.5332  3.9682  3.8398  3.8166
 148  1.013601  3.7488  4.1303  0.2622  6.2023  4.5184  3.9523  3.8234  3.7998
 149  1.015041  3.7484  4.1228  0.2688  6.1917  4.5039  3.9363  3.8068  3.7827
 150  1.016493  3.7480  4.1151  0.2753  6.1823  4.4895  3.9202  3.7901  3.7654
 151  1.017955  3.7475  4.1070  0.2820  6.1736  4.4754  3.9040  3.7731  3.7478
 152  1.019434  3.7468  4.0985  0.2887  6.1668  4.4617  3.8879  3.7561  3.7300
 153  1.020928  3.7462  4.0895  0.2954  6.1615  4.4484  3.8718  3.7388  3.7119
 154  1.022442  3.7453  4.0801  0.3021  6.1584  4.4358  3.8558  3.7214  3.6935
 155  1.023981  3.7444  4.0701  0.3089  6.1581  4.4239  3.8398  3.7040  3.6748
 156  1.025562  3.7431  4.0592  0.3156  6.1610  4.4131  3.8242  3.6864  3.6557
 157  1.027191  3.7417  4.0475  0.3223  6.1683  4.4043  3.8090  3.6689  3.6363
 158  1.028887  3.7398  4.0342  0.3287  6.1834  4.3983  3.7948  3.6517  3.6166
 159  1.030671  3.7373  4.0190  0.3348  6.2108  4.3975  3.7826  3.6352  3.5970
 160  1.032538  3.7340  4.0015  0.3399  6.2563  4.4046  3.7743  3.6212  3.5784
 161  1.034311  3.7298  3.9825  0.3427  6.3249  4.4232  3.7731  3.6126  3.5642
 162  1.035550  3.7261  3.9682  0.3426  6.3925  4.4461  3.7788  3.6119  3.5585
 163  1.036776  3.7215  3.9512  0.3418  6.4796  4.4773  3.7886  3.6136  3.5539
 164  1.037990  3.7160  3.9314  0.3402  6.5880  4.5179  3.8029  3.6181  3.5508
 165  1.039201  3.7098  3.9075  0.3398  6.7115  4.5625  3.8175  3.6210  3.5448
 166  1.040407  3.7035  3.8786  0.3436  6.8301  4.5995  3.8234  3.6145  3.5290
 167  1.041528  3.6980  3.8465  0.3543  6.9118  4.6142  3.8112  3.5914  3.4977
 168  1.042506  3.6940  3.8149  0.3704  6.9526  4.6056  3.7824  3.5544  3.4545
 169  1.043361  3.6912  3.7852  0.3892  6.9617  4.5812  3.7438  3.5099  3.4055
 170  1.044132  3.6891  3.7571  0.4093  6.9521  4.5475  3.7000  3.4616  3.3540
 171  1.044851  3.6875  3.7303  0.4302  6.9307  4.5081  3.6529  3.4112  3.3010
 172  1.045531  3.6863  3.7045  0.4515  6.9013  4.4648  3.6038  3.3596  3.2473
 173  1.046185  3.6854  3.6794  0.4730  6.8664  4.4188  3.5534  3.3069  3.1931
 174  1.046819  3.6846  3.6549  0.4946  6.8278  4.3708  3.5019  3.2538  3.1385
 175  1.047438  3.6839  3.6307  0.5164  6.7867  4.3216  3.4498  3.2003  3.0839
 176  1.048045  3.6833  3.6068  0.5383  6.7436  4.2715  3.3974  3.1466  3.0292
 177  1.048640  3.6828  3.5831  0.5602  6.6991  4.2207  3.3447  3.0927  2.9744
 178  1.049222  3.6824  3.5596  0.5820  6.6534  4.1693  3.2916  3.0385  2.9194
 179  1.049793  3.6820  3.5362  0.6040  6.6070  4.1176  3.2382  2.9844  2.8645
 180  1.050347  3.6815  3.5128  0.6260  6.5605  4.0657  3.1848  2.9301  2.8094
 181  1.050890  3.6811  3.4894  0.6480  6.5135  4.0136  3.1314  2.8757  2.7543
 182  1.051215  3.6809  3.4750  0.6616  6.4847  3.9817  3.0985  2.8422  2.7203
 183  1.051541  3.6806  3.4602  0.6753  6.4557  3.9492  3.0649  2.8081  2.6857
 184  1.051865  3.6803  3.4450  0.6896  6.4258  3.9157  3.0304  2.7730  2.6501
 185  1.052188  3.6801  3.4296  0.7040  6.3959  3.8819  2.9955  2.7373  2.6139
 186  1.052507  3.6797  3.4130  0.7194  6.3645  3.8461  2.9583  2.6994  2.5753
 187  1.052825  3.6794  3.3959  0.7353  6.3317  3.8090  2.9198  2.6602  2.5355
 188  1.053137  3.6790  3.3777  0.7521  6.2980  3.7700  2.8792  2.6187  2.4934
 189  1.053447  3.6786  3.3588  0.7695  6.2628  3.7296  2.8372  2.5758  2.4497
 190  1.053750  3.6781  3.3385  0.7882  6.2260  3.6866  2.7923  2.5299  2.4030
 191  1.054048  3.6777  3.3172  0.8076  6.1882  3.6419  2.7454  2.4818  2.3541
 192  1.054341  3.6771  3.2949  0.8280  6.1491  3.5955  2.6966  2.4319  2.3032
 193  1.054628  3.6766  3.2715  0.8492  6.1091  3.5473  2.6459  2.3798  2.2501
 194  1.054910  3.6759  3.2473  0.8710  6.0679  3.4977  2.5935  2.3260  2.1953
 195  1.055184  3.6752  3.2220  0.8938  6.0260  3.4463  2.5390  2.2700  2.1381
 196  1.055453  3.6746  3.1958  0.9172  5.9837  3.3938  2.4832  2.2126  2.0794
 197  1.055715  3.6738  3.1685  0.9414  5.9410  3.3399  2.4257  2.1532  2.0186
 198  1.055971  3.6730  3.1406  0.9663  5.8979  3.2850  2.3668  2.0923  1.9563
 199  1.056220  3.6721  3.1116  0.9919  5.8545  3.2288  2.3064  2.0298  1.8922
 200  1.056460  3.6711  3.0816  1.0182  5.8107  3.1712  2.2442  1.9654  1.8261
 201  1.056695  3.6702  3.0509  1.0451  5.7670  3.1128  2.1810  1.8998  1.7588
 202  1.056922  3.6691  3.0194  1.0726  5.7233  3.0535  2.1165  1.8327  1.6899
 203  1.057140  3.6681  2.9867  1.1008  5.6800  2.9933  2.0505  1.7640  1.6192
 204  1.057352  3.6668  2.9533  1.1295  5.6378  2.9327  1.9838  1.6944  1.5474
 205  1.057555  3.6656  2.9191  1.1587  5.5958  2.8714  1.9160  1.6234  1.4741
 206  1.057751  3.6643  2.8842  1.1886  5.5542  2.8093  1.8471  1.5512  1.3995
 207  1.057939  3.6629  2.8485  1.2188  5.5130  2.7468  1.7775  1.4781  1.3239
 208  1.058119  3.6615  2.8121  1.2495  5.4727  2.6840  1.7072  1.4041  1.2473
 209  1.058291  3.6600  2.7751  1.2807  5.4327  2.6206  1.6361  1.3291  1.1696
 210  1.058457  3.6584  2.7376  1.3120  5.3938  2.5572  1.5648  1.2536  1.0912
 211  1.058610  3.6568  2.6994  1.3440  5.3550  2.4931  1.4924  1.1768  1.0114
 212  1.058761  3.6547  2.6529  1.3822  5.3140  2.4200  1.4086  1.0864  0.9165
 213  1.058956  3.6529  2.6101  1.4180  5.2708  2.3491  1.3289  1.0010  0.8272
 214  1.059144  3.6528  2.5997  1.4278  5.2515  2.3255  1.3041  0.9765  0.8027
 215  1.059313  3.6536  2.6169  1.4139  5.2648  2.3502  1.3325  1.0086  0.8372
 216  1.059502  3.6534  2.6040  1.4263  5.2396  2.3201  1.3012  0.9775  0.8061
 217  1.059533  3.6533  2.6004  1.4294  5.2358  2.3139  1.2944  0.9703  0.7986
 218  1.059562  3.6532  2.5971  1.4320  5.2332  2.3090  1.2886  0.9640  0.7919
 219  1.059589  3.6530  2.5943  1.4342  5.2315  2.3050  1.2840  0.9588  0.7865
 220  1.059614  3.6530  2.5922  1.4359  5.2302  2.3021  1.2804  0.9549  0.7823
 221  1.059637  3.6529  2.5906  1.4373  5.2284  2.2994  1.2774  0.9516  0.7789
 222  1.059660  3.6528  2.5892  1.4386  5.2268  2.2969  1.2747  0.9487  0.7758
 223  1.059683  3.6528  2.5880  1.4396  5.2256  2.2949  1.2724  0.9462  0.7732
 224  1.059705  3.6527  2.5867  1.4407  5.2245  2.2930  1.2702  0.9438  0.7707
 225  1.059727  3.6527  2.5854  1.4418  5.2233  2.2909  1.2678  0.9412  0.7679
 226  1.059750  3.6526  2.5836  1.4433  5.2216  2.2879  1.2645  0.9376  0.7640
 227  1.060001  3.6507  2.5377  1.4817  5.1785  2.2131  1.1797  0.8465  0.6689
 228  1.060234  3.6470  2.4577  1.5470  5.1156  2.0902  1.0369  0.6922  0.5069
 229  1.060435  3.6432  2.3806  1.6093  5.0605  1.9758  0.9029  0.5460  0.3525
 230  1.060611  3.6396  2.3045  1.6706  5.0090  1.8656  0.7730  0.4030  0.2007
 231  1.060763  3.6358  2.2294  1.7306  4.9615  1.7599  0.6477  0.2637  0.0522
 232  1.060897  3.6321  2.1570  1.7882  4.9185  1.6607  0.5298  0.1313 -0.0899
 233  1.061012  3.6285  2.0873  1.8435  4.8785  1.5671  0.4184  0.0049 -0.2261
 234  1.061116  3.6248  2.0175  1.8985  4.8409  1.4767  0.3106 -0.1196 -0.3613
 235  1.061207  3.6210  1.9498  1.9516  4.8066  1.3923  0.2100 -0.2384 -0.4917
 236  1.061287  3.6173  1.8826  2.0038  4.7746  1.3122  0.1142 -0.3543 -0.6201
 237  1.061359  3.6136  1.8165  2.0549  4.7440  1.2368  0.0241 -0.4661 -0.7453
 238  1.061422  3.6099  1.7518  2.1048  4.7145  1.1655 -0.0601 -0.5742 -0.8677
 239  1.061480  3.6061  1.6884  2.1535  4.6858  1.0983 -0.1386 -0.6786 -0.9872
 240  1.061531  3.6025  1.6256  2.2016  4.6572  1.0351 -0.2115 -0.7800 -1.1049
 241  1.061577  3.5989  1.5645  2.2482  4.6274  0.9762 -0.2786 -0.8772 -1.2189
 242  1.061618  3.5952  1.5041  2.2940  4.5976  0.9224 -0.3385 -0.9709 -1.3306
 243  1.061656  3.5916  1.4451  2.3386  4.5692  0.8737 -0.3908 -1.0603 -1.4394
 244  1.061689  3.5880  1.3872  2.3823  4.5432  0.8305 -0.4335 -1.1457 -1.5458
 245  1.061720  3.5845  1.3302  2.4249  4.5170  0.7919 -0.4689 -1.2276 -1.6496
 246  1.061747  3.5809  1.2745  2.4666  4.4899  0.7583 -0.4962 -1.3056 -1.7506
 247  1.061772  3.5775  1.2201  2.5072  4.4623  0.7303 -0.5146 -1.3795 -1.8483
 248  1.061795  3.5740  1.1664  2.5472  4.4358  0.7086 -0.5246 -1.4498 -1.9438
 249  1.061816  3.5707  1.1142  2.5860  4.4114  0.6929 -0.5285 -1.5155 -2.0357
 250  1.061835  3.5674  1.0630  2.6238  4.3909  0.6827 -0.5297 -1.5770 -2.1241
 251  1.061853  3.5640  1.0124  2.6610  4.3745  0.6817 -0.5251 -1.6340 -2.2091
 252  1.061868  3.5607  0.9631  2.6970  4.3590  0.6910 -0.5072 -1.6845 -2.2893
 253  1.061884  3.5574  0.9145  2.7324  4.3423  0.7109 -0.4704 -1.7299 -2.3665
 254  1.061898  3.5542  0.8670  2.7669  4.3205  0.7503 -0.3944 -1.7666 -2.4397
 255  1.061910  3.5509  0.8205  2.8005  4.2921  0.8004 -0.2958 -1.7960 -2.5080
 256  1.061922  3.5477  0.7749  2.8334  4.2624  0.8615 -0.1833 -1.8175 -2.5714
 257  1.061933  3.5446  0.7306  2.8652  4.2334  0.9344 -0.0621 -1.8300 -2.6281
 258  1.061943  3.5415  0.6868  2.8966  4.2070  1.0271  0.0637 -1.8271 -2.6749
 259  1.061952  3.5384  0.6439  2.9272  4.1822  1.1322  0.1908 -1.8138 -2.7141
 260  1.061961  3.5354  0.6021  2.9569  4.1585  1.2441  0.3167 -1.7934 -2.7472
 261  1.061969  3.5324  0.5610  2.9860  4.1346  1.3647  0.4486 -1.7660 -2.7754
 262  1.061978  3.5294  0.5206  3.0145  4.1137  1.4723  0.5556 -1.7408 -2.8012
 263  1.061984  3.5265  0.4811  3.0422  4.0985  1.5636  0.6321 -1.7202 -2.8260
 264  1.061991  3.5236  0.4425  3.0693  4.0867  1.6557  0.7047 -1.6961 -2.8469
 265  1.061998  3.5207  0.4046  3.0958  4.0786  1.7523  0.7780 -1.6669 -2.8635
 266  1.062004  3.5179  0.3675  3.1217  4.0750  1.8487  0.8409 -1.6339 -2.8749
 267  1.062010  3.5151  0.3308  3.1469  4.0708  1.9431  0.9026 -1.5986 -2.8828
 268  1.062015  3.5123  0.2947  3.1716  4.0685  2.0292  0.9498 -1.5650 -2.8889
 269  1.062020  3.5095  0.2599  3.1956  4.0655  2.1033  0.9820 -1.5371 -2.8965
 270  1.062025  3.5068  0.2255  3.2191  4.0657  2.1665  0.9947 -1.5135 -2.9041
 271  1.062029  3.5042  0.1919  3.2421  4.0694  2.2197  0.9903 -1.4952 -2.9130
 272  1.062034  3.5014  0.1585  3.2646  4.0762  2.2737  0.9853 -1.4773 -2.9217
 273  1.062038  3.4988  0.1261  3.2866  4.0830  2.3192  0.9742 -1.4640 -2.9324
 274  1.062042  3.4962  0.0944  3.3080  4.0904  2.3604  0.9598 -1.4528 -2.9434
 275  1.062046  3.4936  0.0632  3.3289  4.0911  2.3948  0.9425 -1.4444 -2.9553
 276  1.062049  3.4911  0.0328  3.3492  4.0571  2.4097  0.9170 -1.4441 -2.9711
 277  1.062052  3.4886  0.0031  3.3689  4.1071  2.4552  0.9080 -1.4304 -2.9780
 278  1.062056  3.4863 -0.0253  3.3877  4.1617  2.4978  0.8978 -1.4183 -2.9845
 279  1.062057  3.4844 -0.0482  3.4030  4.1712  2.5142  0.8746 -1.4165 -2.9931
