#NUMBER OF AGES= 1
#----------------------------------------------------       
#MIX-LEN  Y      Z          Zeff        [Fe/H] [a/Fe]
# 1.9380  0.2846 2.4865E-02 2.4865E-02   0.20   0.00 
#----------------------------------------------------       
#**PHOTOMETRIC SYSTEM**: SDSS (AB)                          
#----------------------------------------------------       
#AGE=11.000 EEPS=268
#EEP   M/Mo    LogTeff  LogG   LogL/Lo sdss_u  sdss_g  sdss_r  sdss_i  sdss_z
  12  0.106968  3.5007  5.2615 -2.8382 18.0559 14.9809 13.4839 12.1741 11.4168
  13  0.126810  3.5006  5.1906 -2.6939 17.6476 14.6153 13.1263 11.8170 11.0585
  14  0.150714  3.5011  5.1237 -2.5496 17.2231 14.2369 12.7579 11.4550 10.6986
  15  0.175586  3.5041  5.0768 -2.4245 16.8070 13.8706 12.4069 11.1269 10.3827
  16  0.195703  3.5073  5.0478 -2.3354 16.4898 13.5917 12.1424 10.8865 10.1557
  17  0.212176  3.5097  5.0248 -2.2682 16.2571 13.3854 11.9468 10.7069  9.9850
  18  0.227379  3.5117  5.0054 -2.2104 16.0568 13.2070 11.7780 10.5521  9.8382
  19  0.242605  3.5138  4.9878 -2.1562 15.8701 13.0395 11.6198 10.4069  9.7010
  20  0.259573  3.5160  4.9700 -2.1001 15.6776 12.8655 11.4557 10.2563  9.5587
  21  0.280990  3.5188  4.9491 -2.0338 15.4520 12.6604 11.2625 10.0786  9.3909
  22  0.297134  3.5208  4.9359 -1.9885 15.2980 12.5194 11.1298  9.9570  9.2766
  23  0.306054  3.5218  4.9290 -1.9645 15.2166 12.4444 11.0592  9.8924  9.2159
  24  0.312341  3.5226  4.9238 -1.9477 15.1604 12.3926 11.0105  9.8475  9.1736
  25  0.316576  3.5228  4.9217 -1.9387 15.1332 12.3669 10.9858  9.8242  9.1512
  26  0.319941  3.5234  4.9196 -1.9296 15.0985 12.3352 10.9565  9.7985  9.1278
  27  0.322517  3.5237  4.9158 -1.9210 15.0711 12.3101 10.9328  9.7762  9.1064
  28  0.324566  3.5241  4.9162 -1.9176 15.0576 12.2975 10.9211  9.7662  9.0976
  29  0.326867  3.5243  4.9139 -1.9111 15.0362 12.2776 10.9024  9.7488  9.0811
  30  0.329465  3.5246  4.9123 -1.9047 15.0143 12.2574 10.8834  9.7316  9.0651
  31  0.333377  3.5250  4.9097 -1.8953 14.9823 12.2279 10.8556  9.7062  9.0412
  32  0.339332  3.5257  4.9064 -1.8816 14.9362 12.1848 10.8151  9.6693  9.0068
  33  0.347931  3.5267  4.9008 -1.8612 14.8679 12.1213 10.7554  9.6145  8.9555
  34  0.454734  3.5445  4.8110 -1.5822 13.9091 11.2180  9.9148  8.8544  8.2560
  35  0.468214  3.5483  4.7978 -1.5431 13.7787 11.0822  9.7843  8.7441  8.1604
  36  0.487719  3.5533  4.7798 -1.4873 13.5897 10.8908  9.6035  8.5867  8.0219
  37  0.503952  3.5578  4.7647 -1.4396 13.4293 10.7244  9.4447  8.4519  7.9046
  38  0.517759  3.5621  4.7517 -1.3983 13.2911 10.5774  9.3030  8.3344  7.8035
  39  0.529757  3.5659  4.7406 -1.3618 13.1692 10.4447  9.1738  8.2305  7.7149
  40  0.540917  3.5696  4.7302 -1.3273 13.0543 10.3172  9.0485  8.1314  7.6313
  41  0.552810  3.5737  4.7193 -1.2905 12.9318 10.1793  8.9123  8.0247  7.5422
  42  0.566074  3.5784  4.7070 -1.2492 12.7950 10.0234  8.7570  7.9046  7.4427
  43  0.580681  3.5839  4.6939 -1.2032 12.6388  9.8440  8.5766  7.7685  7.3324
  44  0.595876  3.5899  4.6807 -1.1546 12.4700  9.6477  8.3781  7.6220  7.2159
  45  0.611021  3.5964  4.6682 -1.1054 12.3020  9.4474  8.1789  7.4741  7.0978
  46  0.625535  3.6029  4.6569 -1.0578 12.1377  9.2513  7.9865  7.3311  6.9838
  47  0.639336  3.6093  4.6467 -1.0123 11.9730  9.0596  7.7988  7.1935  6.8763
  48  0.652140  3.6155  4.6376 -0.9703 11.8171  8.8821  7.6267  7.0672  6.7778
  49  0.664276  3.6212  4.6291 -0.9306 11.6659  8.7150  7.4698  6.9497  6.6846
  50  0.676105  3.6270  4.6212 -0.8918 11.5068  8.5488  7.3188  6.8352  6.5929
  51  0.687716  3.6329  4.6140 -0.8536 11.3326  8.3809  7.1699  6.7218  6.5013
  52  0.694442  3.6363  4.6099 -0.8314 11.2249  8.2825  7.0844  6.6562  6.4476
  53  0.701423  3.6400  4.6057 -0.8084 11.1085  8.1796  6.9962  6.5879  6.3913
  54  0.708601  3.6437  4.6014 -0.7846 10.9841  8.0734  6.9065  6.5176  6.3328
  55  0.715878  3.6476  4.5971 -0.7606 10.8545  7.9665  6.8178  6.4471  6.2732
  56  0.723120  3.6514  4.5927 -0.7367 10.7217  7.8606  6.7316  6.3776  6.2136
  57  0.730188  3.6551  4.5885 -0.7134 10.5888  7.7581  6.6499  6.3108  6.1554
  58  0.736947  3.6586  4.5844 -0.6914 10.4600  7.6615  6.5742  6.2481  6.1000
  59  0.743384  3.6619  4.5805 -0.6704 10.3356  7.5702  6.5036  6.1890  6.0472
  60  0.749561  3.6650  4.5765 -0.6505 10.2176  7.4846  6.4379  6.1334  5.9969
  61  0.755512  3.6680  4.5728 -0.6311 10.1024  7.4022  6.3753  6.0800  5.9485
  62  0.761259  3.6709  4.5689 -0.6125  9.9925  7.3240  6.3160  6.0290  5.9017
  63  0.766836  3.6737  4.5651 -0.5943  9.8851  7.2483  6.2589  5.9796  5.8563
  64  0.772290  3.6764  4.5612 -0.5766  9.7810  7.1753  6.2037  5.9316  5.8120
  65  0.777641  3.6790  4.5573 -0.5590  9.6780  7.1039  6.1497  5.8844  5.7684
  66  0.782930  3.6816  4.5532 -0.5416  9.5765  7.0339  6.0966  5.8380  5.7255
  67  0.788206  3.6842  4.5491 -0.5242  9.4761  6.9645  6.0440  5.7917  5.6826
  68  0.793437  3.6868  4.5448 -0.5069  9.3783  6.8965  5.9921  5.7459  5.6403
  69  0.798603  3.6893  4.5405 -0.4898  9.2834  6.8298  5.9411  5.7007  5.5985
  70  0.803720  3.6917  4.5361 -0.4728  9.1903  6.7644  5.8910  5.6562  5.5574
  71  0.808790  3.6941  4.5315 -0.4559  9.0991  6.7004  5.8418  5.6123  5.5167
  72  0.813801  3.6964  4.5270 -0.4393  9.0081  6.6378  5.7934  5.5691  5.4768
  73  0.818760  3.6987  4.5223 -0.4230  8.9195  6.5768  5.7460  5.5266  5.4376
  74  0.823665  3.7009  4.5175 -0.4068  8.8330  6.5174  5.6997  5.4849  5.3989
  75  0.828504  3.7030  4.5128 -0.3909  8.7486  6.4597  5.6544  5.4442  5.3611
  76  0.833254  3.7052  4.5079 -0.3753  8.6671  6.4037  5.6104  5.4044  5.3242
  77  0.837924  3.7071  4.5030 -0.3601  8.5875  6.3494  5.5673  5.3654  5.2880
  78  0.842506  3.7090  4.4981 -0.3450  8.5098  6.2966  5.5254  5.3274  5.2525
  79  0.847015  3.7109  4.4931 -0.3303  8.4342  6.2451  5.4842  5.2899  5.2177
  80  0.851437  3.7127  4.4880 -0.3158  8.3605  6.1949  5.4439  5.2533  5.1835
  81  0.855771  3.7144  4.4829 -0.3015  8.2888  6.1461  5.4046  5.2173  5.1499
  82  0.859861  3.7161  4.4780 -0.2880  8.2214  6.1002  5.3675  5.1833  5.1182
  83  0.863854  3.7176  4.4730 -0.2747  8.1562  6.0557  5.3313  5.1500  5.0870
  84  0.867750  3.7191  4.4679 -0.2616  8.0926  6.0123  5.2959  5.1175  5.0565
  85  0.871549  3.7206  4.4629 -0.2488  8.0306  5.9702  5.2613  5.0854  5.0264
  86  0.875259  3.7220  4.4577 -0.2363  7.9705  5.9292  5.2274  5.0540  4.9970
  87  0.878884  3.7233  4.4525 -0.2239  7.9121  5.8892  5.1943  5.0233  4.9679
  88  0.882426  3.7246  4.4474 -0.2118  7.8555  5.8503  5.1619  4.9931  4.9395
  89  0.885894  3.7259  4.4421 -0.1999  7.8005  5.8122  5.1301  4.9635  4.9115
  90  0.889288  3.7271  4.4369 -0.1881  7.7473  5.7751  5.0989  4.9344  4.8840
  91  0.892612  3.7282  4.4316 -0.1766  7.6957  5.7387  5.0684  4.9059  4.8570
  92  0.895874  3.7294  4.4263 -0.1653  7.6456  5.7033  5.0385  4.8779  4.8304
  93  0.899071  3.7304  4.4210 -0.1541  7.5969  5.6687  5.0091  4.8504  4.8043
  94  0.902211  3.7315  4.4156 -0.1431  7.5495  5.6347  4.9802  4.8233  4.7785
  95  0.905295  3.7324  4.4102 -0.1323  7.5033  5.6014  4.9519  4.7966  4.7531
  96  0.908326  3.7334  4.4049 -0.1217  7.4583  5.5690  4.9241  4.7704  4.7281
  97  0.911312  3.7343  4.3995 -0.1112  7.4144  5.5371  4.8968  4.7446  4.7035
  98  0.914249  3.7352  4.3941 -0.1008  7.3718  5.5060  4.8699  4.7192  4.6791
  99  0.917145  3.7360  4.3886 -0.0907  7.3305  5.4756  4.8435  4.6941  4.6552
 100  0.919998  3.7369  4.3831 -0.0806  7.2901  5.4458  4.8176  4.6695  4.6316
 101  0.922812  3.7376  4.3776 -0.0707  7.2509  5.4166  4.7921  4.6453  4.6083
 102  0.925592  3.7383  4.3721 -0.0610  7.2128  5.3880  4.7671  4.6214  4.5854
 103  0.928344  3.7390  4.3666 -0.0515  7.1759  5.3600  4.7424  4.5980  4.5627
 104  0.931071  3.7396  4.3610 -0.0420  7.1401  5.3326  4.7182  4.5748  4.5403
 105  0.933776  3.7403  4.3554 -0.0327  7.1052  5.3058  4.6944  4.5519  4.5183
 106  0.936450  3.7408  4.3498 -0.0235  7.0715  5.2796  4.6710  4.5295  4.4964
 107  0.939084  3.7414  4.3441 -0.0145  7.0388  5.2539  4.6479  4.5073  4.4749
 108  0.941664  3.7420  4.3385 -0.0057  7.0070  5.2287  4.6253  4.4855  4.4537
 109  0.944158  3.7424  4.3328  0.0031  6.9760  5.2041  4.6030  4.4640  4.4329
 110  0.946538  3.7428  4.3273  0.0117  6.9454  5.1798  4.5812  4.4429  4.4123
 111  0.948845  3.7433  4.3218  0.0201  6.9156  5.1560  4.5597  4.4222  4.3922
 112  0.950323  3.7436  4.3181  0.0257  6.8964  5.1407  4.5457  4.4088  4.3791
 113  0.951802  3.7439  4.3144  0.0311  6.8772  5.1252  4.5317  4.3951  4.3658
 114  0.953280  3.7442  4.3105  0.0368  6.8580  5.1096  4.5174  4.3814  4.3524
 115  0.954758  3.7445  4.3066  0.0424  6.8388  5.0939  4.5032  4.3675  4.3388
 116  0.956235  3.7447  4.3027  0.0481  6.8197  5.0782  4.4888  4.3534  4.3251
 117  0.957712  3.7449  4.2986  0.0539  6.8005  5.0623  4.4742  4.3393  4.3112
 118  0.959194  3.7452  4.2945  0.0597  6.7814  5.0464  4.4595  4.3250  4.2973
 119  0.960679  3.7455  4.2903  0.0656  6.7620  5.0304  4.4447  4.3107  4.2832
 120  0.962166  3.7457  4.2859  0.0714  6.7430  5.0143  4.4298  4.2961  4.2689
 121  0.963660  3.7459  4.2816  0.0774  6.7241  4.9982  4.4148  4.2815  4.2545
 122  0.965143  3.7462  4.2771  0.0834  6.7049  4.9820  4.3997  4.2666  4.2400
 123  0.966589  3.7464  4.2727  0.0895  6.6849  4.9653  4.3842  4.2516  4.2253
 124  0.968049  3.7466  4.2682  0.0956  6.6650  4.9486  4.3688  4.2365  4.2105
 125  0.969515  3.7469  4.2636  0.1018  6.6453  4.9319  4.3533  4.2214  4.1956
 126  0.970984  3.7471  4.2590  0.1080  6.6259  4.9153  4.3378  4.2062  4.1807
 127  0.972455  3.7473  4.2543  0.1141  6.6066  4.8987  4.3223  4.1911  4.1657
 128  0.973927  3.7475  4.2495  0.1203  6.5876  4.8822  4.3067  4.1758  4.1507
 129  0.975398  3.7477  4.2446  0.1265  6.5687  4.8657  4.2911  4.1604  4.1355
 130  0.976866  3.7478  4.2397  0.1327  6.5504  4.8492  4.2755  4.1450  4.1203
 131  0.978331  3.7480  4.2345  0.1390  6.5324  4.8330  4.2598  4.1296  4.1050
 132  0.979789  3.7481  4.2294  0.1453  6.5142  4.8166  4.2442  4.1141  4.0897
 133  0.981245  3.7481  4.2240  0.1515  6.4969  4.8005  4.2285  4.0985  4.0742
 134  0.982693  3.7482  4.2187  0.1578  6.4797  4.7843  4.2128  4.0829  4.0587
 135  0.984133  3.7482  4.2133  0.1641  6.4625  4.7681  4.1970  4.0674  4.0432
 136  0.985566  3.7482  4.2078  0.1704  6.4458  4.7521  4.1813  4.0516  4.0275
 137  0.986993  3.7483  4.2021  0.1767  6.4296  4.7362  4.1656  4.0360  4.0118
 138  0.988410  3.7483  4.1963  0.1831  6.4136  4.7203  4.1499  4.0202  3.9960
 139  0.989820  3.7483  4.1905  0.1894  6.3979  4.7046  4.1342  4.0044  3.9801
 140  0.991216  3.7482  4.1846  0.1958  6.3823  4.6889  4.1185  3.9886  3.9643
 141  0.992599  3.7481  4.1785  0.2020  6.3677  4.6735  4.1028  3.9728  3.9484
 142  0.993967  3.7481  4.1726  0.2083  6.3527  4.6580  4.0872  3.9571  3.9325
 143  0.995334  3.7479  4.1662  0.2146  6.3391  4.6429  4.0717  3.9413  3.9165
 144  0.996686  3.7478  4.1601  0.2209  6.3250  4.6277  4.0561  3.9255  3.9006
 145  0.998040  3.7475  4.1534  0.2272  6.3125  4.6129  4.0405  3.9097  3.8844
 146  0.999390  3.7473  4.1468  0.2336  6.3000  4.5982  4.0249  3.8938  3.8683
 147  1.000741  3.7470  4.1399  0.2399  6.2886  4.5836  4.0094  3.8778  3.8519
 148  1.002095  3.7467  4.1328  0.2463  6.2778  4.5693  3.9938  3.8617  3.8353
 149  1.003455  3.7463  4.1254  0.2527  6.2679  4.5551  3.9782  3.8454  3.8187
 150  1.004822  3.7459  4.1179  0.2591  6.2591  4.5412  3.9626  3.8291  3.8019
 151  1.006196  3.7454  4.1099  0.2656  6.2511  4.5276  3.9470  3.8127  3.7848
 152  1.007585  3.7447  4.1016  0.2720  6.2450  4.5146  3.9314  3.7962  3.7675
 153  1.008988  3.7441  4.0929  0.2785  6.2403  4.5018  3.9159  3.7796  3.7500
 154  1.010408  3.7432  4.0837  0.2850  6.2378  4.4897  3.9005  3.7628  3.7322
 155  1.011854  3.7422  4.0739  0.2915  6.2376  4.4787  3.8852  3.7460  3.7141
 156  1.013340  3.7411  4.0635  0.2980  6.2406  4.4687  3.8702  3.7291  3.6957
 157  1.014870  3.7397  4.0521  0.3045  6.2480  4.4604  3.8556  3.7122  3.6770
 158  1.016465  3.7378  4.0392  0.3107  6.2631  4.4549  3.8421  3.6955  3.6580
 159  1.018144  3.7355  4.0244  0.3166  6.2897  4.4542  3.8302  3.6796  3.6389
 160  1.019910  3.7323  4.0072  0.3218  6.3341  4.4606  3.8218  3.6656  3.6206
 161  1.021625  3.7281  3.9882  0.3249  6.4010  4.4781  3.8199  3.6565  3.6059
 162  1.022837  3.7244  3.9735  0.3254  6.4673  4.5000  3.8248  3.6550  3.5994
 163  1.024042  3.7199  3.9560  0.3252  6.5529  4.5298  3.8332  3.6553  3.5934
 164  1.025243  3.7145  3.9355  0.3244  6.6591  4.5685  3.8457  3.6578  3.5883
 165  1.026443  3.7083  3.9109  0.3251  6.7796  4.6103  3.8578  3.6583  3.5800
 166  1.027635  3.7020  3.8813  0.3302  6.8912  4.6437  3.8606  3.6489  3.5614
 167  1.028737  3.6968  3.8487  0.3420  6.9672  4.6546  3.8452  3.6229  3.5273
 168  1.029699  3.6929  3.8166  0.3591  7.0036  4.6429  3.8139  3.5836  3.4820
 169  1.030544  3.6902  3.7864  0.3787  7.0088  4.6161  3.7732  3.5372  3.4313
 170  1.031313  3.6882  3.7579  0.3996  6.9961  4.5802  3.7274  3.4870  3.3780
 171  1.032030  3.6867  3.7306  0.4211  6.9721  4.5387  3.6785  3.4348  3.3233
 172  1.032714  3.6855  3.7042  0.4431  6.9402  4.4933  3.6276  3.3814  3.2678
 173  1.033374  3.6846  3.6786  0.4653  6.9031  4.4452  3.5753  3.3271  3.2119
 174  1.034017  3.6838  3.6534  0.4877  6.8626  4.3954  3.5221  3.2722  3.1557
 175  1.034649  3.6832  3.6287  0.5101  6.8193  4.3444  3.4684  3.2172  3.0995
 176  1.035269  3.6826  3.6042  0.5326  6.7744  4.2925  3.4142  3.1617  3.0432
 177  1.035881  3.6821  3.5800  0.5551  6.7279  4.2399  3.3597  3.1062  2.9867
 178  1.036483  3.6817  3.5559  0.5776  6.6802  4.1867  3.3050  3.0504  2.9302
 179  1.037074  3.6812  3.5319  0.6002  6.6319  4.1332  3.2501  2.9946  2.8736
 180  1.037650  3.6809  3.5078  0.6229  6.5835  4.0796  3.1950  2.9387  2.8168
 181  1.038218  3.6804  3.4838  0.6456  6.5348  4.0259  3.1398  2.8826  2.7600
 182  1.038541  3.6802  3.4697  0.6588  6.5069  3.9947  3.1077  2.8499  2.7269
 183  1.038864  3.6799  3.4553  0.6723  6.4786  3.9630  3.0751  2.8166  2.6932
 184  1.039185  3.6797  3.4406  0.6861  6.4494  3.9304  3.0414  2.7823  2.6584
 185  1.039506  3.6794  3.4255  0.7002  6.4200  3.8972  3.0072  2.7475  2.6231
 186  1.039823  3.6791  3.4093  0.7153  6.3889  3.8620  2.9707  2.7103  2.5852
 187  1.040137  3.6788  3.3924  0.7310  6.3566  3.8253  2.9327  2.6716  2.5460
 188  1.040446  3.6784  3.3744  0.7477  6.3229  3.7867  2.8925  2.6306  2.5042
 189  1.040752  3.6780  3.3555  0.7651  6.2880  3.7463  2.8506  2.5877  2.4607
 190  1.041051  3.6776  3.3355  0.7836  6.2510  3.7035  2.8058  2.5421  2.4142
 191  1.041343  3.6771  3.3139  0.8032  6.2128  3.6584  2.7586  2.4937  2.3650
 192  1.041631  3.6765  3.2916  0.8236  6.1733  3.6117  2.7097  2.4436  2.3139
 193  1.041912  3.6760  3.2681  0.8450  6.1330  3.5632  2.6586  2.3911  2.2605
 194  1.042188  3.6754  3.2439  0.8669  6.0916  3.5134  2.6060  2.3372  2.2055
 195  1.042457  3.6747  3.2185  0.8898  6.0495  3.4619  2.5515  2.2811  2.1481
 196  1.042721  3.6740  3.1921  0.9133  6.0069  3.4090  2.4952  2.2231  2.0889
 197  1.042976  3.6732  3.1646  0.9378  5.9640  3.3548  2.4372  2.1632  2.0277
 198  1.043226  3.6724  3.1366  0.9626  5.9206  3.2996  2.3782  2.1023  1.9653
 199  1.043469  3.6715  3.1075  0.9884  5.8768  3.2430  2.3173  2.0394  1.9007
 200  1.043703  3.6706  3.0773  1.0149  5.8327  3.1850  2.2548  1.9745  1.8342
 201  1.043931  3.6696  3.0464  1.0420  5.7887  3.1263  2.1913  1.9086  1.7666
 202  1.044152  3.6686  3.0147  1.0696  5.7449  3.0668  2.1265  1.8413  1.6974
 203  1.044363  3.6674  2.9821  1.0979  5.7016  3.0064  2.0603  1.7724  1.6265
 204  1.044569  3.6663  2.9486  1.1267  5.6591  2.9456  1.9934  1.7024  1.5544
 205  1.044766  3.6650  2.9142  1.1560  5.6169  2.8840  1.9253  1.6312  1.4809
 206  1.044955  3.6637  2.8791  1.1859  5.5751  2.8219  1.8564  1.5589  1.4062
 207  1.045137  3.6623  2.8435  1.2162  5.5338  2.7593  1.7866  1.4856  1.3304
 208  1.045311  3.6609  2.8070  1.2470  5.4933  2.6962  1.7162  1.4114  1.2535
 209  1.045478  3.6594  2.7700  1.2782  5.4533  2.6327  1.6451  1.3364  1.1758
 210  1.045638  3.6578  2.7324  1.3097  5.4142  2.5692  1.5735  1.2607  1.0972
 211  1.045786  3.6562  2.6938  1.3420  5.3753  2.5047  1.5007  1.1833  1.0167
 212  1.045934  3.6541  2.6453  1.3818  5.3317  2.4283  1.4135  1.0890  0.9176
 213  1.046149  3.6525  2.6072  1.4138  5.2926  2.3648  1.3422  1.0128  0.8380
 214  1.046310  3.6532  2.6148  1.4087  5.2891  2.3691  1.3492  1.0230  0.8501
 215  1.046475  3.6537  2.6243  1.4016  5.2926  2.3798  1.3623  1.0389  0.8679
 216  1.046665  3.6529  2.6005  1.4224  5.2624  2.3357  1.3141  0.9887  0.8161
 217  1.046693  3.6528  2.5980  1.4245  5.2596  2.3314  1.3092  0.9835  0.8108
 218  1.046720  3.6527  2.5960  1.4263  5.2576  2.3281  1.3054  0.9794  0.8065
 219  1.046745  3.6527  2.5944  1.4275  5.2561  2.3255  1.3026  0.9764  0.8033
 220  1.046768  3.6527  2.5935  1.4284  5.2548  2.3238  1.3007  0.9743  0.8012
 221  1.046792  3.6527  2.5931  1.4289  5.2536  2.3225  1.2995  0.9731  0.8000
 222  1.046814  3.6527  2.5929  1.4291  5.2529  2.3221  1.2991  0.9726  0.7994
 223  1.046835  3.6527  2.5928  1.4292  5.2533  2.3221  1.2991  0.9725  0.7993
 224  1.046858  3.6527  2.5925  1.4294  5.2539  2.3223  1.2991  0.9723  0.7989
 225  1.046880  3.6526  2.5919  1.4298  5.2539  2.3216  1.2982  0.9712  0.7978
 226  1.046905  3.6525  2.5898  1.4316  5.2521  2.3182  1.2943  0.9670  0.7933
 227  1.047152  3.6500  2.5292  1.4822  5.1945  2.2191  1.1819  0.8467  0.6677
 228  1.047374  3.6463  2.4496  1.5471  5.1323  2.0972  1.0403  0.6934  0.5067
 229  1.047567  3.6426  2.3722  1.6097  5.0770  1.9826  0.9060  0.5468  0.3517
 230  1.047734  3.6389  2.2969  1.6703  5.0261  1.8739  0.7777  0.4055  0.2017
 231  1.047880  3.6352  2.2221  1.7302  4.9787  1.7686  0.6531  0.2668  0.0538
 232  1.048008  3.6315  2.1500  1.7876  4.9358  1.6699  0.5359  0.1348 -0.0879
 233  1.048120  3.6278  2.0794  1.8436  4.8950  1.5754  0.4234  0.0070 -0.2258
 234  1.048217  3.6241  2.0104  1.8979  4.8579  1.4861  0.3171 -0.1160 -0.3595
 235  1.048304  3.6204  1.9425  1.9510  4.8235  1.4020  0.2168 -0.2347 -0.4900
 236  1.048382  3.6167  1.8752  2.0033  4.7913  1.3222  0.1215 -0.3505 -0.6185
 237  1.048451  3.6129  1.8089  2.0546  4.7602  1.2467  0.0315 -0.4625 -0.7442
 238  1.048512  3.6092  1.7443  2.1043  4.7306  1.1758 -0.0519 -0.5702 -0.8663
 239  1.048566  3.6055  1.6810  2.1530  4.7017  1.1090 -0.1298 -0.6743 -0.9857
 240  1.048616  3.6018  1.6181  2.2010  4.6728  1.0462 -0.2020 -0.7755 -1.1033
 241  1.048660  3.5982  1.5569  2.2478  4.6424  0.9875 -0.2686 -0.8728 -1.2175
 242  1.048699  3.5946  1.4967  2.2935  4.6124  0.9343 -0.3276 -0.9659 -1.3290
 243  1.048734  3.5909  1.4377  2.3381  4.5842  0.8864 -0.3785 -1.0550 -1.4377
 244  1.048766  3.5874  1.3798  2.3817  4.5581  0.8437 -0.4200 -1.1401 -1.5440
 245  1.048795  3.5838  1.3230  2.4243  4.5317  0.8056 -0.4544 -1.2216 -1.6477
 246  1.048822  3.5803  1.2672  2.4660  4.5038  0.7726 -0.4803 -1.2993 -1.7485
 247  1.048846  3.5769  1.2125  2.5069  4.4760  0.7454 -0.4973 -1.3734 -1.8469
 248  1.048868  3.5734  1.1590  2.5466  4.4498  0.7248 -0.5060 -1.4428 -1.9417
 249  1.048888  3.5700  1.1067  2.5856  4.4258  0.7096 -0.5098 -1.5084 -2.0337
 250  1.048907  3.5667  1.0555  2.6232  4.4062  0.7008 -0.5107 -1.5693 -2.1217
 251  1.048923  3.5633  1.0050  2.6604  4.3901  0.7016 -0.5038 -1.6252 -2.2060
 252  1.048939  3.5600  0.9557  2.6965  4.3744  0.7130 -0.4825 -1.6749 -2.2859
 253  1.048953  3.5567  0.9071  2.7318  4.3568  0.7349 -0.4410 -1.7199 -2.3631
 254  1.048966  3.5535  0.8595  2.7663  4.3328  0.7785 -0.3556 -1.7548 -2.4357
 255  1.048978  3.5502  0.8130  2.7999  4.3039  0.8315 -0.2527 -1.7825 -2.5033
 256  1.048989  3.5470  0.7676  2.8327  4.2740  0.8948 -0.1380 -1.8025 -2.5656
 257  1.049000  3.5439  0.7230  2.8647  4.2448  0.9721 -0.0133 -1.8125 -2.6211
 258  1.049010  3.5408  0.6791  2.8960  4.2190  1.0706  0.1139 -1.8054 -2.6655
 259  1.049019  3.5377  0.6364  2.9264  4.1943  1.1778  0.2415 -1.7904 -2.7034
 260  1.049028  3.5347  0.5946  2.9562  4.1706  1.2912  0.3673 -1.7689 -2.7357
 261  1.049035  3.5316  0.5534  2.9853  4.1460  1.4135  0.5007 -1.7398 -2.7628
 262  1.049043  3.5287  0.5130  3.0138  4.1272  1.5154  0.5968 -1.7166 -2.7887
 263  1.049049  3.5258  0.4735  3.0416  4.1125  1.6061  0.6704 -1.6956 -2.8130
 264  1.049056  3.5228  0.4348  3.0686  4.1016  1.7003  0.7448 -1.6698 -2.8328
 265  1.049062  3.5200  0.3970  3.0951  4.0947  1.7979  0.8158 -1.6391 -2.8480
 266  1.049068  3.5172  0.3599  3.1209  4.0907  1.8940  0.8787 -1.6055 -2.8587
 267  1.049073  3.5143  0.3229  3.1462  4.0876  1.9878  0.9369 -1.5693 -2.8653
 268  1.049078  3.5115  0.2871  3.1709  4.0846  2.0702  0.9797 -1.5378 -2.8724
 269  1.049083  3.5087  0.2521  3.1950  4.0824  2.1423  1.0075 -1.5104 -2.8796
 270  1.049088  3.5060  0.2177  3.2185  4.0841  2.2014  1.0119 -1.4890 -2.8878
 271  1.049092  3.5033  0.1839  3.2414  4.0888  2.2554  1.0075 -1.4706 -2.8967
 272  1.049097  3.5006  0.1506  3.2639  4.0957  2.3068  1.0000 -1.4541 -2.9062
 273  1.049100  3.4980  0.1182  3.2858  4.1025  2.3511  0.9874 -1.4413 -2.9169
 274  1.049105  3.4954  0.0865  3.3073  4.1108  2.3914  0.9721 -1.4307 -2.9282
 275  1.049108  3.4928  0.0552  3.3282  4.0909  2.4157  0.9499 -1.4265 -2.9424
 276  1.049111  3.4902  0.0248  3.3485  4.0865  2.4416  0.9301 -1.4212 -2.9552
 277  1.049115  3.4878 -0.0050  3.3682  4.1424  2.4880  0.9214 -1.4075 -2.9618
 278  1.049118  3.4854 -0.0335  3.3871  4.2012  2.5308  0.9113 -1.3960 -2.9685
 279  1.049120  3.4833 -0.0575  3.4031  4.2194  2.5498  0.8889 -1.3942 -2.9777
