#NUMBER OF AGES= 1
#----------------------------------------------------       
#MIX-LEN  Y      Z          Zeff        [Fe/H] [a/Fe]
# 1.9380  0.2846 2.4865E-02 2.4865E-02   0.20   0.00 
#----------------------------------------------------       
#**PHOTOMETRIC SYSTEM**: SDSS (AB)                          
#----------------------------------------------------       
#AGE=11.500 EEPS=267
#EEP   M/Mo    LogTeff  LogG   LogL/Lo sdss_u  sdss_g  sdss_r  sdss_i  sdss_z
  13  0.122653  3.5006  5.2042 -2.7220 17.7272 14.6865 13.1959 11.8865 11.1282
  14  0.145625  3.5009  5.1358 -2.5776 17.3084 14.3128 12.8315 11.5263 10.7688
  15  0.169981  3.5032  5.0852 -2.4504 16.8975 13.9501 12.4826 11.1963 10.4486
  16  0.190473  3.5065  5.0543 -2.3569 16.5665 13.6594 12.2066 10.9448 10.2106
  17  0.207137  3.5089  5.0307 -2.2872 16.3230 13.4441 12.0025 10.7578 10.0334
  18  0.222251  3.5110  5.0107 -2.2283 16.1196 13.2633 11.8311 10.6005  9.8840
  19  0.237223  3.5131  4.9928 -2.1739 15.9311 13.0946 11.6718 10.4544  9.7458
  20  0.252807  3.5152  4.9757 -2.1208 15.7492 12.9305 11.5169 10.3121  9.6113
  21  0.273839  3.5179  4.9548 -2.0543 15.5221 12.7245 11.3227 10.1338  9.4428
  22  0.292586  3.5202  4.9385 -2.0000 15.3372 12.5555 11.1638  9.9879  9.3054
  23  0.303602  3.5216  4.9300 -1.9702 15.2361 12.4625 11.0764  9.9079  9.2304
  24  0.310560  3.5224  4.9245 -1.9516 15.1737 12.4051 11.0222  9.8582  9.1835
  25  0.315340  3.5227  4.9219 -1.9412 15.1410 12.3743 10.9928  9.8306  9.1572
  26  0.319032  3.5233  4.9198 -1.9313 15.1046 12.3409 10.9619  9.8032  9.1322
  27  0.321789  3.5236  4.9159 -1.9224 15.0760 12.3147 10.9372  9.7800  9.1100
  28  0.323911  3.5239  4.9163 -1.9188 15.0618 12.3014 10.9248  9.7695  9.1006
  29  0.326156  3.5242  4.9140 -1.9124 15.0407 12.2819 10.9065  9.7524  9.0845
  30  0.328592  3.5245  4.9124 -1.9063 15.0198 12.2626 10.8884  9.7361  9.0693
  31  0.332137  3.5249  4.9100 -1.8976 14.9904 12.2354 10.8627  9.7125  9.0472
  32  0.337399  3.5255  4.9070 -1.8854 14.9492 12.1970 10.8266  9.6797  9.0165
  33  0.344734  3.5263  4.9023 -1.8681 14.8913 12.1432 10.7760  9.6332  8.9729
  34  0.433024  3.5402  4.8289 -1.6388 14.1039 11.4055 10.0888  9.0106  8.3976
  35  0.455583  3.5453  4.8082 -1.5770 13.8946 11.1974  9.8926  8.8390  8.2446
  36  0.477601  3.5507  4.7880 -1.5149 13.6837 10.9867  9.6944  8.6653  8.0907
  37  0.495507  3.5555  4.7713 -1.4629 13.5083 10.8071  9.5238  8.5184  7.9622
  38  0.510503  3.5599  4.7573 -1.4184 13.3591 10.6504  9.3737  8.3922  7.8528
  39  0.523360  3.5639  4.7453 -1.3795 13.2292 10.5106  9.2383  8.2816  7.7579
  40  0.534649  3.5676  4.7347 -1.3449 13.1132 10.3831  9.1136  8.1821  7.6737
  41  0.546047  3.5716  4.7241 -1.3095 12.9954 10.2514  8.9838  8.0801  7.5880
  42  0.558400  3.5759  4.7127 -1.2710 12.8681 10.1070  8.8406  7.9684  7.4951
  43  0.572094  3.5808  4.7000 -1.2280 12.7244  9.9427  8.6763  7.8426  7.3918
  44  0.586763  3.5865  4.6868 -1.1813 12.5639  9.7576  8.4892  7.7032  7.2799
  45  0.601624  3.5925  4.6740 -1.1333 12.3985  9.5630  8.2936  7.5586  7.1647
  46  0.616146  3.5989  4.6622 -1.0857 12.2366  9.3690  8.1021  7.4159  7.0504
  47  0.629931  3.6052  4.6515 -1.0400 12.0762  9.1793  7.9161  7.2784  6.9417
  48  0.642996  3.6114  4.6419 -0.9967 11.9174  8.9961  7.7368  7.1474  6.8397
  49  0.655141  3.6172  4.6332 -0.9567 11.7677  8.8267  7.5739  7.0274  6.7458
  50  0.666753  3.6229  4.6250 -0.9184 11.6192  8.6651  7.4237  6.9143  6.6558
  51  0.677978  3.6285  4.6176 -0.8813 11.4634  8.5050  7.2791  6.8046  6.5677
  52  0.684337  3.6317  4.6136 -0.8603 11.3674  8.4128  7.1974  6.7423  6.5172
  53  0.690849  3.6350  4.6095 -0.8386 11.2638  8.3171  7.1139  6.6783  6.4651
  54  0.697607  3.6386  4.6053 -0.8162 11.1516  8.2168  7.0274  6.6115  6.4104
  55  0.704595  3.6422  4.6011 -0.7929 11.0318  8.1130  6.9393  6.5427  6.3533
  56  0.711724  3.6460  4.5967 -0.7691 10.9052  8.0070  6.8507  6.4727  6.2944
  57  0.718885  3.6498  4.5923 -0.7452 10.7742  7.9009  6.7636  6.4029  6.2350
  58  0.725929  3.6535  4.5880 -0.7218 10.6417  7.7975  6.6804  6.3352  6.1763
  59  0.732732  3.6570  4.5839 -0.6992 10.5107  7.6981  6.6019  6.2706  6.1196
  60  0.739180  3.6604  4.5797 -0.6780 10.3867  7.6062  6.5303  6.2109  6.0663
  61  0.745333  3.6637  4.5759 -0.6578 10.2665  7.5186  6.4630  6.1542  6.0154
  62  0.751229  3.6666  4.5719 -0.6385 10.1522  7.4363  6.4002  6.1007  5.9669
  63  0.756903  3.6695  4.5682 -0.6197 10.0414  7.3573  6.3402  6.0494  5.9200
  64  0.762388  3.6722  4.5643 -0.6018  9.9352  7.2821  6.2832  6.0002  5.8748
  65  0.767718  3.6749  4.5605 -0.5841  9.8315  7.2092  6.2283  5.9524  5.8309
  66  0.772928  3.6775  4.5565 -0.5669  9.7308  7.1388  6.1750  5.9060  5.7879
  67  0.778062  3.6801  4.5526 -0.5498  9.6308  7.0697  6.1226  5.8602  5.7456
  68  0.783148  3.6827  4.5485 -0.5328  9.5326  7.0018  6.0712  5.8150  5.7038
  69  0.788213  3.6851  4.5443 -0.5158  9.4354  6.9347  6.0201  5.7700  5.6621
  70  0.793240  3.6876  4.5400 -0.4990  9.3410  6.8687  5.9697  5.7254  5.6209
  71  0.798219  3.6900  4.5356 -0.4822  9.2492  6.8040  5.9201  5.6813  5.5801
  72  0.803145  3.6924  4.5312 -0.4656  9.1588  6.7404  5.8712  5.6379  5.5398
  73  0.808029  3.6947  4.5265 -0.4491  9.0697  6.6782  5.8232  5.5950  5.5001
  74  0.812863  3.6969  4.5220 -0.4329  8.9811  6.6172  5.7759  5.5527  5.4611
  75  0.817636  3.6991  4.5173 -0.4168  8.8949  6.5578  5.7297  5.5111  5.4226
  76  0.822344  3.7013  4.5125 -0.4011  8.8109  6.5000  5.6845  5.4705  5.3849
  77  0.827000  3.7033  4.5077 -0.3855  8.7289  6.4437  5.6403  5.4306  5.3479
  78  0.831584  3.7054  4.5027 -0.3702  8.6494  6.3890  5.5972  5.3916  5.3116
  79  0.836083  3.7073  4.4978 -0.3552  8.5719  6.3360  5.5550  5.3534  5.2761
  80  0.840487  3.7091  4.4928 -0.3405  8.4965  6.2846  5.5140  5.3161  5.2413
  81  0.844819  3.7109  4.4878 -0.3261  8.4229  6.2344  5.4738  5.2795  5.2072
  82  0.848990  3.7126  4.4829 -0.3122  8.3527  6.1865  5.4353  5.2443  5.1745
  83  0.853071  3.7142  4.4778 -0.2985  8.2845  6.1399  5.3976  5.2099  5.1422
  84  0.857064  3.7158  4.4727 -0.2851  8.2181  6.0945  5.3607  5.1761  5.1106
  85  0.860965  3.7174  4.4677 -0.2718  8.1535  6.0503  5.3247  5.1430  5.0796
  86  0.864773  3.7188  4.4625 -0.2588  8.0908  6.0074  5.2896  5.1106  5.0492
  87  0.868484  3.7203  4.4573 -0.2462  8.0298  5.9656  5.2552  5.0788  5.0193
  88  0.872105  3.7216  4.4521 -0.2336  7.9704  5.9250  5.2215  5.0476  4.9899
  89  0.875642  3.7229  4.4468 -0.2214  7.9127  5.8853  5.1887  5.0170  4.9611
  90  0.879099  3.7242  4.4415 -0.2092  7.8568  5.8466  5.1564  4.9869  4.9327
  91  0.882478  3.7254  4.4362 -0.1974  7.8025  5.8090  5.1248  4.9575  4.9048
  92  0.885788  3.7266  4.4308 -0.1858  7.7499  5.7722  5.0938  4.9284  4.8774
  93  0.889025  3.7277  4.4255 -0.1743  7.6990  5.7361  5.0634  4.9001  4.8504
  94  0.892200  3.7288  4.4201 -0.1630  7.6496  5.7010  5.0337  4.8721  4.8239
  95  0.895310  3.7299  4.4147 -0.1519  7.6015  5.6665  5.0045  4.8447  4.7978
  96  0.898363  3.7309  4.4092 -0.1410  7.5546  5.6328  4.9757  4.8177  4.7722
  97  0.901365  3.7318  4.4037 -0.1302  7.5091  5.5999  4.9475  4.7911  4.7468
  98  0.904314  3.7327  4.3982 -0.1196  7.4649  5.5677  4.9199  4.7650  4.7219
  99  0.907221  3.7336  4.3927 -0.1092  7.4219  5.5362  4.8927  4.7393  4.6972
 100  0.910085  3.7345  4.3872 -0.0988  7.3798  5.5052  4.8659  4.7139  4.6730
 101  0.912912  3.7353  4.3816 -0.0887  7.3390  5.4750  4.8397  4.6890  4.6491
 102  0.915705  3.7360  4.3759 -0.0787  7.2992  5.4454  4.8138  4.6644  4.6254
 103  0.918471  3.7368  4.3703 -0.0688  7.2608  5.4165  4.7884  4.6402  4.6021
 104  0.921209  3.7374  4.3646 -0.0591  7.2235  5.3882  4.7634  4.6164  4.5791
 105  0.923922  3.7381  4.3589 -0.0496  7.1871  5.3604  4.7388  4.5928  4.5564
 106  0.926605  3.7387  4.3532 -0.0401  7.1520  5.3332  4.7146  4.5697  4.5340
 107  0.929250  3.7393  4.3475 -0.0309  7.1180  5.3067  4.6909  4.5469  4.5119
 108  0.931843  3.7398  4.3417 -0.0218  7.0849  5.2807  4.6676  4.5244  4.4901
 109  0.934353  3.7403  4.3360 -0.0128  7.0527  5.2552  4.6447  4.5023  4.4686
 110  0.936741  3.7408  4.3303 -0.0040  7.0211  5.2302  4.6222  4.4807  4.4476
 111  0.939053  3.7413  4.3247  0.0047  6.9901  5.2057  4.6001  4.4594  4.4270
 112  0.940488  3.7416  4.3210  0.0102  6.9709  5.1905  4.5863  4.4460  4.4139
 113  0.941922  3.7419  4.3174  0.0156  6.9517  5.1750  4.5723  4.4325  4.4007
 114  0.943354  3.7422  4.3136  0.0212  6.9324  5.1595  4.5581  4.4189  4.3874
 115  0.944787  3.7425  4.3097  0.0268  6.9132  5.1439  4.5440  4.4051  4.3740
 116  0.946218  3.7427  4.3058  0.0325  6.8940  5.1282  4.5296  4.3912  4.3604
 117  0.947649  3.7430  4.3018  0.0382  6.8748  5.1125  4.5152  4.3772  4.3467
 118  0.949082  3.7433  4.2977  0.0439  6.8557  5.0967  4.5007  4.3630  4.3329
 119  0.950514  3.7435  4.2936  0.0497  6.8365  5.0807  4.4860  4.3488  4.3189
 120  0.951944  3.7437  4.2894  0.0555  6.8174  5.0648  4.4713  4.3345  4.3048
 121  0.953382  3.7439  4.2850  0.0614  6.7987  5.0489  4.4565  4.3200  4.2907
 122  0.954808  3.7442  4.2806  0.0673  6.7797  5.0329  4.4416  4.3055  4.2763
 123  0.956200  3.7444  4.2762  0.0733  6.7599  5.0164  4.4263  4.2906  4.2618
 124  0.957607  3.7447  4.2718  0.0794  6.7400  4.9998  4.4110  4.2757  4.2472
 125  0.959023  3.7449  4.2673  0.0854  6.7204  4.9832  4.3957  4.2607  4.2325
 126  0.960445  3.7451  4.2627  0.0916  6.7009  4.9667  4.3803  4.2456  4.2177
 127  0.961873  3.7453  4.2581  0.0977  6.6814  4.9502  4.3648  4.2306  4.2028
 128  0.963304  3.7455  4.2534  0.1039  6.6625  4.9337  4.3494  4.2154  4.1879
 129  0.964737  3.7457  4.2485  0.1100  6.6436  4.9172  4.3339  4.2001  4.1729
 130  0.966172  3.7459  4.2435  0.1162  6.6251  4.9008  4.3183  4.1848  4.1577
 131  0.967605  3.7459  4.2385  0.1224  6.6071  4.8845  4.3026  4.1694  4.1424
 132  0.969035  3.7461  4.2334  0.1288  6.5888  4.8681  4.2870  4.1539  4.1270
 133  0.970464  3.7462  4.2281  0.1350  6.5713  4.8519  4.2713  4.1384  4.1116
 134  0.971886  3.7463  4.2227  0.1413  6.5539  4.8356  4.2555  4.1227  4.0961
 135  0.973303  3.7463  4.2173  0.1476  6.5366  4.8194  4.2398  4.1071  4.0805
 136  0.974713  3.7463  4.2118  0.1540  6.5196  4.8032  4.2240  4.0913  4.0648
 137  0.976120  3.7464  4.2061  0.1603  6.5034  4.7873  4.2082  4.0755  4.0490
 138  0.977516  3.7464  4.2003  0.1667  6.4872  4.7713  4.1924  4.0597  4.0332
 139  0.978906  3.7464  4.1944  0.1730  6.4715  4.7555  4.1765  4.0438  4.0172
 140  0.980287  3.7463  4.1885  0.1794  6.4556  4.7396  4.1607  4.0279  4.0012
 141  0.981663  3.7462  4.1824  0.1858  6.4409  4.7241  4.1448  4.0119  3.9852
 142  0.983028  3.7461  4.1762  0.1922  6.4258  4.7082  4.1290  3.9959  3.9690
 143  0.984392  3.7460  4.1698  0.1986  6.4122  4.6930  4.1132  3.9798  3.9527
 144  0.985742  3.7458  4.1634  0.2050  6.3982  4.6776  4.0973  3.9638  3.9365
 145  0.987090  3.7455  4.1566  0.2114  6.3857  4.6627  4.0816  3.9477  3.9200
 146  0.988431  3.7453  4.1497  0.2179  6.3736  4.6478  4.0659  3.9315  3.9035
 147  0.989766  3.7450  4.1427  0.2243  6.3624  4.6333  4.0501  3.9153  3.8869
 148  0.991094  3.7447  4.1354  0.2307  6.3522  4.6191  4.0345  3.8991  3.8704
 149  0.992419  3.7442  4.1281  0.2371  6.3426  4.6050  4.0190  3.8830  3.8537
 150  0.993740  3.7438  4.1203  0.2435  6.3343  4.5914  4.0035  3.8667  3.8368
 151  0.995065  3.7433  4.1124  0.2498  6.3268  4.5780  3.9880  3.8505  3.8200
 152  0.996395  3.7427  4.1041  0.2563  6.3216  4.5654  3.9728  3.8342  3.8028
 153  0.997736  3.7419  4.0954  0.2626  6.3175  4.5533  3.9576  3.8179  3.7856
 154  0.999089  3.7411  4.0862  0.2690  6.3153  4.5418  3.9426  3.8015  3.7681
 155  1.000464  3.7401  4.0765  0.2753  6.3159  4.5314  3.9278  3.7850  3.7504
 156  1.001873  3.7389  4.0661  0.2817  6.3198  4.5221  3.9133  3.7686  3.7324
 157  1.003322  3.7374  4.0547  0.2880  6.3284  4.5146  3.8994  3.7522  3.7142
 158  1.004827  3.7357  4.0421  0.2940  6.3446  4.5100  3.8866  3.7362  3.6957
 159  1.006407  3.7333  4.0276  0.2997  6.3720  4.5098  3.8753  3.7209  3.6773
 160  1.008060  3.7301  4.0107  0.3046  6.4160  4.5164  3.8674  3.7075  3.6597
 161  1.009676  3.7261  3.9919  0.3080  6.4814  4.5332  3.8654  3.6985  3.6452
 162  1.010844  3.7224  3.9770  0.3086  6.5476  4.5548  3.8699  3.6967  3.6382
 163  1.012010  3.7179  3.9590  0.3090  6.6318  4.5835  3.8771  3.6956  3.6311
 164  1.013176  3.7126  3.9381  0.3093  6.7349  4.6197  3.8875  3.6962  3.6241
 165  1.014341  3.7066  3.9128  0.3111  6.8495  4.6577  3.8966  3.6938  3.6130
 166  1.015490  3.7006  3.8829  0.3176  6.9517  4.6862  3.8957  3.6812  3.5915
 167  1.016550  3.6956  3.8504  0.3304  7.0210  4.6934  3.8775  3.6528  3.5555
 168  1.017479  3.6919  3.8184  0.3481  7.0523  4.6792  3.8444  3.6120  3.5089
 169  1.018302  3.6893  3.7881  0.3681  7.0545  4.6505  3.8024  3.5644  3.4571
 170  1.019053  3.6873  3.7594  0.3894  7.0394  4.6131  3.7554  3.5131  3.4027
 171  1.019758  3.6859  3.7318  0.4115  7.0134  4.5701  3.7053  3.4599  3.3470
 172  1.020430  3.6847  3.7051  0.4338  6.9799  4.5234  3.6531  3.4053  3.2905
 173  1.021081  3.6838  3.6791  0.4566  6.9415  4.4740  3.5996  3.3498  3.2334
 174  1.021718  3.6831  3.6536  0.4794  6.8993  4.4228  3.5453  3.2938  3.1761
 175  1.022344  3.6825  3.6285  0.5023  6.8545  4.3704  3.4904  3.2375  3.1188
 176  1.022962  3.6819  3.6036  0.5252  6.8082  4.3172  3.4350  3.1810  3.0613
 177  1.023572  3.6814  3.5791  0.5481  6.7601  4.2633  3.3794  3.1243  3.0037
 178  1.024175  3.6810  3.5547  0.5711  6.7110  4.2089  3.3236  3.0675  2.9462
 179  1.024768  3.6807  3.5302  0.5942  6.6614  4.1542  3.2675  3.0106  2.8885
 180  1.025350  3.6802  3.5058  0.6173  6.6116  4.0994  3.2113  2.9535  2.8306
 181  1.025923  3.6798  3.4813  0.6405  6.5617  4.0444  3.1550  2.8963  2.7727
 182  1.026243  3.6796  3.4673  0.6536  6.5339  4.0135  3.1231  2.8638  2.7398
 183  1.026562  3.6793  3.4531  0.6669  6.5059  3.9821  3.0907  2.8308  2.7063
 184  1.026880  3.6791  3.4385  0.6806  6.4770  3.9498  3.0574  2.7970  2.6720
 185  1.027196  3.6788  3.4237  0.6945  6.4478  3.9171  3.0237  2.7627  2.6372
 186  1.027510  3.6785  3.4078  0.7094  6.4169  3.8823  2.9877  2.7260  2.6000
 187  1.027821  3.6782  3.3910  0.7250  6.3849  3.8458  2.9500  2.6876  2.5610
 188  1.028127  3.6778  3.3731  0.7415  6.3515  3.8075  2.9101  2.6468  2.5196
 189  1.028428  3.6774  3.3543  0.7588  6.3166  3.7672  2.8681  2.6040  2.4760
 190  1.028724  3.6770  3.3344  0.7773  6.2794  3.7243  2.8236  2.5585  2.4297
 191  1.029013  3.6765  3.3128  0.7970  6.2409  3.6790  2.7761  2.5099  2.3803
 192  1.029297  3.6760  3.2904  0.8175  6.2010  3.6320  2.7269  2.4596  2.3291
 193  1.029574  3.6754  3.2668  0.8390  6.1603  3.5832  2.6755  2.4068  2.2753
 194  1.029846  3.6749  3.2426  0.8610  6.1185  3.5331  2.6228  2.3527  2.2201
 195  1.030112  3.6742  3.2171  0.8840  6.0761  3.4813  2.5679  2.2963  2.1625
 196  1.030370  3.6735  3.1905  0.9078  6.0332  3.4281  2.5113  2.2379  2.1029
 197  1.030622  3.6727  3.1628  0.9324  5.9899  3.3734  2.4529  2.1777  2.0412
 198  1.030869  3.6719  3.1347  0.9574  5.9460  3.3179  2.3936  2.1164  1.9785
 199  1.031107  3.6710  3.1054  0.9833  5.9018  3.2608  2.3323  2.0530  1.9135
 200  1.031337  3.6701  3.0750  1.0100  5.8572  3.2024  2.2692  1.9877  1.8466
 201  1.031560  3.6691  3.0440  1.0372  5.8129  3.1433  2.2053  1.9213  1.7785
 202  1.031777  3.6680  3.0121  1.0650  5.7688  3.0834  2.1400  1.8536  1.7088
 203  1.031985  3.6669  2.9791  1.0935  5.7251  3.0225  2.0735  1.7842  1.6374
 204  1.032186  3.6658  2.9455  1.1225  5.6822  2.9613  2.0061  1.7138  1.5649
 205  1.032379  3.6645  2.9110  1.1520  5.6397  2.8994  1.9378  1.6422  1.4910
 206  1.032564  3.6631  2.8758  1.1820  5.5977  2.8370  1.8685  1.5696  1.4160
 207  1.032742  3.6618  2.8399  1.2125  5.5561  2.7740  1.7985  1.4961  1.3399
 208  1.032912  3.6604  2.8033  1.2434  5.5153  2.7107  1.7278  1.4215  1.2627
 209  1.033076  3.6589  2.7663  1.2746  5.4750  2.6470  1.6564  1.3463  1.1847
 210  1.033231  3.6573  2.7284  1.3064  5.4355  2.5830  1.5843  1.2700  1.1054
 211  1.033377  3.6556  2.6884  1.3397  5.3962  2.5172  1.5099  1.1905  1.0225
 212  1.033531  3.6536  2.6401  1.3799  5.3492  2.4388  1.4212  1.0950  0.9226
 213  1.033749  3.6523  2.6080  1.4069  5.3153  2.3846  1.3605  1.0305  0.8552
 214  1.033899  3.6532  2.6238  1.3951  5.3198  2.4021  1.3824  1.0567  0.8844
 215  1.034059  3.6537  2.6272  1.3933  5.3144  2.4009  1.3829  1.0596  0.8886
 216  1.034249  3.6526  2.6007  1.4157  5.2865  2.3558  1.3323  1.0060  0.8329
 217  1.034274  3.6526  2.5990  1.4172  5.2843  2.3527  1.3289  1.0024  0.8291
 218  1.034299  3.6525  2.5978  1.4184  5.2826  2.3502  1.3262  0.9995  0.8262
 219  1.034322  3.6525  2.5968  1.4193  5.2812  2.3484  1.3243  0.9974  0.8240
 220  1.034345  3.6525  2.5962  1.4199  5.2800  2.3472  1.3231  0.9961  0.8226
 221  1.034367  3.6525  2.5962  1.4200  5.2791  2.3466  1.3227  0.9957  0.8222
 222  1.034389  3.6526  2.5964  1.4200  5.2788  2.3466  1.3229  0.9959  0.8224
 223  1.034411  3.6526  2.5965  1.4198  5.2793  2.3472  1.3235  0.9964  0.8229
 224  1.034433  3.6526  2.5966  1.4198  5.2800  2.3476  1.3237  0.9965  0.8230
 225  1.034458  3.6526  2.5958  1.4204  5.2799  2.3468  1.3228  0.9954  0.8216
 226  1.034484  3.6524  2.5929  1.4228  5.2774  2.3421  1.3175  0.9895  0.8155
 227  1.034727  3.6492  2.5203  1.4830  5.2111  2.2250  1.1838  0.8463  0.6659
 228  1.034939  3.6456  2.4416  1.5472  5.1493  2.1044  1.0439  0.6949  0.5066
 229  1.035126  3.6419  2.3640  1.6100  5.0936  1.9896  0.9093  0.5478  0.3511
 230  1.035287  3.6382  2.2882  1.6710  5.0425  1.8804  0.7806  0.4058  0.2003
 231  1.035427  3.6345  2.2135  1.7307  4.9952  1.7757  0.6567  0.2676  0.0527
 232  1.035550  3.6308  2.1418  1.7879  4.9521  1.6776  0.5402  0.1363 -0.0882
 233  1.035656  3.6272  2.0716  1.8435  4.9116  1.5839  0.4288  0.0094 -0.2252
 234  1.035751  3.6234  2.0023  1.8981  4.8742  1.4946  0.3227 -0.1139 -0.3595
 235  1.035835  3.6198  1.9341  1.9515  4.8398  1.4105  0.2224 -0.2330 -0.4906
 236  1.035909  3.6160  1.8670  2.0036  4.8074  1.3314  0.1279 -0.3481 -0.6186
 237  1.035975  3.6123  1.8011  2.0545  4.7762  1.2565  0.0390 -0.4593 -0.7436
 238  1.036034  3.6085  1.7366  2.1042  4.7464  1.1861 -0.0437 -0.5667 -0.8655
 239  1.036086  3.6049  1.6732  2.1529  4.7173  1.1196 -0.1210 -0.6706 -0.9849
 240  1.036134  3.6011  1.6100  2.2012  4.6875  1.0569 -0.1929 -0.7722 -1.1032
 241  1.036175  3.5975  1.5491  2.2477  4.6570  0.9989 -0.2584 -0.8687 -1.2168
 242  1.036214  3.5938  1.4885  2.2937  4.6266  0.9461 -0.3164 -0.9621 -1.3289
 243  1.036248  3.5902  1.4296  2.3382  4.5987  0.8990 -0.3657 -1.0507 -1.4375
 244  1.036279  3.5867  1.3716  2.3818  4.5722  0.8569 -0.4059 -1.1354 -1.5438
 245  1.036307  3.5831  1.3148  2.4245  4.5455  0.8197 -0.4389 -1.2166 -1.6474
 246  1.036332  3.5796  1.2591  2.4661  4.5172  0.7875 -0.4633 -1.2937 -1.7478
 247  1.036355  3.5761  1.2046  2.5068  4.4895  0.7613 -0.4788 -1.3672 -1.8457
 248  1.036376  3.5727  1.1509  2.5467  4.4633  0.7420 -0.4858 -1.4362 -1.9408
 249  1.036396  3.5693  1.0984  2.5856  4.4398  0.7278 -0.4891 -1.5013 -2.0326
 250  1.036413  3.5659  1.0473  2.6233  4.4211  0.7204 -0.4898 -1.5616 -2.1201
 251  1.036430  3.5625  0.9966  2.6605  4.4050  0.7238 -0.4796 -1.6165 -2.2042
 252  1.036444  3.5592  0.9472  2.6967  4.3889  0.7374 -0.4545 -1.6654 -2.2839
 253  1.036458  3.5559  0.8985  2.7320  4.3715  0.7665 -0.4010 -1.7078 -2.3605
 254  1.036471  3.5526  0.8511  2.7665  4.3442  0.8106 -0.3119 -1.7417 -2.4321
 255  1.036482  3.5495  0.8046  2.8001  4.3147  0.8662 -0.2054 -1.7679 -2.4989
 256  1.036493  3.5462  0.7589  2.8329  4.2844  0.9336 -0.0867 -1.7857 -2.5602
 257  1.036504  3.5431  0.7145  2.8648  4.2561  1.0157  0.0382 -1.7917 -2.6131
 258  1.036512  3.5400  0.6707  2.8961  4.2304  1.1170  0.1660 -1.7824 -2.6560
 259  1.036521  3.5369  0.6279  2.9266  4.2059  1.2272  0.2942 -1.7652 -2.6926
 260  1.036530  3.5338  0.5860  2.9564  4.1826  1.3452  0.4241 -1.7412 -2.7238
 261  1.036537  3.5309  0.5448  2.9855  4.1577  1.4636  0.5505 -1.7128 -2.7503
 262  1.036544  3.5279  0.5042  3.0139  4.1408  1.5599  0.6360 -1.6915 -2.7764
 263  1.036551  3.5249  0.4648  3.0417  4.1270  1.6495  0.7065 -1.6703 -2.8000
 264  1.036557  3.5220  0.4260  3.0688  4.1170  1.7461  0.7824 -1.6427 -2.8188
 265  1.036563  3.5191  0.3882  3.0952  4.1117  1.8443  0.8504 -1.6106 -2.8324
 266  1.036569  3.5163  0.3510  3.1211  4.1069  1.9399  0.9138 -1.5765 -2.8424
 267  1.036574  3.5133  0.3141  3.1463  4.1044  2.0315  0.9679 -1.5408 -2.8487
 268  1.036579  3.5106  0.2782  3.1709  4.1014  2.1112  1.0066 -1.5104 -2.8559
 269  1.036583  3.5079  0.2432  3.1951  4.0997  2.1806  1.0298 -1.4842 -2.8634
 270  1.036588  3.5052  0.2089  3.2185  4.1026  2.2356  1.0269 -1.4648 -2.8722
 271  1.036592  3.5024  0.1748  3.2416  4.1085  2.2910  1.0231 -1.4463 -2.8813
 272  1.036596  3.4997  0.1417  3.2640  4.1151  2.3393  1.0134 -1.4317 -2.8916
 273  1.036600  3.4970  0.1091  3.2859  4.1223  2.3825  0.9995 -1.4197 -2.9028
 274  1.036603  3.4945  0.0774  3.3073  4.1303  2.4215  0.9832 -1.4098 -2.9142
 275  1.036607  3.4919  0.0461  3.3282  4.0682  2.4272  0.9477 -1.4124 -2.9312
 276  1.036610  3.4893  0.0155  3.3486  4.1260  2.4773  0.9447 -1.3977 -2.9392
 277  1.036614  3.4868 -0.0143  3.3683  4.1848  2.5231  0.9352 -1.3846 -2.9461
 278  1.036616  3.4844 -0.0428  3.3871  4.2098  2.5501  0.9114 -1.3793 -2.9550
 279  1.036619  3.4824 -0.0669  3.4032  4.2653  2.5835  0.9019 -1.3734 -2.9630
