#NUMBER OF AGES= 1
#----------------------------------------------------       
#MIX-LEN  Y      Z          Zeff        [Fe/H] [a/Fe]
# 1.9380  0.2846 2.4865E-02 2.4865E-02   0.20   0.00 
#----------------------------------------------------       
#**PHOTOMETRIC SYSTEM**: SDSS (AB)                          
#----------------------------------------------------       
#AGE=12.500 EEPS=267
#EEP   M/Mo    LogTeff  LogG   LogL/Lo sdss_u  sdss_g  sdss_r  sdss_i  sdss_z
  13  0.115287  3.5006  5.2298 -2.7742 17.8748 14.8189 13.3254 12.0158 11.2579
  14  0.136652  3.5006  5.1598 -2.6302 17.4638 14.4513 12.9662 11.6585 10.9000
  15  0.159854  3.5020  5.1028 -2.4998 17.0642 14.0969 12.6230 11.3267 10.5736
  16  0.180738  3.5049  5.0669 -2.3987 16.7159 13.7911 12.3314 11.0579 10.3171
  17  0.197813  3.5077  5.0422 -2.3238 16.4499 13.5569 12.1095 10.8560 10.1264
  18  0.212861  3.5097  5.0209 -2.2624 16.2383 13.3693 11.9315 10.6922  9.9708
  19  0.227412  3.5117  5.0023 -2.2071 16.0466 13.1985 11.7699 10.5440  9.8302
  20  0.242242  3.5137  4.9851 -2.1543 15.8647 13.0351 11.6156 10.4024  9.6963
  21  0.259515  3.5160  4.9671 -2.0971 15.6689 12.8581 11.4487 10.2492  9.5515
  22  0.281558  3.5189  4.9460 -2.0293 15.4378 12.6479 11.2507 10.0672  9.3799
  23  0.297893  3.5208  4.9330 -1.9840 15.2833 12.5063 11.1175  9.9453  9.2653
  24  0.306636  3.5220  4.9261 -1.9604 15.2038 12.4330 11.0486  9.8821  9.2058
  25  0.312663  3.5225  4.9225 -1.9463 15.1582 12.3906 11.0082  9.8447  9.1704
  26  0.317117  3.5231  4.9201 -1.9350 15.1173 12.3528 10.9731  9.8134  9.1415
  27  0.320329  3.5234  4.9162 -1.9253 15.0858 12.3240 10.9459  9.7879  9.1173
  28  0.322676  3.5239  4.9164 -1.9211 15.0697 12.3088 10.9318  9.7757  9.1064
  29  0.324910  3.5241  4.9141 -1.9147 15.0486 12.2894 10.9135  9.7588  9.0903
  30  0.327142  3.5244  4.9126 -1.9091 15.0290 12.2713 10.8966  9.7434  9.0761
  31  0.330159  3.5247  4.9104 -1.9014 15.0030 12.2473 10.8740  9.7228  9.0568
  32  0.334435  3.5252  4.9078 -1.8912 14.9687 12.2154 10.8440  9.6954  9.0312
  33  0.340136  3.5259  4.9041 -1.8777 14.9233 12.1732 10.8044  9.6591  8.9970
  34  0.349394  3.5269  4.8981 -1.8557 14.8501 12.1051 10.7403  9.6003  8.9418
  35  0.420682  3.5383  4.8370 -1.6683 14.2062 11.5002 10.1752  9.0911  8.4724
  36  0.454462  3.5452  4.8071 -1.5775 13.8968 11.1998  9.8950  8.8407  8.2459
  37  0.476604  3.5506  4.7869 -1.5150 13.6845 10.9878  9.6955  8.6658  8.0907
  38  0.494475  3.5554  4.7701 -1.4629 13.5092 10.8084  9.5252  8.5189  7.9621
  39  0.509459  3.5598  4.7558 -1.4182 13.3598 10.6514  9.3749  8.3923  7.8523
  40  0.522056  3.5637  4.7439 -1.3799 13.2317 10.5137  9.2415  8.2832  7.7588
  41  0.533486  3.5676  4.7332 -1.3446 13.1140 10.3843  9.1151  8.1823  7.6731
  42  0.544833  3.5714  4.7225 -1.3092 12.9962 10.2528  8.9856  8.0802  7.5874
  43  0.556761  3.5756  4.7112 -1.2717 12.8721 10.1120  8.8459  7.9714  7.4968
  44  0.569949  3.5804  4.6988 -1.2301 12.7330  9.9529  8.6868  7.8495  7.3966
  45  0.584021  3.5858  4.6859 -1.1851 12.5792  9.7756  8.5078  7.7155  7.2886
  46  0.598281  3.5916  4.6733 -1.1388 12.4197  9.5886  8.3193  7.5763  7.1777
  47  0.612149  3.5976  4.6616 -1.0930 12.2643  9.4029  8.1352  7.4393  7.0680
  48  0.625242  3.6036  4.6511 -1.0493 12.1124  9.2225  7.9585  7.3080  6.9637
  49  0.637624  3.6095  4.6416 -1.0076 11.9612  9.0468  7.7867  7.1820  6.8652
  50  0.649352  3.6152  4.6329 -0.9684 11.8157  8.8805  7.6254  7.0638  6.7730
  51  0.660373  3.6206  4.6249 -0.9315 11.6747  8.7245  7.4779  6.9540  6.6865
  52  0.666531  3.6236  4.6205 -0.9109 11.5931  8.6371  7.3975  6.8934  6.6380
  53  0.672627  3.6267  4.6163 -0.8905 11.5086  8.5496  7.3183  6.8331  6.5897
  54  0.678730  3.6298  4.6122 -0.8700 11.4188  8.4605  7.2386  6.7725  6.5408
  55  0.684910  3.6330  4.6081 -0.8493 11.3217  8.3691  7.1583  6.7110  6.4907
  56  0.691250  3.6363  4.6040 -0.8279 11.2177  8.2743  7.0760  6.6476  6.4389
  57  0.697830  3.6397  4.5998 -0.8057 11.1055  8.1752  6.9910  6.5818  6.3847
  58  0.704613  3.6433  4.5955 -0.7826 10.9858  8.0726  6.9043  6.5138  6.3279
  59  0.711512  3.6471  4.5912 -0.7591 10.8591  7.9677  6.8170  6.4447  6.2697
  60  0.718414  3.6508  4.5866 -0.7357 10.7303  7.8645  6.7326  6.3766  6.2113
  61  0.725186  3.6545  4.5823 -0.7127 10.5992  7.7627  6.6512  6.3102  6.1536
  62  0.731701  3.6579  4.5779 -0.6907 10.4724  7.6670  6.5757  6.2477  6.0983
  63  0.737870  3.6612  4.5739 -0.6699 10.3496  7.5765  6.5055  6.1889  6.0460
  64  0.743709  3.6642  4.5699 -0.6503 10.2343  7.4926  6.4410  6.1344  5.9967
  65  0.749279  3.6672  4.5660 -0.6315 10.1227  7.4125  6.3799  6.0824  5.9495
  66  0.754615  3.6699  4.5621 -0.6135 10.0170  7.3371  6.3227  6.0331  5.9045
  67  0.759762  3.6726  4.5583 -0.5961  9.9143  7.2643  6.2677  5.9857  5.8608
  68  0.764752  3.6751  4.5544 -0.5792  9.8156  7.1950  6.2153  5.9400  5.8186
  69  0.769615  3.6776  4.5506 -0.5626  9.7189  7.1274  6.1641  5.8954  5.7773
  70  0.774387  3.6800  4.5465 -0.5464  9.6243  7.0619  6.1144  5.8518  5.7369
  71  0.779093  3.6824  4.5425 -0.5302  9.5310  6.9975  6.0654  5.8087  5.6971
  72  0.783769  3.6847  4.5384 -0.5140  9.4392  6.9340  6.0171  5.7661  5.6576
  73  0.788443  3.6870  4.5341 -0.4979  9.3492  6.8711  5.9690  5.7234  5.6181
  74  0.793090  3.6893  4.5297 -0.4818  9.2613  6.8091  5.9214  5.6811  5.5789
  75  0.797693  3.6915  4.5253 -0.4659  9.1749  6.7481  5.8744  5.6393  5.5402
  76  0.802249  3.6938  4.5207 -0.4500  9.0898  6.6882  5.8281  5.5979  5.5018
  77  0.806762  3.6959  4.5160 -0.4343  9.0051  6.6295  5.7825  5.5571  5.4640
  78  0.811232  3.6980  4.5114 -0.4188  8.9219  6.5719  5.7377  5.5168  5.4267
  79  0.815651  3.7001  4.5066 -0.4034  8.8405  6.5157  5.6937  5.4772  5.3899
  80  0.820015  3.7021  4.5017 -0.3883  8.7612  6.4610  5.6506  5.4383  5.3537
  81  0.824324  3.7040  4.4967 -0.3734  8.6839  6.4076  5.6085  5.4002  5.3182
  82  0.828608  3.7059  4.4917 -0.3586  8.6080  6.3552  5.5669  5.3624  5.2831
  83  0.832806  3.7077  4.4866 -0.3441  8.5341  6.3045  5.5263  5.3255  5.2487
  84  0.836916  3.7094  4.4814 -0.3299  8.4621  6.2552  5.4868  5.2895  5.2151
  85  0.840933  3.7111  4.4763 -0.3160  8.3924  6.2074  5.4482  5.2543  5.1822
  86  0.844874  3.7127  4.4712 -0.3023  8.3246  6.1608  5.4105  5.2198  5.1499
  87  0.848740  3.7142  4.4659 -0.2889  8.2587  6.1154  5.3736  5.1859  5.1181
  88  0.852526  3.7157  4.4606 -0.2756  8.1945  6.0712  5.3375  5.1527  5.0870
  89  0.856222  3.7172  4.4554 -0.2627  8.1321  6.0281  5.3021  5.1201  5.0565
  90  0.859833  3.7186  4.4500 -0.2499  8.0714  5.9862  5.2676  5.0882  5.0264
  91  0.863354  3.7200  4.4447 -0.2373  8.0122  5.9454  5.2338  5.0568  4.9968
  92  0.866786  3.7212  4.4392 -0.2250  7.9548  5.9057  5.2008  5.0260  4.9678
  93  0.870133  3.7225  4.4337 -0.2129  7.8991  5.8670  5.1684  4.9959  4.9392
  94  0.873402  3.7237  4.4283 -0.2010  7.8451  5.8292  5.1367  4.9662  4.9112
  95  0.876598  3.7248  4.4226 -0.1893  7.7926  5.7923  5.1056  4.9371  4.8836
  96  0.879723  3.7259  4.4171 -0.1778  7.7416  5.7563  5.0750  4.9086  4.8564
  97  0.882784  3.7270  4.4116 -0.1664  7.6923  5.7211  5.0452  4.8804  4.8297
  98  0.885781  3.7280  4.4059 -0.1553  7.6445  5.6866  5.0158  4.8528  4.8034
  99  0.888725  3.7289  4.4002 -0.1443  7.5982  5.6530  4.9870  4.8256  4.7776
 100  0.891616  3.7299  4.3945 -0.1335  7.5529  5.6200  4.9587  4.7990  4.7521
 101  0.894463  3.7307  4.3888 -0.1228  7.5091  5.5878  4.9309  4.7727  4.7269
 102  0.897268  3.7316  4.3831 -0.1123  7.4664  5.5562  4.9036  4.7468  4.7021
 103  0.900043  3.7324  4.3773 -0.1020  7.4250  5.5254  4.8767  4.7213  4.6776
 104  0.902787  3.7332  4.3714 -0.0918  7.3848  5.4951  4.8503  4.6961  4.6534
 105  0.905510  3.7339  4.3655 -0.0817  7.3456  5.4655  4.8242  4.6713  4.6295
 106  0.908207  3.7346  4.3596 -0.0719  7.3076  5.4365  4.7986  4.6468  4.6059
 107  0.910874  3.7352  4.3537 -0.0620  7.2708  5.4082  4.7734  4.6227  4.5826
 108  0.913499  3.7358  4.3476 -0.0523  7.2352  5.3804  4.7486  4.5989  4.5595
 109  0.916045  3.7364  4.3416 -0.0429  7.2005  5.3533  4.7244  4.5755  4.5368
 110  0.918463  3.7369  4.3358 -0.0336  7.1662  5.3266  4.7005  4.5526  4.5146
 111  0.920800  3.7375  4.3299 -0.0244  7.1329  5.3006  4.6771  4.5301  4.4928
 112  0.922169  3.7378  4.3263 -0.0190  7.1134  5.2852  4.6633  4.5167  4.4798
 113  0.923536  3.7381  4.3227 -0.0136  7.0939  5.2697  4.6492  4.5032  4.4667
 114  0.924900  3.7384  4.3190 -0.0080  7.0744  5.2541  4.6351  4.4896  4.4534
 115  0.926263  3.7387  4.3153 -0.0025  7.0549  5.2385  4.6210  4.4759  4.4401
 116  0.927624  3.7389  4.3114  0.0032  7.0356  5.2228  4.6067  4.4621  4.4266
 117  0.928982  3.7392  4.3074  0.0088  7.0161  5.2071  4.5923  4.4482  4.4130
 118  0.930339  3.7395  4.3034  0.0145  6.9970  5.1913  4.5779  4.4342  4.3993
 119  0.931696  3.7398  4.2993  0.0202  6.9776  5.1755  4.5634  4.4200  4.3855
 120  0.933049  3.7400  4.2952  0.0259  6.9585  5.1596  4.5488  4.4058  4.3715
 121  0.934408  3.7403  4.2909  0.0318  6.9396  5.1438  4.5341  4.3915  4.3575
 122  0.935754  3.7404  4.2866  0.0376  6.9205  5.1278  4.5194  4.3771  4.3434
 123  0.937068  3.7407  4.2823  0.0436  6.9006  5.1114  4.5042  4.3625  4.3291
 124  0.938393  3.7410  4.2779  0.0496  6.8808  5.0950  4.4891  4.3478  4.3147
 125  0.939724  3.7412  4.2736  0.0555  6.8612  5.0786  4.4740  4.3331  4.3003
 126  0.941057  3.7414  4.2691  0.0615  6.8419  5.0622  4.4589  4.3183  4.2857
 127  0.942396  3.7416  4.2646  0.0675  6.8226  5.0459  4.4436  4.3034  4.2712
 128  0.943734  3.7418  4.2599  0.0736  6.8037  5.0296  4.4284  4.2885  4.2565
 129  0.945078  3.7420  4.2552  0.0796  6.7851  5.0134  4.4132  4.2735  4.2418
 130  0.946423  3.7422  4.2504  0.0856  6.7667  4.9973  4.3979  4.2585  4.2269
 131  0.947766  3.7423  4.2454  0.0918  6.7487  4.9812  4.3825  4.2434  4.2119
 132  0.949109  3.7424  4.2404  0.0979  6.7307  4.9650  4.3671  4.2282  4.1968
 133  0.950452  3.7425  4.2352  0.1041  6.7132  4.9490  4.3517  4.2129  4.1816
 134  0.951792  3.7425  4.2299  0.1103  6.6959  4.9329  4.3362  4.1975  4.1664
 135  0.953132  3.7427  4.2246  0.1165  6.6787  4.9169  4.3206  4.1821  4.1509
 136  0.954468  3.7428  4.2192  0.1228  6.6615  4.9008  4.3050  4.1665  4.1355
 137  0.955807  3.7427  4.2135  0.1291  6.6453  4.8849  4.2893  4.1509  4.1199
 138  0.957139  3.7427  4.2078  0.1354  6.6291  4.8690  4.2736  4.1352  4.1041
 139  0.958467  3.7427  4.2020  0.1417  6.6133  4.8531  4.2578  4.1194  4.0883
 140  0.959790  3.7427  4.1961  0.1481  6.5975  4.8373  4.2420  4.1035  4.0724
 141  0.961108  3.7426  4.1900  0.1545  6.5824  4.8216  4.2262  4.0875  4.0563
 142  0.962421  3.7425  4.1837  0.1609  6.5676  4.8060  4.2103  4.0715  4.0402
 143  0.963730  3.7423  4.1773  0.1673  6.5538  4.7907  4.1945  4.0555  4.0239
 144  0.965031  3.7422  4.1708  0.1737  6.5401  4.7754  4.1787  4.0393  4.0076
 145  0.966329  3.7419  4.1641  0.1802  6.5274  4.7604  4.1629  4.0231  3.9910
 146  0.967620  3.7417  4.1572  0.1866  6.5153  4.7456  4.1471  4.0070  3.9745
 147  0.968906  3.7414  4.1500  0.1931  6.5040  4.7310  4.1313  3.9907  3.9578
 148  0.970191  3.7410  4.1426  0.1996  6.4940  4.7169  4.1156  3.9744  3.9411
 149  0.971471  3.7406  4.1350  0.2060  6.4847  4.7030  4.0999  3.9580  3.9241
 150  0.972748  3.7401  4.1271  0.2125  6.4766  4.6895  4.0844  3.9417  3.9071
 151  0.974026  3.7395  4.1190  0.2189  6.4698  4.6764  4.0690  3.9253  3.8900
 152  0.975305  3.7388  4.1104  0.2254  6.4654  4.6642  4.0538  3.9088  3.8727
 153  0.976590  3.7380  4.1014  0.2318  6.4626  4.6527  4.0387  3.8925  3.8552
 154  0.977883  3.7372  4.0920  0.2382  6.4617  4.6417  4.0238  3.8762  3.8377
 155  0.979187  3.7361  4.0819  0.2445  6.4642  4.6320  4.0094  3.8598  3.8200
 156  0.980515  3.7348  4.0713  0.2507  6.4703  4.6237  3.9954  3.8437  3.8021
 157  0.981874  3.7333  4.0596  0.2569  6.4821  4.6176  3.9822  3.8277  3.7842
 158  0.983269  3.7313  4.0466  0.2628  6.5018  4.6144  3.9700  3.8123  3.7662
 159  0.984717  3.7288  4.0319  0.2683  6.5319  4.6154  3.9599  3.7979  3.7484
 160  0.986195  3.7257  4.0151  0.2730  6.5776  4.6232  3.9531  3.7856  3.7319
 161  0.987628  3.7217  3.9965  0.2764  6.6426  4.6399  3.9513  3.7769  3.7177
 162  0.988712  3.7180  3.9808  0.2773  6.7122  4.6627  3.9560  3.7747  3.7102
 163  0.989796  3.7135  3.9619  0.2789  6.7948  4.6896  3.9613  3.7717  3.7010
 164  0.990880  3.7084  3.9398  0.2809  6.8919  4.7208  3.9677  3.7683  3.6901
 165  0.991957  3.7028  3.9135  0.2855  6.9908  4.7502  3.9699  3.7597  3.6734
 166  0.992997  3.6975  3.8833  0.2948  7.0738  4.7681  3.9611  3.7402  3.6459
 167  0.993951  3.6931  3.8516  0.3093  7.1271  4.7669  3.9374  3.7074  3.6063
 168  0.994801  3.6898  3.8205  0.3276  7.1468  4.7481  3.9016  3.6648  3.5585
 169  0.995564  3.6874  3.7908  0.3481  7.1433  4.7167  3.8581  3.6160  3.5059
 170  0.996266  3.6856  3.7622  0.3698  7.1244  4.6773  3.8097  3.5637  3.4506
 171  0.996930  3.6842  3.7346  0.3924  7.0957  4.6324  3.7583  3.5093  3.3940
 172  0.997565  3.6832  3.7078  0.4153  7.0600  4.5839  3.7048  3.4534  3.3363
 173  0.998179  3.6824  3.6815  0.4384  7.0192  4.5328  3.6499  3.3967  3.2781
 174  0.998782  3.6817  3.6557  0.4618  6.9747  4.4799  3.5941  3.3393  3.2195
 175  0.999376  3.6811  3.6302  0.4852  6.9277  4.4257  3.5377  3.2817  3.1608
 176  0.999963  3.6806  3.6050  0.5087  6.8788  4.3708  3.4808  3.2236  3.1018
 177  1.000547  3.6801  3.5800  0.5323  6.8284  4.3150  3.4236  3.1655  3.0429
 178  1.001125  3.6798  3.5551  0.5558  6.7772  4.2588  3.3662  3.1072  2.9840
 179  1.001692  3.6794  3.5301  0.5796  6.7257  4.2024  3.3085  3.0487  2.9247
 180  1.002251  3.6790  3.5052  0.6033  6.6736  4.1456  3.2507  2.9900  2.8654
 181  1.002804  3.6787  3.4801  0.6270  6.6219  4.0891  3.1928  2.9313  2.8059
 182  1.003108  3.6784  3.4659  0.6404  6.5935  4.0574  3.1603  2.8982  2.7724
 183  1.003412  3.6781  3.4515  0.6539  6.5649  4.0256  3.1275  2.8649  2.7386
 184  1.003715  3.6779  3.4369  0.6677  6.5355  3.9930  3.0939  2.8308  2.7040
 185  1.004018  3.6777  3.4221  0.6816  6.5059  3.9601  3.0601  2.7964  2.6692
 186  1.004318  3.6773  3.4064  0.6963  6.4751  3.9255  3.0244  2.7601  2.6323
 187  1.004614  3.6771  3.3896  0.7120  6.4425  3.8886  2.9863  2.7213  2.5930
 188  1.004907  3.6767  3.3716  0.7286  6.4084  3.8497  2.9461  2.6803  2.5513
 189  1.005194  3.6763  3.3524  0.7465  6.3724  3.8082  2.9029  2.6362  2.5065
 190  1.005477  3.6759  3.3323  0.7652  6.3344  3.7648  2.8577  2.5901  2.4597
 191  1.005752  3.6755  3.3107  0.7850  6.2948  3.7189  2.8100  2.5413  2.4101
 192  1.006024  3.6749  3.2881  0.8058  6.2542  3.6712  2.7601  2.4903  2.3581
 193  1.006288  3.6744  3.2641  0.8276  6.2124  3.6214  2.7078  2.4366  2.3034
 194  1.006548  3.6738  3.2395  0.8499  6.1696  3.5704  2.6542  2.3817  2.2475
 195  1.006802  3.6732  3.2137  0.8732  6.1263  3.5178  2.5986  2.3245  2.1890
 196  1.007049  3.6725  3.1869  0.8974  6.0827  3.4637  2.5411  2.2653  2.1286
 197  1.007288  3.6717  3.1589  0.9223  6.0385  3.4082  2.4819  2.2042  2.0661
 198  1.007525  3.6709  3.1303  0.9478  5.9937  3.3517  2.4216  2.1420  2.0024
 199  1.007751  3.6700  3.1006  0.9740  5.9488  3.2938  2.3594  2.0776  1.9365
 200  1.007971  3.6690  3.0699  1.0012  5.9034  3.2345  2.2955  2.0115  1.8687
 201  1.008185  3.6680  3.0385  1.0287  5.8583  3.1744  2.2305  1.9442  1.7996
 202  1.008391  3.6670  3.0061  1.0570  5.8134  3.1136  2.1644  1.8753  1.7289
 203  1.008589  3.6659  2.9727  1.0859  5.7691  3.0519  2.0970  1.8051  1.6566
 204  1.008780  3.6647  2.9386  1.1152  5.7254  2.9898  2.0286  1.7337  1.5830
 205  1.008964  3.6634  2.9037  1.1451  5.6822  2.9271  1.9595  1.6613  1.5083
 206  1.009141  3.6621  2.8681  1.1756  5.6396  2.8639  1.8894  1.5878  1.4323
 207  1.009310  3.6607  2.8319  1.2064  5.5974  2.8002  1.8186  1.5133  1.3553
 208  1.009472  3.6593  2.7950  1.2376  5.5560  2.7361  1.7472  1.4381  1.2773
 209  1.009628  3.6578  2.7576  1.2692  5.5152  2.6718  1.6753  1.3622  1.1986
 210  1.009772  3.6562  2.7187  1.3018  5.4747  2.6064  1.6016  1.2841  1.1174
 211  1.009919  3.6542  2.6718  1.3405  5.4310  2.5316  1.5165  1.1922  1.0210
 212  1.010106  3.6528  2.6332  1.3735  5.3860  2.4638  1.4417  1.1130  0.9387
 213  1.010282  3.6528  2.6279  1.3789  5.3727  2.4492  1.4269  1.0990  0.9252
 214  1.010427  3.6533  2.6398  1.3692  5.3824  2.4663  1.4462  1.1212  0.9491
 215  1.010584  3.6530  2.6221  1.3853  5.3539  2.4292  1.4068  1.0812  0.9088
 216  1.010760  3.6521  2.6015  1.4027  5.3338  2.3953  1.3684  1.0400  0.8658
 217  1.010784  3.6521  2.6011  1.4031  5.3329  2.3943  1.3673  1.0390  0.8646
 218  1.010807  3.6521  2.6009  1.4034  5.3323  2.3938  1.3669  1.0385  0.8641
 219  1.010829  3.6520  2.6007  1.4036  5.3317  2.3933  1.3665  1.0380  0.8636
 220  1.010852  3.6521  2.6000  1.4042  5.3306  2.3919  1.3650  1.0364  0.8619
 221  1.010873  3.6521  2.5987  1.4054  5.3288  2.3895  1.3624  1.0336  0.8590
 222  1.010895  3.6520  2.5971  1.4069  5.3268  2.3866  1.3593  1.0302  0.8555
 223  1.010917  3.6520  2.5954  1.4085  5.3242  2.3832  1.3558  1.0265  0.8517
 224  1.010939  3.6519  2.5935  1.4101  5.3210  2.3794  1.3518  1.0224  0.8474
 225  1.010963  3.6518  2.5911  1.4123  5.3176  2.3748  1.3469  1.0171  0.8419
 226  1.010990  3.6516  2.5867  1.4162  5.3128  2.3671  1.3383  1.0081  0.8325
 227  1.011218  3.6479  2.5045  1.4835  5.2450  2.2390  1.1904  0.8486  0.6653
 228  1.011416  3.6443  2.4256  1.5478  5.1833  2.1186  1.0507  0.6970  0.5058
 229  1.011587  3.6406  2.3491  1.6098  5.1280  2.0057  0.9183  0.5521  0.3525
 230  1.011737  3.6368  2.2725  1.6713  5.0762  1.8959  0.7890  0.4091  0.2002
 231  1.011866  3.6332  2.1983  1.7307  5.0292  1.7921  0.6664  0.2719  0.0535
 232  1.011980  3.6295  2.1267  1.7877  4.9855  1.6945  0.5506  0.1412 -0.0871
 233  1.012079  3.6259  2.0566  1.8433  4.9449  1.6012  0.4400  0.0146 -0.2240
 234  1.012167  3.6221  1.9868  1.8981  4.9074  1.5124  0.3345 -0.1088 -0.3588
 235  1.012245  3.6184  1.9181  1.9519  4.8723  1.4283  0.2344 -0.2285 -0.4908
 236  1.012313  3.6146  1.8513  2.0037  4.8397  1.3502  0.1415 -0.3426 -0.6181
 237  1.012374  3.6108  1.7852  2.0548  4.8079  1.2756  0.0534 -0.4540 -0.7437
 238  1.012428  3.6071  1.7206  2.1046  4.7776  1.2058 -0.0281 -0.5611 -0.8657
 239  1.012477  3.6035  1.6566  2.1538  4.7476  1.1399 -0.1044 -0.6654 -0.9861
 240  1.012520  3.5998  1.5942  2.2015  4.7168  1.0784 -0.1744 -0.7655 -1.1030
 241  1.012560  3.5961  1.5330  2.2482  4.6856  1.0217 -0.2377 -0.8615 -1.2168
 242  1.012595  3.5924  1.4722  2.2943  4.6552  0.9702 -0.2935 -0.9544 -1.3292
 243  1.012627  3.5888  1.4130  2.3390  4.6275  0.9243 -0.3398 -1.0425 -1.4381
 244  1.012655  3.5852  1.3548  2.3827  4.6003  0.8835 -0.3778 -1.1270 -1.5447
 245  1.012681  3.5817  1.2983  2.4251  4.5726  0.8480 -0.4076 -1.2069 -1.6474
 246  1.012704  3.5782  1.2424  2.4669  4.5436  0.8175 -0.4291 -1.2836 -1.7482
 247  1.012726  3.5746  1.1876  2.5077  4.5158  0.7935 -0.4415 -1.3562 -1.8461
 248  1.012745  3.5712  1.1340  2.5475  4.4899  0.7766 -0.4458 -1.4240 -1.9405
 249  1.012762  3.5678  1.0816  2.5864  4.4676  0.7648 -0.4476 -1.4878 -2.0316
 250  1.012779  3.5644  1.0302  2.6242  4.4502  0.7614 -0.4454 -1.5467 -2.1184
 251  1.012795  3.5610  0.9794  2.6616  4.4338  0.7690 -0.4293 -1.5998 -2.2018
 252  1.012808  3.5577  0.9300  2.6975  4.4167  0.7876 -0.3950 -1.6466 -2.2805
 253  1.012820  3.5544  0.8812  2.7329  4.3950  0.8257 -0.3222 -1.6852 -2.3559
 254  1.012832  3.5511  0.8337  2.7674  4.3662  0.8753 -0.2242 -1.7161 -2.4261
 255  1.012843  3.5478  0.7870  2.8010  4.3359  0.9367 -0.1109 -1.7388 -2.4912
 256  1.012853  3.5446  0.7414  2.8339  4.3060  1.0109  0.0127 -1.7519 -2.5497
 257  1.012862  3.5415  0.6969  2.8658  4.2789  1.1034  0.1395 -1.7503 -2.5981
 258  1.012871  3.5383  0.6528  2.8972  4.2535  1.2110  0.2697 -1.7367 -2.6384
 259  1.012879  3.5352  0.6100  2.9277  4.2286  1.3244  0.3978 -1.7167 -2.6729
 260  1.012886  3.5321  0.5680  2.9574  4.2036  1.4485  0.5345 -1.6880 -2.7012
 261  1.012894  3.5292  0.5268  2.9866  4.1822  1.5560  0.6406 -1.6635 -2.7280
 262  1.012900  3.5261  0.4862  3.0151  4.1666  1.6507  0.7202 -1.6416 -2.7531
 263  1.012906  3.5231  0.4465  3.0429  4.1546  1.7448  0.7934 -1.6169 -2.7746
 264  1.012912  3.5202  0.4079  3.0699  4.1472  1.8429  0.8646 -1.5868 -2.7907
 265  1.012917  3.5174  0.3700  3.0963  4.1431  1.9411  0.9284 -1.5528 -2.8020
 266  1.012923  3.5144  0.3325  3.1221  4.1391  2.0357  0.9881 -1.5173 -2.8099
 267  1.012928  3.5115  0.2955  3.1474  4.1366  2.1217  1.0329 -1.4841 -2.8167
 268  1.012932  3.5087  0.2598  3.1720  4.1342  2.1952  1.0609 -1.4563 -2.8243
 269  1.012936  3.5060  0.2247  3.1962  4.1358  2.2553  1.0648 -1.4346 -2.8328
 270  1.012940  3.5031  0.1898  3.2197  4.1415  2.3120  1.0599 -1.4149 -2.8414
 271  1.012944  3.5005  0.1560  3.2426  4.1471  2.3608  1.0504 -1.4002 -2.8523
 272  1.012948  3.4978  0.1229  3.2651  4.1541  2.4054  1.0370 -1.3876 -2.8636
 273  1.012951  3.4951  0.0904  3.2870  4.1619  2.4457  1.0207 -1.3772 -2.8755
 274  1.012955  3.4925  0.0584  3.3085  4.1427  2.4705  0.9991 -1.3728 -2.8901
 275  1.012958  3.4899  0.0270  3.3293  4.1458  2.4998  0.9802 -1.3661 -2.9024
 276  1.012961  3.4873 -0.0036  3.3496  4.2022  2.5462  0.9703 -1.3527 -2.9095
 277  1.012964  3.4848 -0.0334  3.3693  4.2612  2.5887  0.9582 -1.3420 -2.9173
 278  1.012967  3.4823 -0.0620  3.3881  4.2926  2.6146  0.9346 -1.3389 -2.9276
 279  1.012968  3.4802 -0.0861  3.4040  4.3193  2.6327  0.9155 -1.3410 -2.9397
