#NUMBER OF AGES= 1
#----------------------------------------------------       
#MIX-LEN  Y      Z          Zeff        [Fe/H] [a/Fe]
# 1.9380  0.2846 2.4865E-02 2.4865E-02   0.20   0.00 
#----------------------------------------------------       
#**PHOTOMETRIC SYSTEM**: SDSS (AB)                          
#----------------------------------------------------       
#AGE=13.000 EEPS=267
#EEP   M/Mo    LogTeff  LogG   LogL/Lo sdss_u  sdss_g  sdss_r  sdss_i  sdss_z
  13  0.111985  3.5006  5.2418 -2.7988 17.9441 14.8810 13.3861 12.0766 11.3189
  14  0.132665  3.5006  5.1714 -2.6549 17.5352 14.5152 13.0286 11.7201 10.9616
  15  0.155326  3.5015  5.1118 -2.5231 17.1396 14.1634 12.6870 11.3871 10.6322
  16  0.176222  3.5042  5.0733 -2.4189 16.7876 13.8540 12.3912 11.1123 10.3686
  17  0.193467  3.5070  5.0475 -2.3415 16.5123 13.6121 12.1618 10.9036 10.1714
  18  0.208537  3.5092  5.0260 -2.2787 16.2945 13.4194 11.9790 10.7358 10.0120
  19  0.222920  3.5111  5.0069 -2.2228 16.1012 13.2475 11.8162 10.5863  9.8702
  20  0.237513  3.5131  4.9895 -2.1698 15.9181 13.0834 11.6612 10.4441  9.7356
  21  0.253356  3.5152  4.9723 -2.1161 15.7340 12.9172 11.5044 10.3000  9.5994
  22  0.275246  3.5181  4.9509 -2.0473 15.4991 12.7040 11.3035 10.1155  9.4253
  23  0.294078  3.5204  4.9351 -1.9935 15.3160 12.5364 11.1458  9.9710  9.2893
  24  0.304523  3.5217  4.9270 -1.9653 15.2204 12.4485 11.0630  9.8953  9.2182
  25  0.311211  3.5223  4.9228 -1.9492 15.1677 12.3996 11.0167  9.8524  9.1776
  26  0.316098  3.5230  4.9202 -1.9370 15.1241 12.3593 10.9792  9.8188  9.1465
  27  0.319581  3.5234  4.9164 -1.9268 15.0908 12.3287 10.9503  9.7920  9.1210
  28  0.322079  3.5237  4.9164 -1.9221 15.0735 12.3124 10.9352  9.7787  9.1092
  29  0.324348  3.5240  4.9142 -1.9157 15.0521 12.2928 10.9167  9.7616  9.0930
  30  0.326524  3.5243  4.9127 -1.9101 15.0329 12.2750 10.9000  9.7465  9.0790
  31  0.329354  3.5246  4.9105 -1.9029 15.0082 12.2521 10.8786  9.7269  9.0606
  32  0.333268  3.5251  4.9081 -1.8935 14.9762 12.2225 10.8507  9.7016  9.0368
  33  0.338402  3.5257  4.9047 -1.8811 14.9350 12.1842 10.8147  9.6685  9.0058
  34  0.346489  3.5266  4.8996 -1.8622 14.8716 12.1252 10.7592  9.6175  8.9580
  35  0.399721  3.5345  4.8550 -1.7233 14.3955 11.6814 10.3448  9.2417  8.6094
  36  0.440805  3.5424  4.8185 -1.6135 14.0197 11.3205 10.0079  8.9408  8.3357
  37  0.466002  3.5480  4.7956 -1.5439 13.7827 11.0866  9.7887  8.7470  8.1624
  38  0.485622  3.5531  4.7773 -1.4874 13.5920 10.8938  9.6065  8.5882  8.0225
  39  0.501825  3.5576  4.7619 -1.4395 13.4313 10.7272  9.4478  8.4530  7.9045
  40  0.515362  3.5617  4.7490 -1.3986 13.2947 10.5821  9.3081  8.3367  7.8043
  41  0.527305  3.5656  4.7376 -1.3619 13.1721 10.4488  9.1784  8.2322  7.7151
  42  0.538612  3.5694  4.7269 -1.3267 13.0552 10.3191  9.0511  8.1311  7.6297
  43  0.549968  3.5734  4.7161 -1.2910 12.9365 10.1854  8.9190  8.0278  7.5433
  44  0.562312  3.5778  4.7045 -1.2520 12.8073 10.0381  8.7724  7.9141  7.4491
  45  0.575799  3.5828  4.6918 -1.2090 12.6627  9.8721  8.6057  7.7876  7.3459
  46  0.589789  3.5883  4.6790 -1.1637 12.5066  9.6913  8.4226  7.6520  7.2378
  47  0.603620  3.5941  4.6669 -1.1184 12.3516  9.5077  8.2388  7.5159  7.1290
  48  0.616817  3.5999  4.6558 -1.0745 12.2025  9.3292  8.0632  7.3846  7.0236
  49  0.629231  3.6057  4.6459 -1.0327 12.0544  9.1547  7.8923  7.2585  6.9241
  50  0.640976  3.6115  4.6369 -0.9928 11.9087  8.9864  7.7279  7.1381  6.8303
  51  0.652102  3.6169  4.6286 -0.9554 11.7685  8.8276  7.5749  7.0256  6.7423
  52  0.658290  3.6199  4.6240 -0.9346 11.6886  8.7394  7.4914  6.9636  6.6935
  53  0.664386  3.6230  4.6196 -0.9140 11.6078  8.6524  7.4111  6.9031  6.6452
  54  0.670405  3.6260  4.6154 -0.8938 11.5245  8.5654  7.3320  6.8431  6.5972
  55  0.676401  3.6291  4.6112 -0.8735 11.4374  8.4781  7.2539  6.7834  6.5490
  56  0.682449  3.6322  4.6072 -0.8530 11.3429  8.3882  7.1745  6.7227  6.4997
  57  0.688615  3.6354  4.6031 -0.8320 11.2416  8.2953  7.0937  6.6606  6.4490
  58  0.694981  3.6388  4.5989 -0.8104 11.1333  8.1988  7.0108  6.5965  6.3962
  59  0.701582  3.6424  4.5947 -0.7878 11.0164  8.0979  6.9251  6.5295  6.3406
  60  0.708326  3.6460  4.5902 -0.7646 10.8940  7.9955  6.8394  6.4618  6.2835
  61  0.715114  3.6497  4.5858 -0.7414 10.7658  7.8918  6.7542  6.3935  6.2253
  62  0.721819  3.6533  4.5813 -0.7183 10.6371  7.7909  6.6728  6.3272  6.1679
  63  0.728333  3.6568  4.5770 -0.6961 10.5084  7.6929  6.5952  6.2633  6.1119
  64  0.734536  3.6601  4.5727 -0.6749 10.3853  7.6014  6.5238  6.2037  6.0588
  65  0.740367  3.6632  4.5687 -0.6551 10.2680  7.5157  6.4577  6.1480  6.0088
  66  0.745904  3.6661  4.5647 -0.6363 10.1571  7.4356  6.3965  6.0959  5.9615
  67  0.751193  3.6690  4.5609 -0.6182 10.0501  7.3592  6.3384  6.0462  5.9161
  68  0.756270  3.6715  4.5569 -0.6009  9.9486  7.2871  6.2838  5.9990  5.8726
  69  0.761167  3.6741  4.5532 -0.5840  9.8496  7.2173  6.2310  5.9532  5.8304
  70  0.765918  3.6765  4.5492 -0.5677  9.7547  7.1507  6.1806  5.9092  5.7897
  71  0.770558  3.6789  4.5453 -0.5516  9.6611  7.0857  6.1314  5.8661  5.7497
  72  0.775122  3.6812  4.5413 -0.5357  9.5698  7.0226  6.0834  5.8239  5.7107
  73  0.779632  3.6835  4.5372 -0.5200  9.4796  6.9602  6.0359  5.7820  5.6719
  74  0.784120  3.6858  4.5330 -0.5043  9.3911  6.8989  5.9890  5.7405  5.6335
  75  0.788606  3.6880  4.5287 -0.4885  9.3048  6.8381  5.9423  5.6991  5.5949
  76  0.793062  3.6902  4.5243 -0.4729  9.2198  6.7780  5.8961  5.6579  5.5568
  77  0.797475  3.6924  4.5198 -0.4572  9.1363  6.7190  5.8505  5.6172  5.5191
  78  0.801856  3.6945  4.5152 -0.4418  9.0535  6.6609  5.8055  5.5769  5.4818
  79  0.806199  3.6965  4.5105 -0.4264  8.9710  6.6037  5.7610  5.5370  5.4448
  80  0.810499  3.6986  4.5057 -0.4113  8.8905  6.5480  5.7174  5.4978  5.4083
  81  0.814748  3.7006  4.5009 -0.3962  8.8115  6.4934  5.6745  5.4591  5.3724
  82  0.819046  3.7025  4.4959 -0.3810  8.7325  6.4388  5.6314  5.4201  5.3361
  83  0.823274  3.7044  4.4907 -0.3662  8.6560  6.3858  5.5894  5.3820  5.3007
  84  0.827437  3.7063  4.4856 -0.3515  8.5815  6.3343  5.5484  5.3447  5.2659
  85  0.831520  3.7080  4.4804 -0.3372  8.5088  6.2843  5.5083  5.3082  5.2318
  86  0.835518  3.7097  4.4752 -0.3231  8.4382  6.2358  5.4692  5.2726  5.1985
  87  0.839426  3.7113  4.4699 -0.3093  8.3699  6.1887  5.4310  5.2376  5.1658
  88  0.843251  3.7129  4.4646 -0.2958  8.3034  6.1428  5.3939  5.2035  5.1339
  89  0.846997  3.7144  4.4593 -0.2825  8.2387  6.0981  5.3573  5.1700  5.1024
  90  0.850669  3.7159  4.4539 -0.2694  8.1758  6.0546  5.3216  5.1371  5.0715
  91  0.854258  3.7173  4.4484 -0.2565  8.1146  6.0121  5.2867  5.1048  5.0412
  92  0.857763  3.7186  4.4430 -0.2438  8.0551  5.9708  5.2526  5.0731  5.0114
  93  0.861181  3.7199  4.4375 -0.2314  7.9972  5.9307  5.2192  5.0421  4.9820
  94  0.864513  3.7212  4.4320 -0.2192  7.9409  5.8915  5.1865  5.0116  4.9532
  95  0.867763  3.7224  4.4264 -0.2072  7.8863  5.8533  5.1544  4.9816  4.9249
  96  0.870934  3.7235  4.4208 -0.1954  7.8331  5.8160  5.1230  4.9523  4.8970
  97  0.874036  3.7246  4.4151 -0.1837  7.7817  5.7797  5.0922  4.9234  4.8696
  98  0.877068  3.7257  4.4094 -0.1723  7.7319  5.7442  5.0620  4.8951  4.8426
  99  0.880042  3.7267  4.4037 -0.1611  7.6837  5.7094  5.0324  4.8672  4.8160
 100  0.882957  3.7276  4.3980 -0.1500  7.6367  5.6754  5.0033  4.8397  4.7899
 101  0.885824  3.7286  4.3921 -0.1391  7.5913  5.6422  4.9748  4.8128  4.7642
 102  0.888642  3.7295  4.3863 -0.1284  7.5471  5.6097  4.9467  4.7862  4.7388
 103  0.891427  3.7303  4.3805 -0.1178  7.5043  5.5779  4.9191  4.7601  4.7137
 104  0.894177  3.7311  4.3745 -0.1074  7.4626  5.5468  4.8920  4.7343  4.6889
 105  0.896900  3.7319  4.3686 -0.0971  7.4221  5.5163  4.8652  4.7089  4.6645
 106  0.899598  3.7325  4.3626 -0.0869  7.3829  5.4865  4.8390  4.6838  4.6403
 107  0.902267  3.7332  4.3566 -0.0769  7.3449  5.4572  4.8131  4.6591  4.6165
 108  0.904895  3.7339  4.3504 -0.0670  7.3080  5.4287  4.7877  4.6347  4.5929
 109  0.907450  3.7345  4.3443 -0.0573  7.2721  5.4007  4.7627  4.6107  4.5696
 110  0.909879  3.7350  4.3383 -0.0478  7.2366  5.3732  4.7383  4.5872  4.5468
 111  0.912228  3.7356  4.3324 -0.0384  7.2020  5.3463  4.7141  4.5641  4.5244
 112  0.913571  3.7359  4.3288 -0.0330  7.1823  5.3308  4.7002  4.5507  4.5115
 113  0.914913  3.7363  4.3253 -0.0275  7.1626  5.3152  4.6862  4.5372  4.4983
 114  0.916250  3.7365  4.3215 -0.0220  7.1429  5.2996  4.6721  4.5235  4.4850
 115  0.917586  3.7369  4.3178 -0.0164  7.1233  5.2840  4.6579  4.5098  4.4717
 116  0.918918  3.7371  4.3139 -0.0108  7.1038  5.2682  4.6436  4.4960  4.4582
 117  0.920249  3.7374  4.3100 -0.0051  7.0842  5.2524  4.6292  4.4821  4.4446
 118  0.921577  3.7377  4.3060  0.0006  7.0648  5.2366  4.6147  4.4680  4.4309
 119  0.922904  3.7379  4.3019  0.0063  7.0453  5.2207  4.6002  4.4539  4.4170
 120  0.924228  3.7382  4.2978  0.0120  7.0261  5.2048  4.5856  4.4397  4.4032
 121  0.925555  3.7385  4.2936  0.0178  7.0070  5.1890  4.5710  4.4254  4.3892
 122  0.926869  3.7387  4.2893  0.0236  6.9878  5.1729  4.5561  4.4110  4.3750
 123  0.928153  3.7389  4.2850  0.0296  6.9677  5.1565  4.5411  4.3963  4.3606
 124  0.929448  3.7392  4.2807  0.0355  6.9478  5.1400  4.5260  4.3817  4.3463
 125  0.930747  3.7394  4.2764  0.0415  6.9282  5.1237  4.5109  4.3670  4.3319
 126  0.932050  3.7396  4.2719  0.0475  6.9089  5.1074  4.4958  4.3522  4.3175
 127  0.933355  3.7398  4.2674  0.0534  6.8895  5.0911  4.4806  4.3375  4.3029
 128  0.934660  3.7401  4.2627  0.0594  6.8704  5.0749  4.4654  4.3226  4.2884
 129  0.935970  3.7403  4.2581  0.0655  6.8519  5.0587  4.4503  4.3077  4.2737
 130  0.937279  3.7404  4.2533  0.0715  6.8334  5.0426  4.4350  4.2927  4.2590
 131  0.938587  3.7405  4.2483  0.0776  6.8155  5.0266  4.4198  4.2777  4.2440
 132  0.939893  3.7406  4.2433  0.0837  6.7976  5.0104  4.4045  4.2626  4.2291
 133  0.941199  3.7408  4.2382  0.0898  6.7800  4.9945  4.3891  4.2474  4.2140
 134  0.942501  3.7409  4.2330  0.0960  6.7628  4.9785  4.3737  4.2321  4.1988
 135  0.943802  3.7409  4.2277  0.1021  6.7457  4.9626  4.3582  4.2168  4.1836
 136  0.945096  3.7410  4.2223  0.1084  6.7284  4.9465  4.3427  4.2013  4.1682
 137  0.946396  3.7410  4.2167  0.1146  6.7124  4.9309  4.3272  4.1858  4.1527
 138  0.947686  3.7410  4.2110  0.1209  6.6962  4.9151  4.3116  4.1703  4.1371
 139  0.948973  3.7410  4.2053  0.1272  6.6803  4.8993  4.2960  4.1547  4.1214
 140  0.950256  3.7409  4.1994  0.1334  6.6646  4.8836  4.2803  4.1389  4.1056
 141  0.951536  3.7409  4.1934  0.1398  6.6495  4.8680  4.2645  4.1231  4.0896
 142  0.952814  3.7408  4.1872  0.1461  6.6351  4.8526  4.2489  4.1071  4.0736
 143  0.954088  3.7406  4.1808  0.1526  6.6212  4.8373  4.2331  4.0912  4.0574
 144  0.955356  3.7405  4.1743  0.1589  6.6076  4.8221  4.2173  4.0752  4.0412
 145  0.956621  3.7402  4.1676  0.1654  6.5949  4.8072  4.2016  4.0590  4.0247
 146  0.957880  3.7400  4.1607  0.1718  6.5829  4.7925  4.1859  4.0429  4.0083
 147  0.959136  3.7397  4.1535  0.1783  6.5716  4.7780  4.1702  4.0267  3.9917
 148  0.960391  3.7392  4.1462  0.1847  6.5617  4.7640  4.1546  4.0104  3.9749
 149  0.961642  3.7388  4.1386  0.1912  6.5526  4.7502  4.1390  3.9941  3.9580
 150  0.962891  3.7383  4.1306  0.1976  6.5446  4.7368  4.1235  3.9779  3.9411
 151  0.964140  3.7378  4.1225  0.2040  6.5383  4.7239  4.1082  3.9615  3.9239
 152  0.965392  3.7371  4.1138  0.2105  6.5341  4.7118  4.0929  3.9451  3.9066
 153  0.966648  3.7363  4.1047  0.2169  6.5317  4.7004  4.0780  3.9287  3.8891
 154  0.967913  3.7353  4.0953  0.2233  6.5310  4.6896  4.0632  3.9124  3.8716
 155  0.969188  3.7343  4.0852  0.2296  6.5341  4.6801  4.0488  3.8961  3.8539
 156  0.970485  3.7330  4.0744  0.2358  6.5408  4.6719  4.0348  3.8800  3.8361
 157  0.971807  3.7314  4.0625  0.2420  6.5536  4.6661  4.0218  3.8642  3.8181
 158  0.973166  3.7294  4.0493  0.2479  6.5741  4.6632  4.0098  3.8489  3.8002
 159  0.974567  3.7270  4.0346  0.2534  6.6049  4.6646  3.9999  3.8347  3.7826
 160  0.975991  3.7237  4.0176  0.2581  6.6516  4.6727  3.9932  3.8224  3.7660
 161  0.977367  3.7198  3.9988  0.2617  6.7169  4.6895  3.9913  3.8135  3.7516
 162  0.978425  3.7159  3.9827  0.2628  6.7879  4.7127  3.9960  3.8110  3.7438
 163  0.979482  3.7115  3.9633  0.2649  6.8705  4.7387  4.0005  3.8071  3.7335
 164  0.980536  3.7064  3.9405  0.2678  6.9652  4.7681  4.0050  3.8019  3.7210
 165  0.981578  3.7010  3.9135  0.2735  7.0579  4.7940  4.0044  3.7906  3.7016
 166  0.982575  3.6959  3.8832  0.2841  7.1328  4.8073  3.9920  3.7680  3.6713
 167  0.983484  3.6918  3.8517  0.2995  7.1776  4.8020  3.9655  3.7329  3.6298
 168  0.984296  3.6887  3.8209  0.3183  7.1921  4.7806  3.9282  3.6889  3.5810
 169  0.985031  3.6864  3.7914  0.3392  7.1855  4.7476  3.8836  3.6394  3.5278
 170  0.985711  3.6848  3.7629  0.3611  7.1646  4.7070  3.8344  3.5865  3.4721
 171  0.986353  3.6834  3.7353  0.3838  7.1346  4.6612  3.7824  3.5315  3.4150
 172  0.986968  3.6824  3.7085  0.4069  7.0976  4.6118  3.7282  3.4752  3.3569
 173  0.987564  3.6816  3.6822  0.4302  7.0557  4.5600  3.6729  3.4181  3.2984
 174  0.988149  3.6810  3.6564  0.4537  7.0101  4.5064  3.6166  3.3603  3.2394
 175  0.988723  3.6804  3.6308  0.4773  6.9622  4.4517  3.5597  3.3021  3.1803
 176  0.989292  3.6800  3.6054  0.5010  6.9124  4.3961  3.5023  3.2437  3.1210
 177  0.989856  3.6796  3.5804  0.5247  6.8611  4.3397  3.4447  3.1851  3.0616
 178  0.990414  3.6792  3.5554  0.5484  6.8091  4.2829  3.3867  3.1264  3.0022
 179  0.990960  3.6788  3.5302  0.5724  6.7568  4.2258  3.3285  3.0674  2.9424
 180  0.991500  3.6785  3.5052  0.5963  6.7038  4.1683  3.2700  3.0080  2.8825
 181  0.992030  3.6780  3.4798  0.6203  6.6514  4.1111  3.2115  2.9487  2.8223
 182  0.992322  3.6779  3.4656  0.6338  6.6228  4.0794  3.1789  2.9155  2.7888
 183  0.992613  3.6776  3.4512  0.6473  6.5940  4.0473  3.1459  2.8820  2.7548
 184  0.992903  3.6773  3.4364  0.6612  6.5644  4.0145  3.1122  2.8478  2.7202
 185  0.993193  3.6771  3.4216  0.6752  6.5345  3.9812  3.0781  2.8131  2.6850
 186  0.993481  3.6768  3.4058  0.6899  6.5035  3.9465  3.0423  2.7768  2.6481
 187  0.993765  3.6765  3.3888  0.7058  6.4704  3.9092  3.0038  2.7374  2.6082
 188  0.994045  3.6762  3.3709  0.7226  6.4359  3.8700  2.9632  2.6961  2.5663
 189  0.994319  3.6758  3.3514  0.7407  6.3991  3.8279  2.9194  2.6515  2.5209
 190  0.994590  3.6754  3.3310  0.7596  6.3607  3.7840  2.8740  2.6051  2.4738
 191  0.994855  3.6749  3.3095  0.7793  6.3207  3.7380  2.8261  2.5562  2.4242
 192  0.995115  3.6745  3.2868  0.8002  6.2799  3.6900  2.7759  2.5048  2.3718
 193  0.995368  3.6739  3.2627  0.8222  6.2376  3.6398  2.7232  2.4507  2.3168
 194  0.995618  3.6733  3.2380  0.8447  6.1946  3.5885  2.6693  2.3956  2.2605
 195  0.995861  3.6727  3.2121  0.8681  6.1510  3.5356  2.6134  2.3381  2.2018
 196  0.996099  3.6719  3.1851  0.8924  6.1070  3.4812  2.5557  2.2786  2.1411
 197  0.996329  3.6711  3.1571  0.9174  6.0625  3.4254  2.4962  2.2173  2.0783
 198  0.996555  3.6704  3.1283  0.9430  6.0174  3.3685  2.4354  2.1546  2.0142
 199  0.996774  3.6695  3.0984  0.9694  5.9722  3.3102  2.3729  2.0900  1.9479
 200  0.996985  3.6686  3.0676  0.9967  5.9267  3.2506  2.3087  2.0235  1.8797
 201  0.997189  3.6676  3.0359  1.0245  5.8810  3.1902  2.2434  1.9556  1.8102
 202  0.997387  3.6665  3.0033  1.0529  5.8356  3.1288  2.1767  1.8863  1.7390
 203  0.997578  3.6654  2.9697  1.0821  5.7911  3.0667  2.1088  1.8155  1.6661
 204  0.997762  3.6642  2.9354  1.1117  5.7470  3.0041  2.0399  1.7437  1.5920
 205  0.997939  3.6629  2.9003  1.1417  5.7034  2.9409  1.9703  1.6707  1.5167
 206  0.998108  3.6615  2.8644  1.1724  5.6603  2.8771  1.8996  1.5966  1.4402
 207  0.998271  3.6602  2.8279  1.2035  5.6175  2.8127  1.8281  1.5215  1.3625
 208  0.998428  3.6587  2.7906  1.2350  5.5757  2.7482  1.7562  1.4456  1.2839
 209  0.998577  3.6573  2.7529  1.2669  5.5345  2.6833  1.6836  1.3690  1.2044
 210  0.998715  3.6556  2.7133  1.3000  5.4933  2.6169  1.6090  1.2897  1.1219
 211  0.998860  3.6535  2.6645  1.3403  5.4476  2.5390  1.5205  1.1941  1.0216
 212  0.999059  3.6524  2.6338  1.3667  5.4109  2.4845  1.4604  1.1307  0.9558
 213  0.999205  3.6531  2.6434  1.3598  5.4106  2.4929  1.4720  1.1455  0.9727
 214  0.999351  3.6532  2.6436  1.3602  5.4071  2.4898  1.4688  1.1437  0.9715
 215  0.999508  3.6522  2.6167  1.3834  5.3750  2.4412  1.4152  1.0876  0.9137
 216  0.999668  3.6518  2.6036  1.3950  5.3580  2.4171  1.3890  1.0599  0.8852
 217  0.999691  3.6519  2.6040  1.3947  5.3581  2.4177  1.3897  1.0606  0.8859
 218  0.999713  3.6519  2.6046  1.3942  5.3590  2.4188  1.3909  1.0619  0.8871
 219  0.999735  3.6519  2.6050  1.3939  5.3595  2.4195  1.3918  1.0626  0.8878
 220  0.999758  3.6518  2.6035  1.3952  5.3579  2.4171  1.3890  1.0596  0.8847
 221  0.999780  3.6518  2.6003  1.3979  5.3543  2.4115  1.3829  1.0530  0.8778
 222  0.999801  3.6516  2.5966  1.4011  5.3501  2.4051  1.3758  1.0455  0.8700
 223  0.999823  3.6515  2.5930  1.4044  5.3451  2.3981  1.3683  1.0376  0.8618
 224  0.999844  3.6515  2.5892  1.4078  5.3397  2.3909  1.3605  1.0295  0.8534
 225  0.999868  3.6513  2.5850  1.4114  5.3342  2.3832  1.3523  1.0208  0.8444
 226  0.999893  3.6511  2.5795  1.4161  5.3284  2.3739  1.3418  1.0095  0.8327
 227  1.000110  3.6473  2.4971  1.4835  5.2613  2.2460  1.1939  0.8501  0.6654
 228  1.000297  3.6436  2.4185  1.5475  5.2000  2.1265  1.0551  0.6993  0.5067
 229  1.000459  3.6400  2.3421  1.6094  5.1448  2.0139  0.9232  0.5547  0.3535
 230  1.000602  3.6362  2.2656  1.6710  5.0928  1.9041  0.7941  0.4116  0.2013
 231  1.000725  3.6326  2.1918  1.7300  5.0458  1.8011  0.6723  0.2754  0.0554
 232  1.000833  3.6288  2.1201  1.7871  5.0020  1.7035  0.5567  0.1446 -0.0853
 233  1.000927  3.6252  2.0498  1.8428  4.9612  1.6103  0.4463  0.0180 -0.2223
 234  1.001010  3.6215  1.9803  1.8975  4.9237  1.5220  0.3415 -0.1049 -0.3568
 235  1.001084  3.6178  1.9115  1.9512  4.8884  1.4382  0.2418 -0.2244 -0.4888
 236  1.001149  3.6140  1.8450  2.0029  4.8557  1.3606  0.1496 -0.3380 -0.6156
 237  1.001208  3.6102  1.7785  2.0543  4.8236  1.2860  0.0617 -0.4498 -0.7418
 238  1.001259  3.6066  1.7141  2.1039  4.7930  1.2167 -0.0190 -0.5563 -0.8635
 239  1.001305  3.6028  1.6499  2.1531  4.7626  1.1510 -0.0948 -0.6607 -0.9842
 240  1.001346  3.5992  1.5878  2.2008  4.7313  1.0898 -0.1642 -0.7603 -1.1006
 241  1.001384  3.5955  1.5263  2.2475  4.6999  1.0337 -0.2265 -0.8563 -1.2148
 242  1.001416  3.5918  1.4657  2.2935  4.6695  0.9827 -0.2813 -0.9488 -1.3268
 243  1.001447  3.5882  1.4065  2.3382  4.6418  0.9375 -0.3264 -1.0367 -1.4359
 244  1.001474  3.5846  1.3483  2.3820  4.6141  0.8970 -0.3635 -1.1209 -1.5425
 245  1.001499  3.5811  1.2917  2.4244  4.5859  0.8621 -0.3919 -1.2005 -1.6452
 246  1.001521  3.5775  1.2359  2.4661  4.5568  0.8325 -0.4120 -1.2768 -1.7457
 247  1.001542  3.5740  1.1810  2.5071  4.5290  0.8096 -0.4229 -1.3491 -1.8437
 248  1.001560  3.5705  1.1275  2.5468  4.5037  0.7931 -0.4274 -1.4166 -1.9378
 249  1.001577  3.5671  1.0750  2.5857  4.4821  0.7824 -0.4289 -1.4798 -2.0286
 250  1.001592  3.5638  1.0234  2.6236  4.4649  0.7809 -0.4243 -1.5380 -2.1154
 251  1.001606  3.5603  0.9726  2.6608  4.4483  0.7904 -0.4056 -1.5902 -2.1981
 252  1.001619  3.5570  0.9233  2.6968  4.4305  0.8111 -0.3666 -1.6364 -2.2767
 253  1.001632  3.5537  0.8746  2.7322  4.4068  0.8531 -0.2850 -1.6733 -2.3515
 254  1.001643  3.5504  0.8269  2.7667  4.3774  0.9053 -0.1831 -1.7028 -2.4212
 255  1.001653  3.5472  0.7804  2.8003  4.3467  0.9692 -0.0670 -1.7239 -2.4852
 256  1.001662  3.5439  0.7347  2.8331  4.3167  1.0470  0.0592 -1.7348 -2.5426
 257  1.001671  3.5408  0.6900  2.8651  4.2903  1.1447  0.1868 -1.7293 -2.5888
 258  1.001679  3.5376  0.6460  2.8964  4.2647  1.2541  0.3174 -1.7143 -2.6279
 259  1.001688  3.5345  0.6033  2.9269  4.2400  1.3689  0.4451 -1.6930 -2.6615
 260  1.001694  3.5314  0.5612  2.9566  4.2145  1.4950  0.5832 -1.6626 -2.6887
 261  1.001701  3.5284  0.5199  2.9858  4.1951  1.5969  0.6789 -1.6400 -2.7157
 262  1.001707  3.5254  0.4793  3.0144  4.1802  1.6906  0.7552 -1.6181 -2.7404
 263  1.001713  3.5224  0.4396  3.0421  4.1690  1.7858  0.8285 -1.5921 -2.7608
 264  1.001719  3.5195  0.4010  3.0692  4.1628  1.8851  0.8979 -1.5605 -2.7756
 265  1.001724  3.5166  0.3631  3.0956  4.1583  1.9828  0.9619 -1.5261 -2.7864
 266  1.001729  3.5137  0.3253  3.1214  4.1553  2.0768  1.0182 -1.4899 -2.7933
 267  1.001733  3.5108  0.2885  3.1467  4.1522  2.1593  1.0588 -1.4584 -2.8007
 268  1.001738  3.5080  0.2528  3.1713  4.1503  2.2302  1.0825 -1.4317 -2.8085
 269  1.001742  3.5052  0.2175  3.1954  4.1538  2.2881  1.0801 -1.4110 -2.8171
 270  1.001746  3.5024  0.1827  3.2189  4.1594  2.3432  1.0745 -1.3928 -2.8265
 271  1.001750  3.4996  0.1489  3.2419  4.1654  2.3909  1.0636 -1.3786 -2.8377
 272  1.001753  3.4970  0.1157  3.2643  4.1724  2.4342  1.0489 -1.3668 -2.8493
 273  1.001757  3.4943  0.0831  3.2863  4.1803  2.4735  1.0321 -1.3570 -2.8614
 274  1.001760  3.4917  0.0511  3.3077  4.1185  2.4796  0.9968 -1.3595 -2.8788
 275  1.001762  3.4890  0.0196  3.3286  4.1780  2.5307  0.9931 -1.3445 -2.8871
 276  1.001765  3.4864 -0.0110  3.3488  4.2385  2.5772  0.9831 -1.3315 -2.8943
 277  1.001768  3.4839 -0.0409  3.3686  4.2690  2.6064  0.9593 -1.3259 -2.9038
 278  1.001770  3.4815 -0.0696  3.3874  4.3413  2.6477  0.9495 -1.3185 -2.9128
 279  1.001733  3.4793 -0.0945  3.4037  4.2917  2.6332  0.9063 -1.3353 -2.9330
