#NUMBER OF AGES= 1
#----------------------------------------------------       
#MIX-LEN  Y      Z          Zeff        [Fe/H] [a/Fe]
# 1.9380  0.2846 2.4865E-02 2.4865E-02   0.20   0.00 
#----------------------------------------------------       
#**PHOTOMETRIC SYSTEM**: SDSS (AB)                          
#----------------------------------------------------       
#AGE=13.500 EEPS=267
#EEP   M/Mo    LogTeff  LogG   LogL/Lo sdss_u  sdss_g  sdss_r  sdss_i  sdss_z
  13  0.108888  3.5006  5.2534 -2.8224 18.0111 14.9410 13.4448 12.1351 11.3777
  14  0.128956  3.5005  5.1827 -2.6787 17.6035 14.5761 13.0881 11.7792 11.0206
  15  0.151140  3.5012  5.1209 -2.5453 17.2093 14.2252 12.7467 11.4442 10.6880
  16  0.171933  3.5035  5.0797 -2.4386 16.8567 13.9148 12.4490 11.1652 10.4188
  17  0.189316  3.5064  5.0527 -2.3587 16.5737 13.6664 12.2133 10.9503 10.2154
  18  0.204425  3.5086  5.0309 -2.2945 16.3489 13.4678 12.0250 10.7780 10.0521
  19  0.218669  3.5105  5.0114 -2.2380 16.1542 13.2948 11.8610 10.6272  9.9088
  20  0.233049  3.5125  4.9937 -2.1847 15.9698 13.1300 11.7052 10.4843  9.7734
  21  0.248281  3.5146  4.9767 -2.1319 15.7886 12.9668 11.5511 10.3428  9.6396
  22  0.268696  3.5172  4.9563 -2.0665 15.5649 12.7640 11.3599 10.1672  9.4740
  23  0.289661  3.5199  4.9378 -2.0049 15.3549 12.5723 11.1795 10.0017  9.3181
  24  0.302380  3.5215  4.9280 -1.9704 15.2377 12.4644 11.0782  9.9090  9.2309
  25  0.309679  3.5222  4.9232 -1.9523 15.1780 12.4092 11.0259  9.8607  9.1854
  26  0.315033  3.5229  4.9204 -1.9390 15.1313 12.3660 10.9855  9.8244  9.1518
  27  0.318815  3.5233  4.9165 -1.9284 15.0960 12.3336 10.9550  9.7961  9.1249
  28  0.321484  3.5236  4.9165 -1.9233 15.0773 12.3159 10.9385  9.7817  9.1119
  29  0.323812  3.5240  4.9142 -1.9167 15.0556 12.2960 10.9197  9.7644  9.0955
  30  0.325959  3.5243  4.9128 -1.9112 15.0364 12.2784 10.9032  9.7495  9.0817
  31  0.328638  3.5246  4.9106 -1.9042 15.0127 12.2564 10.8826  9.7305  9.0640
  32  0.332254  3.5250  4.9084 -1.8954 14.9828 12.2287 10.8566  9.7068  9.0418
  33  0.336926  3.5256  4.9053 -1.8841 14.9448 12.1934 10.8234  9.6764  9.0132
  34  0.344116  3.5264  4.9007 -1.8673 14.8886 12.1411 10.7742  9.6312  8.9708
  35  0.362544  3.5286  4.8871 -1.8219 14.7361 11.9997 10.6422  9.5095  8.8567
  36  0.421188  3.5386  4.8349 -1.6647 14.1942 11.4888 10.1647  9.0814  8.4634
  37  0.454557  3.5454  4.8051 -1.5747 13.8878 11.1911  9.8868  8.8331  8.2389
  38  0.476145  3.5506  4.7851 -1.5134 13.6802 10.9837  9.6917  8.6620  8.0871
  39  0.493727  3.5554  4.7685 -1.4620 13.5072 10.8066  9.5236  8.5169  7.9600
  40  0.508241  3.5597  4.7546 -1.4185 13.3616 10.6537  9.3773  8.3936  7.8530
  41  0.520960  3.5636  4.7424 -1.3796 13.2320 10.5144  9.2426  8.2831  7.7582
  42  0.532526  3.5675  4.7314 -1.3437 13.1126 10.3833  9.1145  8.1806  7.6711
  43  0.543596  3.5713  4.7208 -1.3089 12.9970 10.2541  8.9871  8.0804  7.5869
  44  0.555242  3.5755  4.7097 -1.2721 12.8748 10.1154  8.8497  7.9733  7.4977
  45  0.568013  3.5801  4.6975 -1.2315 12.7396  9.9608  8.6951  7.8545  7.3999
  46  0.581602  3.5852  4.6848 -1.1877 12.5908  9.7893  8.5221  7.7247  7.2951
  47  0.595302  3.5909  4.6723 -1.1430 12.4369  9.6092  8.3403  7.5904  7.1880
  48  0.608578  3.5965  4.6607 -1.0991 12.2873  9.4310  8.1630  7.4586  7.0826
  49  0.621115  3.6022  4.6503 -1.0569 12.1425  9.2585  7.9938  7.3325  6.9819
  50  0.632845  3.6078  4.6409 -1.0170 11.9996  9.0911  7.8304  7.2121  6.8871
  51  0.644031  3.6133  4.6324 -0.9789 11.8589  8.9295  7.6728  7.0969  6.7975
  52  0.650314  3.6164  4.6277 -0.9576 11.7789  8.8392  7.5857  7.0329  6.7475
  53  0.656456  3.6194  4.6231 -0.9368 11.6994  8.7510  7.5019  6.9709  6.6987
  54  0.662491  3.6225  4.6186 -0.9163 11.6192  8.6641  7.4215  6.9103  6.6505
  55  0.668436  3.6254  4.6143 -0.8962 11.5374  8.5782  7.3432  6.8510  6.6029
  56  0.674339  3.6284  4.6101 -0.8761 11.4518  8.4917  7.2655  6.7917  6.5551
  57  0.680262  3.6315  4.6060 -0.8559 11.3596  8.4033  7.1873  6.7319  6.5066
  58  0.686269  3.6347  4.6020 -0.8353 11.2610  8.3124  7.1080  6.6710  6.4569
  59  0.692444  3.6380  4.5979 -0.8141 11.1554  8.2178  7.0264  6.6080  6.4053
  60  0.698852  3.6414  4.5936 -0.7920 11.0430  8.1200  6.9433  6.5430  6.3513
  61  0.705436  3.6451  4.5893 -0.7693 10.9224  8.0183  6.8579  6.4758  6.2949
  62  0.712086  3.6487  4.5848 -0.7463 10.7978  7.9165  6.7737  6.4085  6.2377
  63  0.718717  3.6524  4.5804 -0.7232 10.6690  7.8148  6.6913  6.3417  6.1801
  64  0.725189  3.6558  4.5759 -0.7009 10.5419  7.7171  6.6134  6.2777  6.1241
  65  0.731395  3.6592  4.5716 -0.6794 10.4168  7.6235  6.5400  6.2168  6.0701
  66  0.737248  3.6623  4.5674 -0.6593 10.2991  7.5370  6.4730  6.1604  6.0195
  67  0.742768  3.6653  4.5634 -0.6403 10.1865  7.4555  6.4106  6.1074  5.9716
  68  0.748018  3.6680  4.5594 -0.6222 10.0804  7.3792  6.3525  6.0577  5.9262
  69  0.753037  3.6706  4.5556 -0.6048  9.9777  7.3062  6.2972  6.0101  5.8825
  70  0.757854  3.6732  4.5516 -0.5881  9.8803  7.2374  6.2450  5.9647  5.8407
  71  0.762505  3.6756  4.5478 -0.5719  9.7851  7.1705  6.1945  5.9208  5.8000
  72  0.767035  3.6779  4.5438 -0.5560  9.6938  7.1066  6.1460  5.8783  5.7607
  73  0.771472  3.6802  4.5399 -0.5403  9.6031  7.0439  6.0984  5.8365  5.7220
  74  0.775837  3.6824  4.5358 -0.5250  9.5150  6.9829  6.0520  5.7956  5.6840
  75  0.780156  3.6846  4.5317 -0.5096  9.4280  6.9228  6.0060  5.7550  5.6464
  76  0.784455  3.6868  4.5275 -0.4943  9.3432  6.8634  5.9605  5.7146  5.6089
  77  0.788750  3.6890  4.5231 -0.4790  9.2601  6.8047  5.9153  5.6743  5.5716
  78  0.793027  3.6911  4.5186 -0.4637  9.1780  6.7466  5.8704  5.6343  5.5344
  79  0.797273  3.6932  4.5141 -0.4485  9.0968  6.6892  5.8261  5.5945  5.4976
  80  0.801483  3.6952  4.5095 -0.4333  9.0163  6.6329  5.7823  5.5553  5.4611
  81  0.805654  3.6972  4.5047 -0.4184  8.9363  6.5775  5.7390  5.5164  5.4251
  82  0.809953  3.6993  4.4998 -0.4029  8.8550  6.5211  5.6947  5.4765  5.3880
  83  0.814185  3.7012  4.4947 -0.3877  8.7757  6.4662  5.6515  5.4374  5.3516
  84  0.818353  3.7031  4.4894 -0.3727  8.6986  6.4128  5.6091  5.3990  5.3158
  85  0.822457  3.7049  4.4842 -0.3580  8.6237  6.3608  5.5678  5.3614  5.2808
  86  0.826495  3.7067  4.4790 -0.3436  8.5507  6.3103  5.5273  5.3247  5.2465
  87  0.830459  3.7084  4.4737 -0.3293  8.4796  6.2612  5.4877  5.2886  5.2127
  88  0.834344  3.7101  4.4683 -0.3153  8.4103  6.2134  5.4492  5.2532  5.1797
  89  0.838136  3.7116  4.4630 -0.3018  8.3432  6.1670  5.4114  5.2187  5.1473
  90  0.841842  3.7131  4.4575 -0.2884  8.2782  6.1220  5.3748  5.1850  5.1156
  91  0.845471  3.7147  4.4521 -0.2752  8.2149  6.0780  5.3388  5.1518  5.0845
  92  0.849025  3.7161  4.4466 -0.2622  8.1534  6.0353  5.3035  5.1192  5.0539
  93  0.852499  3.7174  4.4411 -0.2494  8.0935  5.9936  5.2690  5.0873  5.0238
  94  0.855895  3.7187  4.4355 -0.2369  8.0352  5.9529  5.2353  5.0560  4.9943
  95  0.859210  3.7199  4.4298 -0.2246  7.9786  5.9133  5.2022  5.0252  4.9652
  96  0.862441  3.7211  4.4242 -0.2125  7.9235  5.8748  5.1699  4.9950  4.9365
  97  0.865590  3.7223  4.4185 -0.2006  7.8701  5.8372  5.1382  4.9654  4.9084
  98  0.868666  3.7234  4.4127 -0.1889  7.8183  5.8005  5.1072  4.9363  4.8808
  99  0.871675  3.7244  4.4069 -0.1774  7.7681  5.7647  5.0768  4.9077  4.8536
 100  0.874620  3.7255  4.4011 -0.1661  7.7192  5.7297  5.0469  4.8796  4.8268
 101  0.877512  3.7264  4.3953 -0.1550  7.6720  5.6955  5.0175  4.8519  4.8004
 102  0.880351  3.7273  4.3894 -0.1440  7.6263  5.6620  4.9888  4.8247  4.7744
 103  0.883150  3.7282  4.3835 -0.1332  7.5818  5.6292  4.9605  4.7979  4.7487
 104  0.885910  3.7290  4.3775 -0.1225  7.5388  5.5972  4.9326  4.7715  4.7234
 105  0.888641  3.7299  4.3715 -0.1120  7.4969  5.5659  4.9052  4.7455  4.6985
 106  0.891343  3.7306  4.3654 -0.1016  7.4564  5.5351  4.8784  4.7199  4.6738
 107  0.894016  3.7313  4.3593 -0.0914  7.4170  5.5052  4.8518  4.6946  4.6494
 108  0.896648  3.7320  4.3531 -0.0813  7.3791  5.4758  4.8258  4.6696  4.6253
 109  0.899209  3.7326  4.3469 -0.0714  7.3421  5.4471  4.8002  4.6450  4.6015
 110  0.901645  3.7332  4.3408 -0.0616  7.3054  5.4188  4.7751  4.6210  4.5782
 111  0.903997  3.7338  4.3348 -0.0520  7.2698  5.3911  4.7504  4.5973  4.5553
 112  0.905311  3.7341  4.3312 -0.0466  7.2499  5.3755  4.7364  4.5839  4.5423
 113  0.906625  3.7345  4.3276 -0.0410  7.2300  5.3599  4.7224  4.5704  4.5292
 114  0.907935  3.7348  4.3240 -0.0355  7.2101  5.3442  4.7082  4.5567  4.5159
 115  0.909243  3.7351  4.3202 -0.0300  7.1903  5.3285  4.6940  4.5429  4.5025
 116  0.910550  3.7353  4.3164 -0.0244  7.1706  5.3126  4.6796  4.5291  4.4890
 117  0.911854  3.7356  4.3124 -0.0187  7.1509  5.2968  4.6652  4.5151  4.4754
 118  0.913157  3.7359  4.3085 -0.0130  7.1313  5.2809  4.6507  4.5011  4.4616
 119  0.914458  3.7362  4.3045 -0.0073  7.1117  5.2649  4.6361  4.4869  4.4479
 120  0.915757  3.7364  4.3003 -0.0016  7.0923  5.2490  4.6215  4.4727  4.4339
 121  0.917057  3.7367  4.2961  0.0043  7.0730  5.2331  4.6068  4.4584  4.4199
 122  0.918341  3.7369  4.2919  0.0101  7.0534  5.2170  4.5919  4.4439  4.4058
 123  0.919602  3.7372  4.2876  0.0160  7.0333  5.2005  4.5768  4.4293  4.3914
 124  0.920871  3.7374  4.2833  0.0220  7.0133  5.1840  4.5618  4.4146  4.3771
 125  0.922144  3.7377  4.2789  0.0279  6.9936  5.1677  4.5466  4.3999  4.3627
 126  0.923421  3.7379  4.2745  0.0338  6.9741  5.1514  4.5316  4.3852  4.3482
 127  0.924698  3.7381  4.2700  0.0398  6.9547  5.1350  4.5164  4.3704  4.3338
 128  0.925973  3.7383  4.2654  0.0459  6.9354  5.1187  4.5012  4.3556  4.3192
 129  0.927254  3.7385  4.2607  0.0518  6.9168  5.1026  4.4861  4.3407  4.3045
 130  0.928533  3.7387  4.2559  0.0579  6.8984  5.0865  4.4709  4.3258  4.2898
 131  0.929812  3.7388  4.2510  0.0640  6.8804  5.0705  4.4556  4.3108  4.2749
 132  0.931086  3.7389  4.2461  0.0701  6.8624  5.0544  4.4404  4.2957  4.2600
 133  0.932360  3.7390  4.2410  0.0762  6.8449  5.0384  4.4250  4.2806  4.2450
 134  0.933630  3.7391  4.2357  0.0822  6.8276  5.0226  4.4098  4.2654  4.2299
 135  0.934897  3.7392  4.2305  0.0884  6.8105  5.0067  4.3943  4.2501  4.2147
 136  0.936159  3.7393  4.2252  0.0946  6.7932  4.9906  4.3789  4.2347  4.1994
 137  0.937424  3.7393  4.2196  0.1008  6.7772  4.9750  4.3635  4.2193  4.1840
 138  0.938681  3.7393  4.2139  0.1070  6.7611  4.9594  4.3479  4.2038  4.1685
 139  0.939933  3.7393  4.2082  0.1133  6.7451  4.9437  4.3324  4.1883  4.1528
 140  0.941180  3.7392  4.2024  0.1196  6.7297  4.9281  4.3168  4.1726  4.1372
 141  0.942424  3.7392  4.1964  0.1258  6.7145  4.9125  4.3012  4.1569  4.1213
 142  0.943666  3.7391  4.1902  0.1322  6.7003  4.8974  4.2856  4.1411  4.1055
 143  0.944901  3.7389  4.1839  0.1385  6.6864  4.8822  4.2700  4.1253  4.0894
 144  0.946135  3.7388  4.1774  0.1448  6.6730  4.8672  4.2544  4.1093  4.0732
 145  0.947362  3.7385  4.1707  0.1512  6.6604  4.8523  4.2387  4.0934  4.0569
 146  0.948587  3.7383  4.1638  0.1576  6.6486  4.8378  4.2231  4.0773  4.0406
 147  0.949808  3.7380  4.1568  0.1640  6.6374  4.8234  4.2075  4.0612  4.0240
 148  0.951030  3.7376  4.1494  0.1704  6.6277  4.8095  4.1920  4.0451  4.0074
 149  0.952250  3.7371  4.1418  0.1769  6.6188  4.7958  4.1766  4.0289  3.9906
 150  0.953465  3.7367  4.1340  0.1833  6.6109  4.7825  4.1612  4.0126  3.9737
 151  0.954683  3.7360  4.1256  0.1897  6.6050  4.7699  4.1459  3.9963  3.9566
 152  0.955904  3.7354  4.1169  0.1961  6.6009  4.7579  4.1308  3.9800  3.9393
 153  0.957127  3.7345  4.1079  0.2025  6.5988  4.7466  4.1159  3.9638  3.9220
 154  0.958361  3.7336  4.0985  0.2088  6.5985  4.7359  4.1012  3.9475  3.9045
 155  0.959604  3.7326  4.0884  0.2152  6.6021  4.7266  4.0869  3.9313  3.8869
 156  0.960865  3.7313  4.0775  0.2214  6.6092  4.7187  4.0732  3.9153  3.8691
 157  0.962151  3.7296  4.0656  0.2275  6.6225  4.7131  4.0602  3.8996  3.8513
 158  0.963468  3.7276  4.0523  0.2335  6.6433  4.7103  4.0485  3.8845  3.8334
 159  0.964823  3.7252  4.0375  0.2389  6.6745  4.7118  4.0386  3.8703  3.8159
 160  0.966194  3.7219  4.0205  0.2438  6.7214  4.7200  4.0320  3.8581  3.7993
 161  0.967521  3.7181  4.0016  0.2476  6.7860  4.7364  4.0297  3.8488  3.7845
 162  0.968560  3.7142  3.9852  0.2489  6.8575  4.7595  4.0341  3.8459  3.7762
 163  0.969595  3.7097  3.9652  0.2515  6.9396  4.7846  4.0376  3.8409  3.7649
 164  0.970628  3.7047  3.9418  0.2553  7.0317  4.8122  4.0404  3.8340  3.7507
 165  0.971645  3.6993  3.9143  0.2620  7.1193  4.8352  4.0373  3.8204  3.7290
 166  0.972609  3.6945  3.8837  0.2737  7.1880  4.8446  4.0219  3.7951  3.6963
 167  0.973486  3.6906  3.8521  0.2899  7.2254  4.8360  3.9929  3.7579  3.6530
 168  0.974272  3.6877  3.8214  0.3093  7.2356  4.8119  3.9539  3.7124  3.6029
 169  0.974987  3.6856  3.7918  0.3306  7.2259  4.7772  3.9079  3.6617  3.5487
 170  0.975650  3.6840  3.7633  0.3530  7.2032  4.7350  3.8576  3.6078  3.4920
 171  0.976279  3.6827  3.7355  0.3760  7.1711  4.6878  3.8044  3.5518  3.4340
 172  0.976881  3.6817  3.7085  0.3995  7.1323  4.6371  3.7492  3.4945  3.3750
 173  0.977466  3.6809  3.6820  0.4232  7.0888  4.5841  3.6928  3.4364  3.3156
 174  0.978040  3.6803  3.6559  0.4470  7.0416  4.5293  3.6356  3.3777  3.2558
 175  0.978604  3.6798  3.6301  0.4710  6.9922  4.4733  3.5776  3.3186  3.1957
 176  0.979162  3.6793  3.6044  0.4951  6.9410  4.4167  3.5194  3.2593  3.1356
 177  0.979717  3.6790  3.5791  0.5192  6.8885  4.3592  3.4607  3.1998  3.0754
 178  0.980265  3.6786  3.5538  0.5432  6.8352  4.3014  3.4019  3.1402  3.0151
 179  0.980802  3.6782  3.5283  0.5675  6.7819  4.2434  3.3427  3.0802  2.9544
 180  0.981330  3.6779  3.5029  0.5918  6.7277  4.1848  3.2833  3.0200  2.8936
 181  0.981851  3.6775  3.4772  0.6162  6.6743  4.1266  3.2238  2.9597  2.8325
 182  0.982132  3.6773  3.4631  0.6295  6.6457  4.0950  3.1913  2.9267  2.7991
 183  0.982412  3.6770  3.4487  0.6432  6.6169  4.0629  3.1583  2.8932  2.7651
 184  0.982693  3.6768  3.4340  0.6570  6.5873  4.0300  3.1246  2.8589  2.7304
 185  0.982973  3.6766  3.4191  0.6710  6.5571  3.9967  3.0904  2.8242  2.6952
 186  0.983251  3.6763  3.4034  0.6858  6.5261  3.9620  3.0546  2.7878  2.6583
 187  0.983524  3.6760  3.3862  0.7019  6.4925  3.9241  3.0157  2.7481  2.6181
 188  0.983795  3.6757  3.3682  0.7186  6.4577  3.8848  2.9750  2.7067  2.5760
 189  0.984059  3.6753  3.3485  0.7369  6.4204  3.8422  2.9308  2.6616  2.5302
 190  0.984320  3.6749  3.3280  0.7559  6.3817  3.7980  2.8849  2.6148  2.4827
 191  0.984577  3.6745  3.3066  0.7758  6.3414  3.7517  2.8370  2.5659  2.4329
 192  0.984827  3.6739  3.2836  0.7968  6.3003  3.7035  2.7865  2.5142  2.3803
 193  0.985071  3.6733  3.2595  0.8188  6.2578  3.6530  2.7336  2.4599  2.3251
 194  0.985311  3.6728  3.2346  0.8414  6.2146  3.6014  2.6794  2.4044  2.2685
 195  0.985547  3.6721  3.2086  0.8649  6.1708  3.5483  2.6232  2.3466  2.2096
 196  0.985776  3.6714  3.1815  0.8893  6.1265  3.4936  2.5653  2.2870  2.1485
 197  0.985998  3.6707  3.1535  0.9144  6.0817  3.4377  2.5056  2.2256  2.0858
 198  0.986216  3.6698  3.1245  0.9402  6.0365  3.3805  2.4446  2.1625  2.0212
 199  0.986427  3.6689  3.0946  0.9667  5.9912  3.3220  2.3818  2.0976  1.9547
 200  0.986631  3.6681  3.0636  0.9940  5.9456  3.2623  2.3174  2.0309  1.8864
 201  0.986829  3.6671  3.0319  1.0219  5.8996  3.2015  2.2518  1.9628  1.8165
 202  0.987019  3.6660  2.9991  1.0505  5.8540  3.1398  2.1847  1.8932  1.7450
 203  0.987203  3.6649  2.9654  1.0797  5.8094  3.0776  2.1167  1.8222  1.6719
 204  0.987380  3.6636  2.9308  1.1094  5.7651  3.0148  2.0476  1.7500  1.5975
 205  0.987551  3.6623  2.8957  1.1397  5.7213  2.9513  1.9777  1.6768  1.5220
 206  0.987715  3.6610  2.8597  1.1705  5.6780  2.8873  1.9068  1.6024  1.4451
 207  0.987872  3.6596  2.8228  1.2017  5.6352  2.8226  1.8351  1.5270  1.3670
 208  0.988023  3.6582  2.7856  1.2334  5.5931  2.7577  1.7627  1.4508  1.2880
 209  0.988167  3.6567  2.7473  1.2656  5.5517  2.6925  1.6897  1.3734  1.2078
 210  0.988300  3.6550  2.7069  1.2994  5.5100  2.6249  1.6136  1.2926  1.1236
 211  0.988447  3.6529  2.6580  1.3402  5.4620  2.5455  1.5240  1.1959  1.0221
 212  0.988649  3.6521  2.6331  1.3616  5.4312  2.5007  1.4747  1.1441  0.9686
 213  0.988779  3.6531  2.6492  1.3496  5.4361  2.5186  1.4973  1.1712  0.9985
 214  0.988923  3.6530  2.6440  1.3545  5.4257  2.5058  1.4836  1.1582  0.9859
 215  0.989085  3.6519  2.6143  1.3797  5.3934  2.4545  1.4263  1.0976  0.9230
 216  0.989223  3.6518  2.6067  1.3868  5.3812  2.4392  1.4102  1.0807  0.9057
 217  0.989244  3.6518  2.6076  1.3862  5.3820  2.4404  1.4118  1.0823  0.9072
 218  0.989265  3.6518  2.6084  1.3854  5.3834  2.4424  1.4137  1.0842  0.9092
 219  0.989289  3.6518  2.6088  1.3851  5.3842  2.4432  1.4147  1.0850  0.9100
 220  0.989314  3.6517  2.6060  1.3874  5.3816  2.4387  1.4096  1.0796  0.9042
 221  0.989335  3.6515  2.6007  1.3919  5.3759  2.4296  1.3994  1.0687  0.8929
 222  0.989357  3.6512  2.5947  1.3970  5.3697  2.4195  1.3882  1.0567  0.8804
 223  0.989377  3.6510  2.5889  1.4020  5.3631  2.4093  1.3768  1.0446  0.8679
 224  0.989398  3.6508  2.5829  1.4070  5.3568  2.3992  1.3655  1.0326  0.8554
 225  0.989421  3.6506  2.5768  1.4122  5.3506  2.3890  1.3541  1.0205  0.8427
 226  0.989444  3.6503  2.5700  1.4178  5.3442  2.3779  1.3415  1.0070  0.8287
 227  0.989650  3.6467  2.4898  1.4838  5.2761  2.2520  1.1966  0.8509  0.6650
 228  0.989830  3.6430  2.4109  1.5482  5.2148  2.1323  1.0575  0.6996  0.5055
 229  0.989984  3.6394  2.3346  1.6099  5.1595  2.0200  0.9261  0.5553  0.3526
 230  0.990120  3.6356  2.2583  1.6713  5.1076  1.9109  0.7977  0.4129  0.2010
 231  0.990237  3.6320  2.1847  1.7302  5.0605  1.8082  0.6764  0.2770  0.0555
 232  0.990340  3.6283  2.1130  1.7873  5.0166  1.7107  0.5611  0.1463 -0.0853
 233  0.990430  3.6246  2.0427  1.8430  4.9758  1.6179  0.4511  0.0198 -0.2223
 234  0.990510  3.6209  1.9726  1.8981  4.9378  1.5292  0.3460 -0.1038 -0.3577
 235  0.990581  3.6171  1.9042  1.9515  4.9027  1.4463  0.2476 -0.2223 -0.4889
 236  0.990644  3.6134  1.8367  2.0039  4.8691  1.3681  0.1548 -0.3372 -0.6175
 237  0.990699  3.6096  1.7705  2.0551  4.8369  1.2940  0.0677 -0.4485 -0.7432
 238  0.990748  3.6059  1.7060  2.1048  4.8059  1.2249 -0.0125 -0.5552 -0.8653
 239  0.990792  3.6021  1.6418  2.1540  4.7753  1.1598 -0.0872 -0.6590 -0.9858
 240  0.990831  3.5985  1.5794  2.2018  4.7433  1.0988 -0.1561 -0.7589 -1.1027
 241  0.990867  3.5948  1.5179  2.2486  4.7116  1.0434 -0.2174 -0.8546 -1.2169
 242  0.990899  3.5911  1.4575  2.2943  4.6815  0.9933 -0.2706 -0.9462 -1.3284
 243  0.990928  3.5875  1.3979  2.3393  4.6535  0.9486 -0.3141 -1.0342 -1.4381
 244  0.990954  3.5838  1.3399  2.3830  4.6258  0.9091 -0.3498 -1.1179 -1.5443
 245  0.990977  3.5803  1.2830  2.4256  4.5968  0.8751 -0.3768 -1.1974 -1.6474
 246  0.990998  3.5767  1.2271  2.4674  4.5677  0.8467 -0.3948 -1.2733 -1.7479
 247  0.991018  3.5733  1.1722  2.5083  4.5401  0.8252 -0.4039 -1.3448 -1.8454
 248  0.991036  3.5698  1.1185  2.5481  4.5151  0.8097 -0.4078 -1.4118 -1.9396
 249  0.991052  3.5664  1.0661  2.5869  4.4946  0.8009 -0.4087 -1.4743 -2.0298
 250  0.991066  3.5630  1.0143  2.6250  4.4774  0.8019 -0.4012 -1.5315 -2.1161
 251  0.991080  3.5596  0.9635  2.6622  4.4605  0.8143 -0.3783 -1.5823 -2.1982
 252  0.991093  3.5563  0.9140  2.6983  4.4433  0.8413 -0.3296 -1.6264 -2.2765
 253  0.991104  3.5529  0.8654  2.7336  4.4154  0.8846 -0.2416 -1.6620 -2.3503
 254  0.991114  3.5495  0.8176  2.7681  4.3854  0.9408 -0.1342 -1.6894 -2.4190
 255  0.991124  3.5463  0.7708  2.8019  4.3543  1.0083 -0.0148 -1.7083 -2.4821
 256  0.991133  3.5431  0.7252  2.8346  4.3250  1.0913  0.1119 -1.7151 -2.5368
 257  0.991142  3.5399  0.6805  2.8666  4.2990  1.1932  0.2403 -1.7064 -2.5809
 258  0.991149  3.5367  0.6365  2.8979  4.2737  1.3054  0.3707 -1.6892 -2.6185
 259  0.991157  3.5337  0.5936  2.9284  4.2495  1.4245  0.5021 -1.6654 -2.6509
 260  0.991164  3.5306  0.5514  2.9583  4.2246  1.5437  0.6282 -1.6372 -2.6782
 261  0.991170  3.5275  0.5101  2.9874  4.2073  1.6406  0.7137 -1.6160 -2.7051
 262  0.991176  3.5245  0.4695  3.0159  4.1934  1.7325  0.7856 -1.5942 -2.7292
 263  0.991181  3.5215  0.4298  3.0437  4.1833  1.8283  0.8581 -1.5671 -2.7486
 264  0.991187  3.5186  0.3911  3.0708  4.1785  1.9284  0.9251 -1.5340 -2.7621
 265  0.991192  3.5157  0.3531  3.0972  4.1730  2.0250  0.9900 -1.4996 -2.7724
 266  0.991196  3.5127  0.3153  3.1230  4.1703  2.1168  1.0427 -1.4640 -2.7791
 267  0.991201  3.5099  0.2785  3.1484  4.1674  2.1965  1.0794 -1.4339 -2.7868
 268  0.991205  3.5070  0.2428  3.1729  4.1662  2.2628  1.0956 -1.4096 -2.7955
 269  0.991209  3.5042  0.2072  3.1971  4.1709  2.3211  1.0927 -1.3889 -2.8040
 270  0.991212  3.5014  0.1725  3.2206  4.1762  2.3737  1.0861 -1.3725 -2.8147
 271  0.991216  3.4986  0.1386  3.2435  4.1829  2.4205  1.0743 -1.3591 -2.8261
 272  0.991219  3.4960  0.1054  3.2659  4.1904  2.4629  1.0587 -1.3479 -2.8380
 273  0.991223  3.4933  0.0728  3.2878  4.1844  2.4948  1.0386 -1.3414 -2.8519
 274  0.991226  3.4906  0.0407  3.3092  4.1659  2.5167  1.0152 -1.3384 -2.8669
 275  0.991228  3.4880  0.0092  3.3302  4.2207  2.5646  1.0053 -1.3241 -2.8743
 276  0.991231  3.4853 -0.0215  3.3504  4.2809  2.6094  0.9933 -1.3124 -2.8820
 277  0.991233  3.4828 -0.0514  3.3701  4.3092  2.6355  0.9676 -1.3093 -2.8927
 278  0.991237  3.4804 -0.0801  3.3889  4.3450  2.6594  0.9461 -1.3104 -2.9063
 279  0.991265  3.4783 -0.1038  3.4046  4.2445  2.6233  0.8887 -1.3357 -2.9305
