#NUMBER OF AGES= 1
#----------------------------------------------------       
#MIX-LEN  Y      Z          Zeff        [Fe/H] [a/Fe]
# 1.9380  0.2846 2.4865E-02 2.4865E-02   0.20   0.00 
#----------------------------------------------------       
#**PHOTOMETRIC SYSTEM**: SDSS (AB)                          
#----------------------------------------------------       
#AGE=14.000 EEPS=266
#EEP   M/Mo    LogTeff  LogG   LogL/Lo sdss_u  sdss_g  sdss_r  sdss_i  sdss_z
  14  0.125492  3.5006  5.1938 -2.7015 17.6687 14.6346 13.1452 11.8360 11.0775
  15  0.147242  3.5010  5.1301 -2.5667 17.2747 14.2834 12.8030 11.4986 10.7416
  16  0.167861  3.5029  5.0862 -2.4579 16.9231 13.9732 12.5047 11.2165 10.4676
  17  0.185350  3.5057  5.0579 -2.3756 16.6340 13.7196 12.2637 10.9960 10.2584
  18  0.200499  3.5081  5.0358 -2.3099 16.4023 13.5153 12.0700 10.8193 10.0912
  19  0.214638  3.5100  5.0158 -2.2527 16.2053 13.3405 11.9042 10.6667  9.9461
  20  0.228824  3.5119  4.9978 -2.1991 16.0198 13.1750 11.7477 10.5230  9.8100
  21  0.243751  3.5140  4.9807 -2.1463 15.8383 13.0118 11.5936 10.3816  9.6763
  22  0.262254  3.5165  4.9618 -2.0858 15.6312 12.8243 11.4167 10.2192  9.5229
  23  0.284747  3.5193  4.9410 -2.0179 15.3996 12.6134 11.2182 10.0370  9.3511
  24  0.300031  3.5211  4.9292 -1.9760 15.2570 12.4824 11.0951  9.9243  9.2453
  25  0.308062  3.5221  4.9237 -1.9556 15.1890 12.4195 11.0356  9.8696  9.1938
  26  0.313918  3.5228  4.9206 -1.9412 15.1388 12.3731 10.9922  9.8305  9.1574
  27  0.318024  3.5232  4.9167 -1.9299 15.1014 12.3386 10.9598  9.8003  9.1289
  28  0.320888  3.5236  4.9166 -1.9243 15.0811 12.3195 10.9419  9.7848  9.1147
  29  0.323296  3.5239  4.9143 -1.9177 15.0588 12.2990 10.9226  9.7670  9.0979
  30  0.325435  3.5242  4.9129 -1.9122 15.0398 12.2815 10.9062  9.7521  9.0841
  31  0.327995  3.5245  4.9108 -1.9054 15.0168 12.2602 10.8863  9.7338  9.0670
  32  0.331362  3.5249  4.9086 -1.8971 14.9885 12.2341 10.8616  9.7114  9.0461
  33  0.335650  3.5255  4.9056 -1.8866 14.9532 12.2013 10.8309  9.6832  9.0196
  34  0.342128  3.5262  4.9016 -1.8714 14.9024 12.1541 10.7864  9.6424  8.9812
  35  0.353054  3.5274  4.8939 -1.8451 14.8148 12.0726 10.7102  9.5720  8.9151
  36  0.404011  3.5355  4.8492 -1.7093 14.3468 11.6347 10.3011  9.2033  8.5746
  37  0.441873  3.5427  4.8158 -1.6084 14.0022 11.3037  9.9924  8.9265  8.3227
  38  0.465978  3.5482  4.7936 -1.5412 13.7744 11.0786  9.7812  8.7400  8.1559
  39  0.485130  3.5532  4.7755 -1.4859 13.5877 10.8897  9.6027  8.5844  8.0187
  40  0.500748  3.5576  4.7605 -1.4394 13.4320 10.7282  9.4488  8.4532  7.9043
  41  0.514303  3.5617  4.7475 -1.3983 13.2947 10.5826  9.3086  8.3365  7.8036
  42  0.526412  3.5655  4.7359 -1.3609 13.1703 10.4473  9.1773  8.2301  7.7128
  43  0.537491  3.5694  4.7252 -1.3262 13.0550 10.3194  9.0516  8.1305  7.6285
  44  0.548648  3.5733  4.7145 -1.2909 12.9377 10.1873  8.9210  8.0283  7.5431
  45  0.560700  3.5776  4.7029 -1.2525 12.8107 10.0425  8.7771  7.9166  7.4504
  46  0.573769  3.5824  4.6905 -1.2106 12.6701  9.8809  8.6149  7.7933  7.3497
  47  0.587201  3.5877  4.6780 -1.1670 12.5199  9.7070  8.4388  7.6626  7.2452
  48  0.600475  3.5932  4.6659 -1.1232 12.3704  9.5304  8.2616  7.5314  7.1403
  49  0.613170  3.5988  4.6549 -1.0807 12.2266  9.3584  8.0918  7.4046  7.0385
  50  0.625001  3.6044  4.6451 -1.0405 12.0859  9.1921  7.9288  7.2837  6.9427
  51  0.636156  3.6098  4.6362 -1.0022 11.9466  9.0304  7.7710  7.1679  6.8522
  52  0.642494  3.6130  4.6313 -0.9805 11.8666  8.9383  7.6812  7.1024  6.8011
  53  0.648747  3.6160  4.6265 -0.9591 11.7866  8.8477  7.5937  7.0382  6.7510
  54  0.654846  3.6190  4.6220 -0.9383 11.7070  8.7592  7.5095  6.9759  6.7021
  55  0.660816  3.6220  4.6175 -0.9179 11.6280  8.6731  7.4295  6.9157  6.6543
  56  0.666695  3.6250  4.6131 -0.8979 11.5468  8.5877  7.3514  6.8565  6.6069
  57  0.672508  3.6280  4.6089 -0.8779 11.4626  8.5021  7.2744  6.7978  6.5595
  58  0.678312  3.6310  4.6048 -0.8580 11.3727  8.4151  7.1972  6.7388  6.5117
  59  0.684182  3.6341  4.6008 -0.8377 11.2759  8.3252  7.1188  6.6787  6.4627
  60  0.690180  3.6374  4.5966 -0.8170 11.1739  8.2336  7.0396  6.6174  6.4123
  61  0.696399  3.6408  4.5925 -0.7955 11.0637  8.1372  6.9574  6.5535  6.3595
  62  0.702807  3.6442  4.5881 -0.7731 10.9472  8.0384  6.8741  6.4878  6.3044
  63  0.709327  3.6479  4.5837 -0.7503 10.8239  7.9369  6.7900  6.4209  6.2478
  64  0.715846  3.6514  4.5792 -0.7275 10.6981  7.8366  6.7082  6.3548  6.1909
  65  0.722252  3.6549  4.5747 -0.7051 10.5707  7.7380  6.6293  6.2902  6.1346
  66  0.728440  3.6583  4.5703 -0.6835 10.4464  7.6443  6.5554  6.2289  6.0804
  67  0.734317  3.6615  4.5661 -0.6630 10.3260  7.5555  6.4864  6.1712  6.0288
  68  0.739834  3.6644  4.5618 -0.6438 10.2139  7.4737  6.4235  6.1178  5.9806
  69  0.745057  3.6672  4.5579 -0.6256 10.1058  7.3961  6.3643  6.0674  5.9347
  70  0.750022  3.6699  4.5539 -0.6082 10.0046  7.3237  6.3093  6.0199  5.8912
  71  0.754768  3.6724  4.5501 -0.5915  9.9060  7.2539  6.2565  5.9743  5.8491
  72  0.759344  3.6748  4.5461 -0.5754  9.8128  7.1882  6.2066  5.9308  5.8089
  73  0.763776  3.6771  4.5423 -0.5597  9.7210  7.1240  6.1581  5.8884  5.7696
  74  0.768096  3.6793  4.5383 -0.5443  9.6327  7.0626  6.1114  5.8473  5.7315
  75  0.772331  3.6815  4.5343 -0.5291  9.5454  7.0022  6.0655  5.8069  5.6941
  76  0.776504  3.6837  4.5302 -0.5141  9.4604  6.9433  6.0205  5.7672  5.6572
  77  0.780632  3.6858  4.5261 -0.4992  9.3767  6.8854  5.9761  5.7278  5.6207
  78  0.784752  3.6879  4.5218 -0.4842  9.2956  6.8281  5.9321  5.6886  5.5843
  79  0.788880  3.6899  4.5174 -0.4693  9.2152  6.7711  5.8881  5.6494  5.5478
  80  0.792985  3.6920  4.5129 -0.4544  9.1358  6.7148  5.8444  5.6103  5.5116
  81  0.797059  3.6940  4.5083 -0.4395  9.0572  6.6592  5.8013  5.5717  5.4757
  82  0.801329  3.6961  4.5033 -0.4240  8.9741  6.6015  5.7562  5.5312  5.4382
  83  0.805545  3.6981  4.4983 -0.4085  8.8929  6.5451  5.7120  5.4912  5.4011
  84  0.809709  3.7000  4.4931 -0.3933  8.8134  6.4900  5.6686  5.4521  5.3647
  85  0.813810  3.7020  4.4879 -0.3783  8.7360  6.4363  5.6260  5.4135  5.3287
  86  0.817848  3.7038  4.4827 -0.3635  8.6609  6.3840  5.5844  5.3757  5.2935
  87  0.821824  3.7056  4.4773 -0.3490  8.5878  6.3331  5.5438  5.3387  5.2589
  88  0.825739  3.7073  4.4720 -0.3347  8.5163  6.2836  5.5040  5.3024  5.2249
  89  0.829578  3.7090  4.4665 -0.3206  8.4467  6.2353  5.4650  5.2668  5.1916
  90  0.833341  3.7105  4.4610 -0.3069  8.3791  6.1885  5.4270  5.2319  5.1588
  91  0.837019  3.7121  4.4556 -0.2933  8.3134  6.1429  5.3897  5.1978  5.1269
  92  0.840609  3.7135  4.4500 -0.2801  8.2499  6.0987  5.3535  5.1643  5.0955
  93  0.844114  3.7149  4.4444 -0.2671  8.1880  6.0556  5.3180  5.1315  5.0646
  94  0.847549  3.7163  4.4388 -0.2542  8.1279  6.0136  5.2833  5.0994  5.0344
  95  0.850911  3.7176  4.4331 -0.2416  8.0695  5.9726  5.2493  5.0679  5.0046
  96  0.854195  3.7188  4.4274 -0.2293  8.0125  5.9327  5.2160  5.0369  4.9753
  97  0.857401  3.7200  4.4217 -0.2171  7.9572  5.8938  5.1834  5.0064  4.9465
  98  0.860531  3.7211  4.4159 -0.2051  7.9035  5.8559  5.1514  4.9765  4.9181
  99  0.863586  3.7223  4.4100 -0.1933  7.8513  5.8190  5.1202  4.9472  4.8902
 100  0.866569  3.7233  4.4042 -0.1818  7.8006  5.7829  5.0894  4.9184  4.8628
 101  0.869491  3.7243  4.3983 -0.1703  7.7516  5.7476  5.0593  4.8901  4.8357
 102  0.872356  3.7253  4.3923 -0.1591  7.7041  5.7132  5.0298  4.8622  4.8091
 103  0.875176  3.7263  4.3864 -0.1480  7.6581  5.6795  5.0008  4.8347  4.7829
 104  0.877953  3.7271  4.3803 -0.1371  7.6135  5.6465  4.9722  4.8077  4.7570
 105  0.880695  3.7279  4.3742 -0.1264  7.5702  5.6143  4.9443  4.7811  4.7315
 106  0.883406  3.7287  4.3681 -0.1159  7.5283  5.5828  4.9167  4.7549  4.7063
 107  0.886085  3.7294  4.3619 -0.1054  7.4877  5.5520  4.8896  4.7291  4.6814
 108  0.888724  3.7301  4.3556 -0.0951  7.4485  5.5218  4.8629  4.7036  4.6568
 109  0.891292  3.7308  4.3493 -0.0849  7.4102  5.4923  4.8367  4.6785  4.6326
 110  0.893737  3.7314  4.3432 -0.0750  7.3726  5.4632  4.8110  4.6538  4.6088
 111  0.896094  3.7320  4.3370 -0.0652  7.3358  5.4348  4.7857  4.6297  4.5853
 112  0.897381  3.7324  4.3335 -0.0598  7.3158  5.4192  4.7718  4.6163  4.5723
 113  0.898667  3.7327  4.3300 -0.0543  7.2958  5.4036  4.7577  4.6028  4.5592
 114  0.899951  3.7330  4.3264 -0.0488  7.2758  5.3878  4.7435  4.5890  4.5460
 115  0.901232  3.7333  4.3226 -0.0432  7.2559  5.3720  4.7293  4.5752  4.5326
 116  0.902512  3.7336  4.3188 -0.0376  7.2361  5.3561  4.7149  4.5614  4.5191
 117  0.903788  3.7339  4.3149 -0.0319  7.2162  5.3402  4.7005  4.5475  4.5054
 118  0.905065  3.7342  4.3110 -0.0262  7.1964  5.3242  4.6859  4.5334  4.4918
 119  0.906338  3.7344  4.3069 -0.0205  7.1767  5.3082  4.6713  4.5192  4.4779
 120  0.907611  3.7347  4.3028 -0.0148  7.1571  5.2923  4.6566  4.5050  4.4640
 121  0.908884  3.7350  4.2986 -0.0090  7.1377  5.2762  4.6419  4.4906  4.4500
 122  0.910139  3.7352  4.2943 -0.0031  7.1179  5.2600  4.6270  4.4761  4.4358
 123  0.911377  3.7355  4.2901  0.0028  7.0976  5.2434  4.6118  4.4614  4.4215
 124  0.912622  3.7357  4.2858  0.0087  7.0774  5.2269  4.5967  4.4468  4.4071
 125  0.913872  3.7360  4.2815  0.0147  7.0576  5.2105  4.5816  4.4321  4.3927
 126  0.915126  3.7362  4.2770  0.0206  7.0380  5.1942  4.5665  4.4173  4.3782
 127  0.916379  3.7364  4.2725  0.0267  7.0185  5.1779  4.5513  4.4025  4.3637
 128  0.917629  3.7367  4.2680  0.0326  6.9990  5.1615  4.5361  4.3877  4.3491
 129  0.918885  3.7368  4.2633  0.0386  6.9804  5.1453  4.5209  4.3728  4.3345
 130  0.920140  3.7370  4.2585  0.0447  6.9618  5.1292  4.5057  4.3579  4.3198
 131  0.921393  3.7371  4.2536  0.0508  6.9438  5.1132  4.4905  4.3429  4.3049
 132  0.922639  3.7373  4.2487  0.0568  6.9256  5.0971  4.4752  4.3278  4.2900
 133  0.923887  3.7374  4.2436  0.0629  6.9081  5.0812  4.4599  4.3127  4.2750
 134  0.925129  3.7375  4.2384  0.0691  6.8907  5.0653  4.4446  4.2975  4.2599
 135  0.926367  3.7376  4.2332  0.0752  6.8735  5.0494  4.4292  4.2822  4.2447
 136  0.927601  3.7376  4.2278  0.0813  6.8564  5.0334  4.4138  4.2669  4.2295
 137  0.928837  3.7376  4.2222  0.0875  6.8404  5.0179  4.3984  4.2516  4.2141
 138  0.930064  3.7376  4.2166  0.0937  6.8242  5.0022  4.3830  4.2361  4.1987
 139  0.931286  3.7376  4.2110  0.1000  6.8082  4.9866  4.3675  4.2206  4.1831
 140  0.932503  3.7376  4.2051  0.1063  6.7928  4.9711  4.3520  4.2050  4.1675
 141  0.933715  3.7375  4.1991  0.1125  6.7777  4.9556  4.3364  4.1893  4.1517
 142  0.934926  3.7374  4.1930  0.1188  6.7635  4.9404  4.3209  4.1736  4.1359
 143  0.936129  3.7373  4.1866  0.1250  6.7496  4.9254  4.3053  4.1579  4.1199
 144  0.937329  3.7371  4.1802  0.1314  6.7366  4.9105  4.2898  4.1420  4.1037
 145  0.938525  3.7369  4.1735  0.1378  6.7239  4.8957  4.2743  4.1262  4.0876
 146  0.939717  3.7366  4.1666  0.1441  6.7123  4.8813  4.2588  4.1102  4.0712
 147  0.940903  3.7363  4.1596  0.1505  6.7011  4.8670  4.2433  4.0942  4.0548
 148  0.942092  3.7359  4.1522  0.1569  6.6918  4.8533  4.2279  4.0781  4.0383
 149  0.943277  3.7355  4.1446  0.1632  6.6829  4.8398  4.2125  4.0621  4.0216
 150  0.944460  3.7350  4.1369  0.1696  6.6752  4.8266  4.1973  4.0459  4.0048
 151  0.945644  3.7344  4.1285  0.1760  6.6699  4.8142  4.1821  4.0297  3.9878
 152  0.946833  3.7337  4.1199  0.1824  6.6660  4.8024  4.1672  4.0136  3.9707
 153  0.948022  3.7329  4.1109  0.1887  6.6642  4.7912  4.1524  3.9975  3.9534
 154  0.949222  3.7319  4.1014  0.1951  6.6642  4.7807  4.1379  3.9813  3.9361
 155  0.950430  3.7308  4.0912  0.2014  6.6681  4.7715  4.1238  3.9652  3.9185
 156  0.951655  3.7295  4.0804  0.2076  6.6755  4.7638  4.1101  3.9493  3.9009
 157  0.952901  3.7279  4.0683  0.2137  6.6892  4.7583  4.0974  3.9338  3.8832
 158  0.954176  3.7259  4.0551  0.2196  6.7103  4.7558  4.0857  3.9188  3.8655
 159  0.955482  3.7234  4.0402  0.2252  6.7417  4.7574  4.0760  3.9048  3.8480
 160  0.956798  3.7203  4.0233  0.2300  6.7882  4.7655  4.0693  3.8924  3.8314
 161  0.958073  3.7165  4.0045  0.2341  6.8512  4.7811  4.0666  3.8826  3.8163
 162  0.959092  3.7126  3.9878  0.2357  6.9224  4.8036  4.0703  3.8792  3.8074
 163  0.960108  3.7082  3.9675  0.2388  7.0028  4.8274  4.0727  3.8732  3.7950
 164  0.961120  3.7032  3.9437  0.2433  7.0912  4.8531  4.0739  3.8646  3.7791
 165  0.962113  3.6981  3.9159  0.2509  7.1742  4.8733  4.0685  3.8490  3.7557
 166  0.963051  3.6934  3.8850  0.2634  7.2374  4.8798  4.0508  3.8216  3.7211
 167  0.963903  3.6896  3.8534  0.2804  7.2700  4.8685  4.0200  3.7827  3.6763
 168  0.964670  3.6868  3.8227  0.3002  7.2768  4.8425  3.9793  3.7359  3.6250
 169  0.965370  3.6847  3.7929  0.3220  7.2649  4.8061  3.9321  3.6841  3.5698
 170  0.966021  3.6831  3.7642  0.3448  7.2405  4.7625  3.8806  3.6291  3.5122
 171  0.966638  3.6820  3.7362  0.3682  7.2065  4.7139  3.8264  3.5721  3.4532
 172  0.967232  3.6810  3.7089  0.3920  7.1659  4.6619  3.7701  3.5138  3.3933
 173  0.967809  3.6803  3.6821  0.4162  7.1208  4.6077  3.7126  3.4546  3.3328
 174  0.968375  3.6797  3.6557  0.4404  7.0722  4.5517  3.6543  3.3949  3.2721
 175  0.968932  3.6792  3.6296  0.4648  7.0212  4.4946  3.5954  3.3349  3.2111
 176  0.969483  3.6787  3.6037  0.4892  6.9687  4.4367  3.5360  3.2746  3.1501
 177  0.970030  3.6784  3.5780  0.5137  6.9150  4.3782  3.4764  3.2142  3.0888
 178  0.970571  3.6781  3.5523  0.5382  6.8604  4.3193  3.4165  3.1536  3.0275
 179  0.971099  3.6777  3.5265  0.5628  6.8058  4.2601  3.3563  3.0925  2.9659
 180  0.971620  3.6774  3.5007  0.5876  6.7504  4.2005  3.2958  3.0314  2.9040
 181  0.972134  3.6770  3.4746  0.6124  6.6959  4.1412  3.2353  2.9700  2.8420
 182  0.972406  3.6768  3.4606  0.6257  6.6673  4.1096  3.2029  2.9371  2.8086
 183  0.972677  3.6765  3.4462  0.6392  6.6383  4.0775  3.1700  2.9036  2.7747
 184  0.972948  3.6763  3.4314  0.6531  6.6086  4.0446  3.1362  2.8693  2.7400
 185  0.973219  3.6761  3.4166  0.6672  6.5784  4.0112  3.1020  2.8346  2.7048
 186  0.973487  3.6758  3.4009  0.6820  6.5470  3.9762  3.0661  2.7980  2.6678
 187  0.973751  3.6755  3.3835  0.6982  6.5129  3.9380  3.0267  2.7580  2.6271
 188  0.974013  3.6752  3.3656  0.7150  6.4781  3.8986  2.9860  2.7165  2.5851
 189  0.974267  3.6748  3.3457  0.7334  6.4404  3.8557  2.9414  2.6711  2.5389
 190  0.974519  3.6744  3.3251  0.7525  6.4014  3.8111  2.8954  2.6240  2.4911
 191  0.974767  3.6740  3.3036  0.7725  6.3609  3.7647  2.8471  2.5749  2.4412
 192  0.975009  3.6734  3.2806  0.7936  6.3196  3.7162  2.7964  2.5229  2.3883
 193  0.975245  3.6729  3.2564  0.8156  6.2768  3.6656  2.7434  2.4686  2.3330
 194  0.975476  3.6723  3.2314  0.8384  6.2334  3.6137  2.6889  2.4127  2.2760
 195  0.975703  3.6717  3.2053  0.8619  6.1895  3.5604  2.6326  2.3549  2.2170
 196  0.975924  3.6710  3.1782  0.8864  6.1449  3.5055  2.5744  2.2949  2.1558
 197  0.976140  3.6702  3.1501  0.9115  6.1000  3.4494  2.5148  2.2335  2.0928
 198  0.976350  3.6694  3.1210  0.9373  6.0547  3.3920  2.4534  2.1701  2.0281
 199  0.976553  3.6685  3.0910  0.9640  6.0092  3.3334  2.3905  2.1051  1.9614
 200  0.976750  3.6676  3.0600  0.9913  5.9633  3.2736  2.3260  2.0383  1.8930
 201  0.976941  3.6666  3.0282  1.0194  5.9172  3.2126  2.2601  1.9700  1.8229
 202  0.977125  3.6655  2.9953  1.0480  5.8715  3.1507  2.1929  1.9001  1.7511
 203  0.977303  3.6644  2.9616  1.0773  5.8268  3.0884  2.1248  1.8290  1.6780
 204  0.977474  3.6632  2.9270  1.1071  5.7824  3.0254  2.0555  1.7567  1.6034
 205  0.977639  3.6619  2.8917  1.1374  5.7384  2.9618  1.9855  1.6834  1.5277
 206  0.977797  3.6606  2.8556  1.1682  5.6950  2.8975  1.9144  1.6088  1.4506
 207  0.977949  3.6592  2.8188  1.1996  5.6520  2.8327  1.8425  1.5332  1.3724
 208  0.978095  3.6577  2.7814  1.2313  5.6096  2.7676  1.7701  1.4569  1.2934
 209  0.978232  3.6562  2.7425  1.2640  5.5681  2.7018  1.6962  1.3786  1.2120
 210  0.978364  3.6545  2.7003  1.2992  5.5254  2.6321  1.6175  1.2945  1.1241
 211  0.978516  3.6526  2.6535  1.3386  5.4757  2.5535  1.5299  1.2005  1.0260
 212  0.978710  3.6520  2.6362  1.3538  5.4529  2.5213  1.4947  1.1639  0.9883
 213  0.978832  3.6530  2.6534  1.3406  5.4597  2.5415  1.5195  1.1933  1.0207
 214  0.978972  3.6527  2.6421  1.3510  5.4406  2.5169  1.4933  1.1673  0.9946
 215  0.979136  3.6516  2.6121  1.3763  5.4108  2.4671  1.4369  1.1072  0.9319
 216  0.979259  3.6515  2.6084  1.3801  5.4024  2.4581  1.4282  1.0980  0.9225
 217  0.979280  3.6516  2.6093  1.3795  5.4028  2.4593  1.4297  1.0995  0.9241
 218  0.979301  3.6516  2.6101  1.3788  5.4038  2.4608  1.4313  1.1012  0.9258
 219  0.979324  3.6516  2.6101  1.3788  5.4039  2.4610  1.4315  1.1013  0.9259
 220  0.979350  3.6515  2.6066  1.3818  5.4004  2.4552  1.4250  1.0943  0.9186
 221  0.979372  3.6512  2.6000  1.3873  5.3938  2.4441  1.4126  1.0810  0.9048
 222  0.979392  3.6510  2.5928  1.3933  5.3867  2.4322  1.3991  1.0666  0.8897
 223  0.979413  3.6506  2.5855  1.3994  5.3794  2.4200  1.3854  1.0521  0.8745
 224  0.979434  3.6503  2.5783  1.4055  5.3722  2.4081  1.3719  1.0377  0.8595
 225  0.979454  3.6501  2.5710  1.4116  5.3652  2.3962  1.3583  1.0232  0.8444
 226  0.979476  3.6497  2.5635  1.4178  5.3582  2.3839  1.3445  1.0083  0.8288
 227  0.979674  3.6461  2.4830  1.4839  5.2901  2.2580  1.1994  0.8519  0.6647
 228  0.979847  3.6425  2.4043  1.5480  5.2290  2.1388  1.0610  0.7012  0.5059
 229  0.979994  3.6389  2.3280  1.6098  5.1737  2.0267  0.9298  0.5570  0.3530
 230  0.980123  3.6351  2.2519  1.6710  5.1219  1.9179  0.8019  0.4150  0.2017
 231  0.980236  3.6314  2.1785  1.7298  5.0748  1.8156  0.6812  0.2796  0.0567
 232  0.980335  3.6278  2.1069  1.7869  5.0307  1.7182  0.5661  0.1490 -0.0841
 233  0.980421  3.6241  2.0366  1.8426  4.9898  1.6256  0.4564  0.0227 -0.2211
 234  0.980498  3.6203  1.9666  1.8977  4.9516  1.5372  0.3517 -0.1008 -0.3565
 235  0.980565  3.6166  1.8982  1.9510  4.9165  1.4548  0.2540 -0.2189 -0.4874
 236  0.980625  3.6128  1.8307  2.0034  4.8826  1.3768  0.1616 -0.3338 -0.6160
 237  0.980678  3.6091  1.7644  2.0546  4.8504  1.3028  0.0749 -0.4450 -0.7418
 238  0.980725  3.6053  1.6998  2.1044  4.8192  1.2340 -0.0048 -0.5514 -0.8639
 239  0.980767  3.6016  1.6358  2.1535  4.7880  1.1693 -0.0790 -0.6551 -0.9843
 240  0.980805  3.5979  1.5732  2.2014  4.7557  1.1087 -0.1473 -0.7548 -1.1013
 241  0.980839  3.5943  1.5117  2.2482  4.7237  1.0536 -0.2078 -0.8504 -1.2155
 242  0.980869  3.5906  1.4514  2.2939  4.6938  1.0042 -0.2598 -0.9416 -1.3269
 243  0.980897  3.5869  1.3918  2.3389  4.6657  0.9599 -0.3023 -1.0294 -1.4366
 244  0.980922  3.5833  1.3336  2.3826  4.6377  0.9210 -0.3370 -1.1129 -1.5429
 245  0.980944  3.5798  1.2768  2.4253  4.6083  0.8875 -0.3629 -1.1920 -1.6457
 246  0.980965  3.5762  1.2209  2.4670  4.5791  0.8600 -0.3795 -1.2677 -1.7464
 247  0.980983  3.5728  1.1660  2.5078  4.5517  0.8395 -0.3875 -1.3386 -1.8435
 248  0.981000  3.5693  1.1122  2.5478  4.5271  0.8246 -0.3910 -1.4054 -1.9377
 249  0.981016  3.5658  1.0598  2.5865  4.5072  0.8170 -0.3915 -1.4673 -2.0275
 250  0.981030  3.5624  1.0080  2.6246  4.4899  0.8198 -0.3818 -1.5238 -2.1136
 251  0.981043  3.5590  0.9572  2.6619  4.4728  0.8340 -0.3556 -1.5739 -2.1954
 252  0.981054  3.5557  0.9076  2.6979  4.4539  0.8645 -0.2989 -1.6166 -2.2732
 253  0.981065  3.5523  0.8590  2.7333  4.4253  0.9101 -0.2071 -1.6511 -2.3465
 254  0.981076  3.5490  0.8111  2.7678  4.3948  0.9685 -0.0967 -1.6771 -2.4146
 255  0.981085  3.5457  0.7643  2.8015  4.3636  1.0388  0.0250 -1.6942 -2.4767
 256  0.981094  3.5425  0.7187  2.8342  4.3349  1.1260  0.1524 -1.6979 -2.5295
 257  0.981102  3.5393  0.6739  2.8663  4.3089  1.2305  0.2817 -1.6874 -2.5724
 258  0.981109  3.5361  0.6299  2.8976  4.2838  1.3443  0.4123 -1.6688 -2.6091
 259  0.981116  3.5330  0.5871  2.9281  4.2590  1.4653  0.5453 -1.6435 -2.6406
 260  0.981123  3.5299  0.5448  2.9580  4.2356  1.5800  0.6627 -1.6168 -2.6680
 261  0.981129  3.5268  0.5036  2.9870  4.2189  1.6757  0.7451 -1.5957 -2.6946
 262  0.981135  3.5238  0.4629  3.0155  4.2057  1.7674  0.8149 -1.5734 -2.7180
 263  0.981140  3.5209  0.4233  3.0433  4.1966  1.8650  0.8880 -1.5448 -2.7363
 264  0.981145  3.5179  0.3844  3.0704  4.1923  1.9653  0.9536 -1.5109 -2.7489
 265  0.981149  3.5150  0.3463  3.0968  4.1866  2.0613  1.0179 -1.4761 -2.7586
 266  0.981154  3.5120  0.3085  3.1227  4.1842  2.1512  1.0672 -1.4412 -2.7653
 267  0.981158  3.5092  0.2717  3.1480  4.1814  2.2286  1.1002 -1.4120 -2.7732
 268  0.981162  3.5064  0.2359  3.1726  4.1813  2.2913  1.1096 -1.3895 -2.7823
 269  0.981166  3.5035  0.2003  3.1966  4.1867  2.3499  1.1064 -1.3691 -2.7910
 270  0.981170  3.5007  0.1656  3.2202  4.1921  2.4005  1.0979 -1.3539 -2.8023
 271  0.981173  3.4979  0.1317  3.2431  4.1992  2.4463  1.0851 -1.3410 -2.8139
 272  0.981176  3.4952  0.0985  3.2655  4.2070  2.4878  1.0686 -1.3304 -2.8261
 273  0.981179  3.4926  0.0658  3.2875  4.1873  2.5126  1.0454 -1.3267 -2.8415
 274  0.981182  3.4899  0.0337  3.3089  4.1940  2.5440  1.0267 -1.3196 -2.8540
 275  0.981185  3.4872  0.0022  3.3298  4.2518  2.5919  1.0164 -1.3058 -2.8614
 276  0.981187  3.4846 -0.0286  3.3501  4.3131  2.6357  1.0036 -1.2950 -2.8694
 277  0.981190  3.4821 -0.0586  3.3698  4.3456  2.6620  0.9785 -1.2926 -2.8806
 278  0.981192  3.4795 -0.0873  3.3886  4.3288  2.6628  0.9411 -1.3042 -2.8999
 279  0.981194  3.4775 -0.1115  3.4045  4.1959  2.6122  0.8723 -1.3362 -2.9277
