#NUMBER OF AGES= 1
#----------------------------------------------------       
#MIX-LEN  Y      Z          Zeff        [Fe/H] [a/Fe]
# 1.9380  0.2846 2.4865E-02 2.4865E-02   0.20   0.00 
#----------------------------------------------------       
#**PHOTOMETRIC SYSTEM**: SDSS (AB)                          
#----------------------------------------------------       
#AGE=14.500 EEPS=266
#EEP   M/Mo    LogTeff  LogG   LogL/Lo sdss_u  sdss_g  sdss_r  sdss_i  sdss_z
  14  0.122247  3.5006  5.2046 -2.7236 17.7313 14.6907 13.2000 11.8907 11.1323
  15  0.143565  3.5008  5.1393 -2.5875 17.3374 14.3390 12.8571 11.5513 10.7937
  16  0.163998  3.5024  5.0928 -2.4766 16.9867 14.0292 12.5582 11.2660 10.5150
  17  0.181559  3.5051  5.0629 -2.3921 16.6929 13.7714 12.3128 11.0405 10.3005
  18  0.196738  3.5075  5.0404 -2.3250 16.4549 13.5620 12.1143 10.8598 10.1296
  19  0.210802  3.5094  5.0202 -2.2669 16.2546 13.3845 11.9460 10.7050  9.9823
  20  0.224816  3.5114  5.0018 -2.2130 16.0681 13.2184 11.7886 10.5605  9.8453
  21  0.239463  3.5134  4.9846 -2.1602 15.8864 13.0553 11.6346 10.4191  9.7116
  22  0.256271  3.5157  4.9669 -2.1040 15.6938 12.8812 11.4705 10.2684  9.5692
  23  0.279412  3.5186  4.9450 -2.0326 15.4500 12.6595 11.2616 10.0766  9.3883
  24  0.297185  3.5208  4.9308 -1.9830 15.2809 12.5044 11.1159  9.9431  9.2629
  25  0.306356  3.5219  4.9242 -1.9592 15.2008 12.4306 11.0462  9.8793  9.2027
  26  0.312751  3.5227  4.9208 -1.9435 15.1469 12.3806 10.9993  9.8368  9.1632
  27  0.317207  3.5232  4.9169 -1.9316 15.1070 12.3438 10.9647  9.8048  9.1330
  28  0.320286  3.5235  4.9166 -1.9255 15.0849 12.3231 10.9453  9.7878  9.1175
  29  0.322792  3.5239  4.9144 -1.9186 15.0620 12.3021 10.9255  9.7695  9.1003
  30  0.324943  3.5242  4.9129 -1.9131 15.0429 12.2844 10.9089  9.7546  9.0864
  31  0.327412  3.5245  4.9109 -1.9065 15.0205 12.2637 10.8895  9.7369  9.0698
  32  0.330571  3.5248  4.9087 -1.8987 14.9935 12.2388 10.8661  9.7155  9.0499
  33  0.334536  3.5254  4.9060 -1.8888 14.9605 12.2081 10.8373  9.6891  9.0251
  34  0.340430  3.5260  4.9023 -1.8749 14.9140 12.1649 10.7967  9.6518  8.9901
  35  0.349041  3.5269  4.8963 -1.8543 14.8458 12.1015 10.7371  9.5968  8.9383
  36  0.376969  3.5308  4.8732 -1.7823 14.6004 11.8737 10.5251  9.4024  8.7572
  37  0.423302  3.5391  4.8313 -1.6569 14.1677 11.4637 10.1413  9.0601  8.4439
  38  0.455089  3.5457  4.8027 -1.5706 13.8746 11.1783  9.8749  8.8222  8.2289
  39  0.475993  3.5508  4.7832 -1.5110 13.6729 10.9766  9.6850  8.6557  8.0811
  40  0.492867  3.5553  4.7670 -1.4614 13.5059 10.8055  9.5227  8.5157  7.9584
  41  0.507273  3.5597  4.7531 -1.4180 13.3609 10.6534  9.3771  8.3928  7.8518
  42  0.520122  3.5636  4.7406 -1.3786 13.2298 10.5126  9.2410  8.2808  7.7557
  43  0.531484  3.5674  4.7296 -1.3432 13.1119 10.3830  9.1144  8.1795  7.6695
  44  0.542423  3.5712  4.7191 -1.3085 12.9970 10.2545  8.9878  8.0799  7.5858
  45  0.553890  3.5753  4.7079 -1.2720 12.8761 10.1174  8.8520  7.9738  7.4974
  46  0.566320  3.5799  4.6959 -1.2322 12.7437  9.9659  8.7005  7.8575  7.4015
  47  0.579375  3.5849  4.6835 -1.1899 12.6004  9.8006  8.5338  7.7321  7.3001
  48  0.592513  3.5902  4.6713 -1.1468 12.4519  9.6272  8.3586  7.6026  7.1968
  49  0.605313  3.5955  4.6598 -1.1042 12.3069  9.4548  8.1865  7.4749  7.0947
  50  0.617329  3.6010  4.6494 -1.0636 12.1687  9.2899  8.0245  7.3538  6.9975
  51  0.628570  3.6063  4.6401 -1.0249 12.0316  9.1289  7.8670  7.2375  6.9058
  52  0.634867  3.6095  4.6351 -1.0031 11.9516  9.0363  7.7766  7.1714  6.8542
  53  0.641156  3.6126  4.6302 -0.9814 11.8718  8.9442  7.6868  7.1058  6.8032
  54  0.647382  3.6157  4.6254 -0.9600 11.7917  8.8532  7.5989  7.0414  6.7529
  55  0.653433  3.6188  4.6207 -0.9392 11.7126  8.7652  7.5148  6.9793  6.7042
  56  0.659344  3.6217  4.6162 -0.9189 11.6338  8.6793  7.4347  6.9191  6.6565
  57  0.665154  3.6247  4.6118 -0.8989 11.5536  8.5944  7.3570  6.8602  6.6093
  58  0.670875  3.6276  4.6076 -0.8792 11.4706  8.5096  7.2807  6.8020  6.5624
  59  0.676576  3.6307  4.6035 -0.8594 11.3820  8.4233  7.2041  6.7435  6.5151
  60  0.682314  3.6337  4.5994 -0.8394 11.2881  8.3358  7.1275  6.6846  6.4670
  61  0.688162  3.6369  4.5954 -0.8191 11.1875  8.2450  7.0490  6.6241  6.4174
  62  0.694186  3.6401  4.5911 -0.7980 11.0814  8.1519  6.9693  6.5621  6.3660
  63  0.700430  3.6435  4.5869 -0.7761 10.9668  8.0542  6.8868  6.4973  6.3119
  64  0.706797  3.6471  4.5824 -0.7537 10.8470  7.9550  6.8044  6.4316  6.2563
  65  0.713189  3.6506  4.5780 -0.7311 10.7223  7.8549  6.7224  6.3657  6.1999
  66  0.719516  3.6541  4.5734 -0.7087 10.5969  7.7572  6.6438  6.3014  6.1439
  67  0.725661  3.6575  4.5690 -0.6870 10.4718  7.6622  6.5687  6.2393  6.0892
  68  0.731539  3.6606  4.5645 -0.6664 10.3517  7.5731  6.4991  6.1812  6.0373
  69  0.737074  3.6637  4.5604 -0.6469 10.2368  7.4891  6.4344  6.1266  5.9882
  70  0.742270  3.6664  4.5562 -0.6286 10.1300  7.4120  6.3752  6.0761  5.9422
  71  0.747191  3.6691  4.5523 -0.6111 10.0268  7.3382  6.3192  6.0280  5.8983
  72  0.751890  3.6717  4.5483 -0.5944  9.9302  7.2694  6.2670  5.9827  5.8565
  73  0.756398  3.6741  4.5445 -0.5782  9.8355  7.2026  6.2165  5.9388  5.8161
  74  0.760743  3.6763  4.5405 -0.5627  9.7459  7.1396  6.1687  5.8970  5.7772
  75  0.764959  3.6786  4.5366 -0.5475  9.6576  7.0781  6.1221  5.8561  5.7394
  76  0.769077  3.6807  4.5326 -0.5325  9.5722  7.0190  6.0770  5.8165  5.7024
  77  0.773115  3.6828  4.5286 -0.5178  9.4883  6.9610  6.0328  5.7774  5.6662
  78  0.777104  3.6848  4.5245 -0.5033  9.4065  6.9041  5.9893  5.7389  5.6304
  79  0.781066  3.6869  4.5203 -0.4887  9.3265  6.8482  5.9462  5.7005  5.5948
  80  0.785016  3.6889  4.5160 -0.4741  9.2481  6.7926  5.9034  5.6624  5.5594
  81  0.788973  3.6910  4.5116 -0.4595  9.1705  6.7375  5.8607  5.6242  5.5239
  82  0.793189  3.6931  4.5067 -0.4440  9.0882  6.6791  5.8153  5.5835  5.4862
  83  0.797366  3.6950  4.5016 -0.4285  9.0064  6.6217  5.7704  5.5432  5.4487
  84  0.801501  3.6971  4.4965 -0.4131  8.9251  6.5653  5.7263  5.5034  5.4117
  85  0.805584  3.6990  4.4914 -0.3979  8.8461  6.5103  5.6829  5.4642  5.3753
  86  0.809612  3.7009  4.4861 -0.3829  8.7686  6.4564  5.6403  5.4256  5.3394
  87  0.813582  3.7027  4.4808 -0.3680  8.6934  6.4040  5.5986  5.3877  5.3040
  88  0.817490  3.7045  4.4754 -0.3535  8.6200  6.3529  5.5578  5.3506  5.2693
  89  0.821336  3.7062  4.4700 -0.3392  8.5487  6.3031  5.5178  5.3141  5.2351
  90  0.825122  3.7078  4.4644 -0.3251  8.4790  6.2546  5.4786  5.2783  5.2016
  91  0.828838  3.7095  4.4589 -0.3112  8.4110  6.2073  5.4403  5.2431  5.1687
  92  0.832478  3.7110  4.4532 -0.2976  8.3450  6.1614  5.4028  5.2087  5.1363
  93  0.836034  3.7124  4.4476 -0.2842  8.2809  6.1167  5.3662  5.1750  5.1047
  94  0.839506  3.7139  4.4420 -0.2711  8.2188  6.0732  5.3304  5.1420  5.0736
  95  0.842895  3.7152  4.4362 -0.2583  8.1586  6.0311  5.2955  5.1097  5.0431
  96  0.846209  3.7165  4.4305 -0.2456  8.0999  5.9898  5.2612  5.0779  5.0132
  97  0.849452  3.7178  4.4247 -0.2331  8.0430  5.9497  5.2278  5.0467  4.9836
  98  0.852625  3.7190  4.4189 -0.2209  7.9875  5.9106  5.1949  5.0161  4.9546
  99  0.855728  3.7201  4.4130 -0.2088  7.9335  5.8724  5.1627  4.9860  4.9261
 100  0.858759  3.7212  4.4071 -0.1970  7.8810  5.8351  5.1312  4.9564  4.8980
 101  0.861724  3.7223  4.4011 -0.1853  7.8303  5.7988  5.1003  4.9274  4.8703
 102  0.864623  3.7233  4.3951 -0.1738  7.7810  5.7633  5.0700  4.8988  4.8431
 103  0.867469  3.7243  4.3891 -0.1626  7.7333  5.7287  5.0403  4.8707  4.8162
 104  0.870266  3.7251  4.3829 -0.1514  7.6871  5.6949  5.0110  4.8431  4.7898
 105  0.873026  3.7260  4.3768 -0.1405  7.6422  5.6618  4.9823  4.8159  4.7637
 106  0.875750  3.7268  4.3706 -0.1297  7.5990  5.6294  4.9541  4.7891  4.7380
 107  0.878441  3.7276  4.3644 -0.1190  7.5570  5.5977  4.9264  4.7627  4.7126
 108  0.881090  3.7282  4.3581 -0.1085  7.5165  5.5668  4.8991  4.7366  4.6874
 109  0.883668  3.7289  4.3517 -0.0982  7.4771  5.5365  4.8723  4.7110  4.6627
 110  0.886125  3.7296  4.3454 -0.0880  7.4383  5.5067  4.8460  4.6859  4.6384
 111  0.888487  3.7303  4.3392 -0.0780  7.4003  5.4776  4.8202  4.6611  4.6145
 112  0.889749  3.7306  4.3358 -0.0726  7.3803  5.4619  4.8062  4.6477  4.6016
 113  0.891011  3.7309  4.3322 -0.0672  7.3601  5.4462  4.7921  4.6342  4.5885
 114  0.892269  3.7313  4.3286 -0.0616  7.3400  5.4304  4.7779  4.6205  4.5752
 115  0.893526  3.7316  4.3249 -0.0561  7.3199  5.4145  4.7637  4.6068  4.5619
 116  0.894780  3.7319  4.3211 -0.0504  7.3000  5.3986  4.7493  4.5929  4.5483
 117  0.896033  3.7322  4.3172 -0.0448  7.2801  5.3827  4.7348  4.5790  4.5348
 118  0.897283  3.7325  4.3133 -0.0391  7.2601  5.3666  4.7202  4.5648  4.5211
 119  0.898532  3.7327  4.3092 -0.0334  7.2403  5.3506  4.7057  4.5507  4.5072
 120  0.899780  3.7330  4.3052 -0.0276  7.2207  5.3345  4.6909  4.5365  4.4933
 121  0.901028  3.7332  4.3010 -0.0218  7.2011  5.3185  4.6762  4.5222  4.4793
 122  0.902254  3.7335  4.2968 -0.0159  7.1811  5.3021  4.6612  4.5076  4.4651
 123  0.903470  3.7338  4.2926 -0.0101  7.1606  5.2856  4.6461  4.4929  4.4507
 124  0.904691  3.7341  4.2883 -0.0041  7.1403  5.2689  4.6309  4.4782  4.4364
 125  0.905917  3.7344  4.2839  0.0018  7.1203  5.2525  4.6158  4.4635  4.4220
 126  0.907146  3.7346  4.2795  0.0078  7.1006  5.2362  4.6007  4.4487  4.4076
 127  0.908375  3.7349  4.2750  0.0138  7.0810  5.2198  4.5855  4.4339  4.3930
 128  0.909601  3.7350  4.2705  0.0198  7.0613  5.2033  4.5702  4.4190  4.3784
 129  0.910832  3.7352  4.2658  0.0258  7.0426  5.1871  4.5550  4.4041  4.3637
 130  0.912063  3.7354  4.2610  0.0318  7.0240  5.1710  4.5398  4.3892  4.3489
 131  0.913292  3.7355  4.2561  0.0379  7.0058  5.1550  4.5246  4.3742  4.3342
 132  0.914514  3.7356  4.2512  0.0440  6.9875  5.1388  4.5092  4.3591  4.3192
 133  0.915737  3.7358  4.2461  0.0501  6.9698  5.1228  4.4940  4.3440  4.3043
 134  0.916957  3.7358  4.2409  0.0562  6.9525  5.1069  4.4786  4.3288  4.2891
 135  0.918170  3.7360  4.2357  0.0624  6.9351  5.0910  4.4632  4.3135  4.2739
 136  0.919381  3.7360  4.2303  0.0685  6.9180  5.0751  4.4478  4.2982  4.2586
 137  0.920591  3.7360  4.2248  0.0746  6.9019  5.0595  4.4324  4.2828  4.2433
 138  0.921792  3.7360  4.2192  0.0809  6.8857  5.0439  4.4170  4.2674  4.2278
 139  0.922987  3.7360  4.2135  0.0871  6.8695  5.0282  4.4015  4.2519  4.2123
 140  0.924178  3.7360  4.2077  0.0933  6.8542  5.0127  4.3859  4.2363  4.1967
 141  0.925366  3.7359  4.2017  0.0996  6.8393  4.9974  4.3704  4.2206  4.1810
 142  0.926546  3.7358  4.1956  0.1059  6.8250  4.9822  4.3550  4.2050  4.1651
 143  0.927723  3.7357  4.1892  0.1121  6.8113  4.9672  4.3395  4.1893  4.1492
 144  0.928895  3.7355  4.1828  0.1185  6.7982  4.9523  4.3240  4.1735  4.1332
 145  0.930061  3.7353  4.1761  0.1249  6.7857  4.9377  4.3085  4.1577  4.1170
 146  0.931225  3.7350  4.1692  0.1311  6.7743  4.9235  4.2931  4.1418  4.1008
 147  0.932381  3.7347  4.1622  0.1375  6.7630  4.9091  4.2777  4.1259  4.0844
 148  0.933541  3.7343  4.1547  0.1438  6.7540  4.8956  4.2624  4.1098  4.0679
 149  0.934694  3.7339  4.1472  0.1501  6.7453  4.8821  4.2471  4.0938  4.0513
 150  0.935846  3.7333  4.1394  0.1566  6.7380  4.8691  4.2320  4.0778  4.0346
 151  0.936998  3.7327  4.1311  0.1629  6.7330  4.8569  4.2170  4.0617  4.0176
 152  0.938154  3.7320  4.1225  0.1692  6.7293  4.8452  4.2022  4.0457  4.0007
 153  0.939309  3.7312  4.1134  0.1755  6.7279  4.8343  4.1876  4.0296  3.9835
 154  0.940476  3.7303  4.1039  0.1819  6.7282  4.8239  4.1731  4.0136  3.9663
 155  0.941649  3.7292  4.0937  0.1881  6.7321  4.8148  4.1592  3.9978  3.9489
 156  0.942837  3.7278  4.0828  0.1943  6.7401  4.8073  4.1457  3.9821  3.9315
 157  0.944042  3.7262  4.0708  0.2004  6.7543  4.8022  4.1331  3.9667  3.9138
 158  0.945272  3.7242  4.0575  0.2063  6.7756  4.7998  4.1216  3.9518  3.8962
 159  0.946528  3.7218  4.0427  0.2118  6.8071  4.8015  4.1120  3.9378  3.8788
 160  0.947790  3.7187  4.0259  0.2169  6.8530  4.8095  4.1052  3.9254  3.8621
 161  0.949012  3.7150  4.0072  0.2212  6.9142  4.8241  4.1020  3.9153  3.8468
 162  0.950013  3.7111  3.9902  0.2232  6.9846  4.8459  4.1050  3.9111  3.8372
 163  0.951007  3.7067  3.9697  0.2267  7.0630  4.8683  4.1063  3.9039  3.8236
 164  0.951998  3.7019  3.9455  0.2319  7.1475  4.8919  4.1058  3.8938  3.8063
 165  0.952967  3.6968  3.9175  0.2403  7.2257  4.9096  4.0982  3.8763  3.7812
 166  0.953881  3.6923  3.8866  0.2535  7.2837  4.9133  4.0785  3.8471  3.7450
 167  0.954711  3.6887  3.8549  0.2710  7.3126  4.9000  4.0461  3.8068  3.6991
 168  0.955460  3.6860  3.8240  0.2914  7.3165  4.8722  4.0041  3.7589  3.6468
 169  0.956147  3.6840  3.7941  0.3135  7.3029  4.8343  3.9558  3.7061  3.5905
 170  0.956787  3.6825  3.7652  0.3367  7.2767  4.7894  3.9032  3.6501  3.5320
 171  0.957395  3.6813  3.7370  0.3606  7.2409  4.7396  3.8478  3.5921  3.4721
 172  0.957981  3.6804  3.7095  0.3848  7.1987  4.6864  3.7907  3.5328  3.4113
 173  0.958551  3.6797  3.6824  0.4092  7.1520  4.6309  3.7321  3.4727  3.3499
 174  0.959109  3.6791  3.6557  0.4340  7.1020  4.5737  3.6727  3.4120  3.2881
 175  0.959660  3.6786  3.6293  0.4587  7.0495  4.5154  3.6127  3.3510  3.2263
 176  0.960205  3.6782  3.6031  0.4835  6.9957  4.4563  3.5524  3.2897  3.1642
 177  0.960745  3.6779  3.5769  0.5084  6.9407  4.3968  3.4918  3.2282  3.1020
 178  0.961279  3.6775  3.5509  0.5333  6.8849  4.3368  3.4308  3.1666  3.0397
 179  0.961801  3.6772  3.5247  0.5583  6.8289  4.2764  3.3696  3.1045  2.9770
 180  0.962315  3.6768  3.4986  0.5834  6.7725  4.2157  3.3080  3.0424  2.9141
 181  0.962822  3.6765  3.4721  0.6087  6.7169  4.1552  3.2464  2.9799  2.8511
 182  0.963086  3.6763  3.4581  0.6220  6.6881  4.1237  3.2142  2.9471  2.8178
 183  0.963348  3.6761  3.4437  0.6355  6.6590  4.0915  3.1812  2.9137  2.7840
 184  0.963611  3.6758  3.4291  0.6494  6.6290  4.0585  3.1474  2.8793  2.7491
 185  0.963873  3.6756  3.4142  0.6635  6.5988  4.0250  3.1131  2.8445  2.7140
 186  0.964133  3.6753  3.3983  0.6784  6.5671  3.9898  3.0769  2.8076  2.6766
 187  0.964387  3.6750  3.3809  0.6947  6.5327  3.9513  3.0372  2.7673  2.6356
 188  0.964640  3.6747  3.3629  0.7116  6.4975  3.9117  2.9964  2.7257  2.5935
 189  0.964887  3.6743  3.3429  0.7301  6.4597  3.8685  2.9516  2.6801  2.5471
 190  0.965130  3.6739  3.3222  0.7494  6.4205  3.8237  2.9052  2.6327  2.4990
 191  0.965369  3.6735  3.3006  0.7693  6.3798  3.7771  2.8568  2.5834  2.4488
 192  0.965603  3.6729  3.2775  0.7906  6.3381  3.7283  2.8058  2.5312  2.3957
 193  0.965831  3.6724  3.2533  0.8126  6.2953  3.6776  2.7528  2.4769  2.3404
 194  0.966056  3.6718  3.2281  0.8356  6.2517  3.6255  2.6980  2.4206  2.2831
 195  0.966275  3.6712  3.2021  0.8591  6.2076  3.5721  2.6416  2.3628  2.2240
 196  0.966488  3.6705  3.1748  0.8837  6.1628  3.5170  2.5832  2.3026  2.1627
 197  0.966697  3.6697  3.1468  0.9088  6.1178  3.4608  2.5235  2.2411  2.0997
 198  0.966899  3.6689  3.1176  0.9347  6.0723  3.4032  2.4620  2.1776  2.0347
 199  0.967096  3.6680  3.0875  0.9614  6.0267  3.3445  2.3990  2.1124  1.9680
 200  0.967287  3.6671  3.0565  0.9887  5.9807  3.2846  2.3344  2.0455  1.8994
 201  0.967472  3.6661  3.0246  1.0168  5.9344  3.2234  2.2683  1.9770  1.8292
 202  0.967649  3.6651  2.9917  1.0455  5.8886  3.1614  2.2010  1.9071  1.7572
 203  0.967821  3.6639  2.9580  1.0749  5.8438  3.0991  2.1328  1.8360  1.6841
 204  0.967987  3.6627  2.9234  1.1047  5.7993  3.0359  2.0636  1.7635  1.6094
 205  0.968146  3.6615  2.8880  1.1351  5.7552  2.9722  1.9933  1.6900  1.5335
 206  0.968300  3.6602  2.8519  1.1660  5.7116  2.9079  1.9222  1.6154  1.4565
 207  0.968446  3.6587  2.8150  1.1974  5.6685  2.8430  1.8502  1.5397  1.3781
 208  0.968587  3.6573  2.7777  1.2291  5.6258  2.7777  1.7777  1.4634  1.2991
 209  0.968718  3.6557  2.7381  1.2624  5.5839  2.7109  1.7027  1.3836  1.2162
 210  0.968849  3.6538  2.6930  1.2998  5.5397  2.6377  1.6199  1.2946  1.1229
 211  0.969008  3.6522  2.6506  1.3360  5.4906  2.5637  1.5382  1.2078  1.0327
 212  0.969186  3.6521  2.6431  1.3430  5.4773  2.5473  1.5207  1.1905  1.0153
 213  0.969308  3.6529  2.6569  1.3324  5.4829  2.5634  1.5405  1.2141  1.0414
 214  0.969444  3.6524  2.6384  1.3490  5.4548  2.5257  1.5000  1.1730  0.9997
 215  0.969608  3.6512  2.6105  1.3724  5.4279  2.4802  1.4483  1.1176  0.9418
 216  0.969721  3.6514  2.6092  1.3742  5.4223  2.4753  1.4441  1.1132  0.9373
 217  0.969741  3.6514  2.6095  1.3741  5.4217  2.4754  1.4445  1.1136  0.9378
 218  0.969761  3.6515  2.6097  1.3741  5.4213  2.4753  1.4445  1.1136  0.9378
 219  0.969784  3.6514  2.6091  1.3747  5.4200  2.4739  1.4432  1.1122  0.9363
 220  0.969809  3.6513  2.6049  1.3782  5.4155  2.4668  1.4353  1.1037  0.9274
 221  0.969831  3.6509  2.5975  1.3844  5.4085  2.4547  1.4216  1.0890  0.9121
 222  0.969851  3.6506  2.5894  1.3911  5.4011  2.4417  1.4067  1.0731  0.8955
 223  0.969872  3.6503  2.5813  1.3978  5.3936  2.4285  1.3917  1.0571  0.8788
 224  0.969892  3.6499  2.5732  1.4045  5.3863  2.4157  1.3769  1.0412  0.8622
 225  0.969913  3.6495  2.5652  1.4112  5.3790  2.4026  1.3622  1.0253  0.8456
 226  0.969933  3.6492  2.5570  1.4178  5.3718  2.3898  1.3473  1.0095  0.8290
 227  0.970123  3.6456  2.4767  1.4840  5.3037  2.2638  1.2024  0.8531  0.6649
 228  0.970288  3.6419  2.3981  1.5480  5.2428  2.1452  1.0646  0.7029  0.5063
 229  0.970430  3.6383  2.3218  1.6097  5.1874  2.0332  0.9335  0.5587  0.3535
 230  0.970555  3.6346  2.2452  1.6712  5.1353  1.9239  0.8050  0.4160  0.2013
 231  0.970663  3.6309  2.1720  1.7299  5.0882  1.8221  0.6850  0.2811  0.0567
 232  0.970758  3.6272  2.1000  1.7873  5.0437  1.7242  0.5693  0.1498 -0.0847
 233  0.970841  3.6235  2.0296  1.8430  5.0028  1.6318  0.4601  0.0236 -0.2218
 234  0.970914  3.6198  1.9597  1.8980  4.9646  1.5438  0.3560 -0.0994 -0.3570
 235  0.970979  3.6160  1.8911  1.9515  4.9293  1.4615  0.2582 -0.2179 -0.4883
 236  0.971036  3.6122  1.8233  2.0042  4.8952  1.3833  0.1658 -0.3331 -0.6176
 237  0.971086  3.6085  1.7578  2.0547  4.8630  1.3107  0.0809 -0.4427 -0.7418
 238  0.971132  3.6048  1.6925  2.1051  4.8314  1.2415  0.0009 -0.5501 -0.8652
 239  0.971173  3.6010  1.6283  2.1543  4.7997  1.1768 -0.0730 -0.6539 -0.9858
 240  0.971209  3.5973  1.5657  2.2022  4.7669  1.1165 -0.1406 -0.7534 -1.1028
 241  0.971242  3.5936  1.5043  2.2489  4.7350  1.0621 -0.2001 -0.8486 -1.2168
 242  0.971270  3.5900  1.4441  2.2945  4.7053  1.0134 -0.2506 -0.9394 -1.3281
 243  0.971297  3.5863  1.3843  2.3397  4.6769  0.9696 -0.2923 -1.0271 -1.4380
 244  0.971320  3.5827  1.3259  2.3836  4.6484  0.9312 -0.3258 -1.1105 -1.5446
 245  0.971342  3.5791  1.2690  2.4262  4.6185  0.8982 -0.3507 -1.1896 -1.6475
 246  0.971361  3.5756  1.2131  2.4679  4.5894  0.8717 -0.3658 -1.2647 -1.7479
 247  0.971379  3.5721  1.1580  2.5089  4.5619  0.8521 -0.3728 -1.3355 -1.8454
 248  0.971395  3.5686  1.1045  2.5487  4.5378  0.8382 -0.3755 -1.4015 -1.9389
 249  0.971411  3.5651  1.0516  2.5877  4.5185  0.8320 -0.3752 -1.4632 -2.0290
 250  0.971424  3.5617  1.0000  2.6257  4.5013  0.8367 -0.3629 -1.5187 -2.1144
 251  0.971436  3.5583  0.9491  2.6630  4.4837  0.8530 -0.3328 -1.5681 -2.1961
 252  0.971448  3.5549  0.8994  2.6990  4.4631  0.8873 -0.2679 -1.6093 -2.2734
 253  0.971459  3.5516  0.8507  2.7344  4.4340  0.9356 -0.1720 -1.6424 -2.3463
 254  0.971468  3.5483  0.8029  2.7689  4.4031  0.9963 -0.0586 -1.6670 -2.4135
 255  0.971477  3.5450  0.7561  2.8026  4.3722  1.0697  0.0653 -1.6822 -2.4745
 256  0.971485  3.5417  0.7102  2.8355  4.3439  1.1616  0.1943 -1.6826 -2.5255
 257  0.971493  3.5386  0.6655  2.8675  4.3178  1.2687  0.3250 -1.6702 -2.5673
 258  0.971500  3.5354  0.6215  2.8988  4.2924  1.3845  0.4563 -1.6501 -2.6030
 259  0.971507  3.5323  0.5785  2.9293  4.2664  1.5085  0.5937 -1.6228 -2.6333
 260  0.971513  3.5291  0.5361  2.9593  4.2443  1.6195  0.7039 -1.5973 -2.6608
 261  0.971519  3.5261  0.4950  2.9883  4.2281  1.7145  0.7833 -1.5759 -2.6867
 262  0.971524  3.5231  0.4543  3.0168  4.2157  1.8079  0.8539 -1.5520 -2.7091
 263  0.971530  3.5201  0.4146  3.0446  4.2082  1.9097  0.9281 -1.5205 -2.7254
 264  0.971534  3.5172  0.3757  3.0716  4.2037  2.0093  0.9927 -1.4862 -2.7373
 265  0.971538  3.5142  0.3375  3.0981  4.1990  2.1045  1.0527 -1.4510 -2.7460
 266  0.971544  3.5112  0.2996  3.1239  4.1968  2.1917  1.0971 -1.4171 -2.7528
 267  0.971547  3.5084  0.2629  3.1492  4.1944  2.2659  1.1242 -1.3892 -2.7609
 268  0.971551  3.5056  0.2271  3.1738  4.1961  2.3237  1.1236 -1.3691 -2.7706
 269  0.971555  3.5026  0.1913  3.1979  4.2020  2.3813  1.1185 -1.3495 -2.7798
 270  0.971558  3.4998  0.1566  3.2214  4.2081  2.4309  1.1078 -1.3348 -2.7911
 271  0.971561  3.4971  0.1227  3.2444  4.2155  2.4753  1.0932 -1.3225 -2.8029
 272  0.971564  3.4944  0.0894  3.2669  4.2235  2.5151  1.0757 -1.3127 -2.8155
 273  0.971567  3.4916  0.0567  3.2887  4.1907  2.5332  1.0503 -1.3114 -2.8323
 274  0.971570  3.4890  0.0246  3.3101  4.2220  2.5732  1.0362 -1.3006 -2.8423
 275  0.971572  3.4863 -0.0070  3.3311  4.2826  2.6208  1.0252 -1.2872 -2.8498
 276  0.971575  3.4837 -0.0379  3.3513  4.3441  2.6628  1.0115 -1.2778 -2.8584
 277  0.971577  3.4811 -0.0678  3.3710  4.3854  2.6912  0.9888 -1.2754 -2.8699
 278  0.971579  3.4786 -0.0966  3.3897  4.2927  2.6600  0.9281 -1.3006 -2.8960
 279  0.971590  3.4766 -0.1202  3.4054  4.2478  2.6406  0.8812 -1.3193 -2.9158
