#NUMBER OF AGES= 1
#----------------------------------------------------       
#MIX-LEN  Y      Z          Zeff        [Fe/H] [a/Fe]
# 1.9380  0.2846 2.4865E-02 2.4865E-02   0.20   0.00 
#----------------------------------------------------       
#**PHOTOMETRIC SYSTEM**: SDSS (AB)                          
#----------------------------------------------------       
#AGE=15.000 EEPS=266
#EEP   M/Mo    LogTeff  LogG   LogL/Lo sdss_u  sdss_g  sdss_r  sdss_i  sdss_z
  14  0.119197  3.5005  5.2150 -2.7450 17.7917 14.7448 13.2529 11.9435 11.1854
  15  0.140088  3.5008  5.1486 -2.6079 17.3975 14.3927 12.9093 11.6024 10.8443
  16  0.160335  3.5021  5.0996 -2.4949 17.0475 14.0827 12.6095 11.3140 10.5612
  17  0.177933  3.5045  5.0680 -2.4082 16.7501 13.8217 12.3605 11.0840 10.3415
  18  0.193134  3.5070  5.0449 -2.3397 16.5069 13.6080 12.1579 10.8995 10.1670
  19  0.207146  3.5090  5.0245 -2.2808 16.3024 13.4270 11.9864 10.7420 10.0175
  20  0.221007  3.5108  5.0058 -2.2264 16.1148 13.2602 11.8283 10.5967  9.8796
  21  0.235396  3.5128  4.9884 -2.1737 15.9328 13.0972 11.6742 10.4554  9.7456
  22  0.251194  3.5150  4.9712 -2.1197 15.7479 12.9303 11.5167 10.3106  9.6088
  23  0.273629  3.5179  4.9495 -2.0491 15.5065 12.7112 11.3103 10.1211  9.4301
  24  0.293776  3.5204  4.9327 -1.9915 15.3101 12.5315 11.1412  9.9662  9.2844
  25  0.304570  3.5217  4.9248 -1.9630 15.2136 12.4425 11.0574  9.8895  9.2124
  26  0.311527  3.5225  4.9210 -1.9460 15.1553 12.3885 11.0068  9.8435  9.1694
  27  0.316360  3.5231  4.9171 -1.9332 15.1128 12.3493 10.9698  9.8095  9.1373
  28  0.319673  3.5236  4.9167 -1.9266 15.0888 12.3269 10.9488  9.7909  9.1204
  29  0.322296  3.5238  4.9144 -1.9196 15.0652 12.3050 10.9283  9.7720  9.1026
  30  0.324476  3.5241  4.9130 -1.9139 15.0458 12.2871 10.9115  9.7569  9.0886
  31  0.326877  3.5244  4.9109 -1.9075 15.0239 12.2669 10.8925  9.7395  9.0723
  32  0.329862  3.5248  4.9089 -1.9000 14.9980 12.2430 10.8701  9.7191  9.0533
  33  0.333553  3.5252  4.9062 -1.8908 14.9667 12.2141 10.8430  9.6943  9.0299
  34  0.338962  3.5259  4.9028 -1.8779 14.9239 12.1742 10.8055  9.6599  8.9976
  35  0.346707  3.5267  4.8976 -1.8595 14.8629 12.1176 10.7523  9.6107  8.9514
  36  0.364108  3.5290  4.8836 -1.8154 14.7138 11.9794 10.6238  9.4919  8.8402
  37  0.406419  3.5361  4.8456 -1.7009 14.3188 11.6079 10.2757  9.1808  8.5540
  38  0.443163  3.5431  4.8128 -1.6024 13.9826 11.2846  9.9748  8.9105  8.3080
  39  0.466256  3.5485  4.7913 -1.5377 13.7633 11.0677  9.7710  8.7306  8.1472
  40  0.484568  3.5531  4.7738 -1.4844 13.5837 10.8859  9.5991  8.5809  8.0153
  41  0.499941  3.5576  4.7590 -1.4386 13.4299 10.7263  9.4471  8.4513  7.9022
  42  0.513521  3.5617  4.7457 -1.3972 13.2922 10.5802  9.3066  8.3340  7.8009
  43  0.525421  3.5655  4.7341 -1.3602 13.1693 10.4466  9.1769  8.2288  7.7110
  44  0.536415  3.5693  4.7234 -1.3256 13.0541 10.3189  9.0515  8.1294  7.6270
  45  0.547498  3.5732  4.7126 -1.2903 12.9373 10.1874  8.9215  8.0274  7.5416
  46  0.559303  3.5775  4.7012 -1.2524 12.8121 10.0445  8.7795  7.9172  7.4502
  47  0.571867  3.5821  4.6890 -1.2119 12.6761  9.8882  8.6226  7.7978  7.3527
  48  0.584749  3.5872  4.6768 -1.1697 12.5317  9.7210  8.4533  7.6720  7.2517
  49  0.597523  3.5925  4.6650 -1.1273 12.3869  9.5503  8.2817  7.5449  7.1501
  50  0.609733  3.5978  4.6539 -1.0863 12.2479  9.3844  8.1172  7.4223  7.0517
  51  0.621162  3.6031  4.6441 -1.0473 12.1128  9.2242  7.9602  7.3054  6.9587
  52  0.627499  3.6062  4.6388 -1.0253 12.0342  9.1319  7.8701  7.2391  6.9064
  53  0.633763  3.6093  4.6338 -1.0033 11.9544  9.0396  7.7798  7.1729  6.8548
  54  0.640009  3.6124  4.6288 -0.9817 11.8744  8.9473  7.6896  7.1072  6.8037
  55  0.646192  3.6155  4.6239 -0.9603 11.7948  8.8567  7.6021  7.0430  6.7536
  56  0.652198  3.6185  4.6193 -0.9395 11.7158  8.7685  7.5178  6.9808  6.7049
  57  0.658052  3.6215  4.6148 -0.9193 11.6374  8.6829  7.4377  6.9207  6.6572
  58  0.663784  3.6244  4.6103 -0.8994 11.5578  8.5985  7.3604  6.8622  6.6103
  59  0.669426  3.6274  4.6062 -0.8798 11.4755  8.5141  7.2843  6.8042  6.5638
  60  0.675023  3.6303  4.6020 -0.8603 11.3893  8.4297  7.2093  6.7468  6.5170
  61  0.680646  3.6333  4.5980 -0.8405 11.2963  8.3428  7.1331  6.6883  6.4695
  62  0.686345  3.6364  4.5939 -0.8205 11.1987  8.2544  7.0566  6.6292  6.4210
  63  0.692202  3.6396  4.5899 -0.7999 11.0943  8.1625  6.9780  6.5682  6.3705
  64  0.698265  3.6429  4.5855 -0.7785 10.9835  8.0677  6.8977  6.5050  6.3178
  65  0.704473  3.6464  4.5811 -0.7564 10.8657  7.9696  6.8159  6.4402  6.2630
  66  0.710736  3.6498  4.5766 -0.7341 10.7439  7.8712  6.7351  6.3752  6.2074
  67  0.716960  3.6533  4.5720 -0.7118 10.6189  7.7732  6.6560  6.3109  6.1517
  68  0.723049  3.6567  4.5675 -0.6902 10.4954  7.6790  6.5810  6.2490  6.0972
  69  0.728909  3.6600  4.5632 -0.6693 10.3735  7.5881  6.5099  6.1897  6.0446
  70  0.734449  3.6630  4.5587 -0.6496 10.2593  7.5041  6.4449  6.1347  5.9951
  71  0.739631  3.6659  4.5546 -0.6311 10.1499  7.4249  6.3842  6.0832  5.9484
  72  0.744530  3.6685  4.5505 -0.6135 10.0484  7.3520  6.3285  6.0354  5.9046
  73  0.749186  3.6710  4.5466 -0.5968  9.9495  7.2816  6.2752  5.9894  5.8623
  74  0.753630  3.6733  4.5426 -0.5807  9.8570  7.2160  6.2254  5.9460  5.8223
  75  0.757900  3.6756  4.5388 -0.5652  9.7663  7.1524  6.1772  5.9040  5.7834
  76  0.762026  3.6778  4.5347 -0.5501  9.6801  7.0921  6.1314  5.8637  5.7459
  77  0.766037  3.6799  4.5309 -0.5354  9.5951  7.0331  6.0866  5.8243  5.7093
  78  0.769964  3.6820  4.5268 -0.5209  9.5128  6.9761  6.0430  5.7859  5.6736
  79  0.773829  3.6840  4.5227 -0.5065  9.4324  6.9202  6.0003  5.7480  5.6384
  80  0.777646  3.6860  4.5186 -0.4923  9.3531  6.8652  5.9581  5.7105  5.6036
  81  0.781438  3.6880  4.5143 -0.4782  9.2768  6.8113  5.9163  5.6733  5.5690
  82  0.785542  3.6901  4.5097 -0.4628  9.1947  6.7528  5.8713  5.6329  5.5316
  83  0.789652  3.6922  4.5047 -0.4473  9.1136  6.6951  5.8263  5.5926  5.4941
  84  0.793738  3.6942  4.4997 -0.4320  9.0330  6.6382  5.7818  5.5526  5.4569
  85  0.797783  3.6962  4.4946 -0.4167  8.9526  6.5821  5.7378  5.5130  5.4201
  86  0.801783  3.6981  4.4893 -0.4015  8.8735  6.5270  5.6945  5.4739  5.3837
  87  0.805733  3.7000  4.4840 -0.3866  8.7966  6.4733  5.6520  5.4354  5.3479
  88  0.809629  3.7018  4.4787 -0.3718  8.7211  6.4209  5.6102  5.3975  5.3125
  89  0.813464  3.7036  4.4732 -0.3572  8.6480  6.3697  5.5694  5.3603  5.2777
  90  0.817240  3.7053  4.4676 -0.3428  8.5768  6.3198  5.5294  5.3237  5.2434
  91  0.820958  3.7069  4.4621 -0.3287  8.5071  6.2711  5.4901  5.2878  5.2098
  92  0.824613  3.7085  4.4565 -0.3148  8.4392  6.2238  5.4516  5.2525  5.1767
  93  0.828199  3.7100  4.4507 -0.3011  8.3729  6.1775  5.4139  5.2179  5.1441
  94  0.831713  3.7115  4.4450 -0.2877  8.3087  6.1325  5.3770  5.1840  5.1123
  95  0.835151  3.7129  4.4392 -0.2745  8.2463  6.0887  5.3409  5.1506  5.0809
  96  0.838504  3.7143  4.4334 -0.2615  8.1857  6.0462  5.3057  5.1180  5.0502
  97  0.841773  3.7156  4.4276 -0.2488  8.1270  6.0048  5.2713  5.0861  5.0200
  98  0.844971  3.7168  4.4217 -0.2363  8.0700  5.9644  5.2376  5.0547  4.9903
  99  0.848101  3.7180  4.4158 -0.2240  8.0145  5.9250  5.2045  5.0240  4.9612
 100  0.851165  3.7191  4.4098 -0.2119  7.9604  5.8867  5.1722  4.9937  4.9324
 101  0.854168  3.7202  4.4038 -0.1999  7.9079  5.8492  5.1404  4.9639  4.9041
 102  0.857109  3.7212  4.3977 -0.1882  7.8570  5.8127  5.1094  4.9347  4.8762
 103  0.859993  3.7223  4.3916 -0.1767  7.8076  5.7771  5.0789  4.9059  4.8488
 104  0.862822  3.7233  4.3855 -0.1654  7.7598  5.7422  5.0490  4.8776  4.8218
 105  0.865604  3.7241  4.3793 -0.1542  7.7134  5.7083  5.0196  4.8499  4.7951
 106  0.868346  3.7250  4.3730 -0.1432  7.6686  5.6751  4.9907  4.8225  4.7689
 107  0.871052  3.7258  4.3667 -0.1323  7.6251  5.6426  4.9623  4.7955  4.7429
 108  0.873716  3.7265  4.3603 -0.1216  7.5833  5.6108  4.9345  4.7689  4.7173
 109  0.876307  3.7273  4.3539 -0.1110  7.5426  5.5798  4.9071  4.7428  4.6921
 110  0.878778  3.7280  4.3475 -0.1007  7.5027  5.5493  4.8801  4.7170  4.6673
 111  0.881149  3.7286  4.3412 -0.0904  7.4636  5.5194  4.8537  4.6918  4.6429
 112  0.882390  3.7289  4.3378 -0.0850  7.4433  5.5036  4.8398  4.6784  4.6300
 113  0.883629  3.7293  4.3344 -0.0796  7.4230  5.4878  4.8257  4.6649  4.6169
 114  0.884864  3.7296  4.3307 -0.0741  7.4027  5.4720  4.8115  4.6513  4.6037
 115  0.886098  3.7299  4.3271 -0.0686  7.3825  5.4561  4.7972  4.6375  4.5904
 116  0.887330  3.7302  4.3233 -0.0629  7.3625  5.4401  4.7829  4.6236  4.5769
 117  0.888560  3.7305  4.3195 -0.0573  7.3425  5.4241  4.7684  4.6096  4.5633
 118  0.889787  3.7308  4.3155 -0.0516  7.3223  5.4081  4.7538  4.5956  4.5496
 119  0.891012  3.7311  4.3115 -0.0459  7.3024  5.3919  4.7391  4.5815  4.5358
 120  0.892237  3.7314  4.3075 -0.0402  7.2827  5.3759  4.7245  4.5672  4.5219
 121  0.893463  3.7316  4.3033 -0.0344  7.2629  5.3597  4.7097  4.5528  4.5079
 122  0.894663  3.7319  4.2991 -0.0285  7.2428  5.3433  4.6947  4.5383  4.4937
 123  0.895858  3.7322  4.2949 -0.0225  7.2223  5.3267  4.6795  4.5236  4.4794
 124  0.897057  3.7325  4.2907 -0.0167  7.2018  5.3101  4.6643  4.5089  4.4650
 125  0.898260  3.7328  4.2863 -0.0107  7.1818  5.2936  4.6492  4.4942  4.4506
 126  0.899467  3.7330  4.2819 -0.0047  7.1619  5.2771  4.6340  4.4794  4.4361
 127  0.900674  3.7332  4.2774  0.0012  7.1424  5.2608  4.6189  4.4646  4.4216
 128  0.901876  3.7334  4.2729  0.0072  7.1225  5.2443  4.6036  4.4497  4.4070
 129  0.903085  3.7336  4.2682  0.0133  7.1035  5.2281  4.5883  4.4348  4.3923
 130  0.904292  3.7338  4.2634  0.0193  7.0849  5.2119  4.5731  4.4198  4.3775
 131  0.905497  3.7339  4.2585  0.0253  7.0666  5.1958  4.5578  4.4048  4.3627
 132  0.906696  3.7340  4.2536  0.0314  7.0481  5.1796  4.5425  4.3897  4.3477
 133  0.907895  3.7342  4.2486  0.0376  7.0303  5.1636  4.5272  4.3745  4.3327
 134  0.909092  3.7342  4.2434  0.0437  7.0130  5.1476  4.5118  4.3593  4.3176
 135  0.910279  3.7344  4.2381  0.0498  6.9953  5.1316  4.4963  4.3441  4.3024
 136  0.911468  3.7344  4.2328  0.0559  6.9784  5.1158  4.4810  4.3287  4.2871
 137  0.912653  3.7344  4.2272  0.0622  6.9622  5.1002  4.4656  4.3133  4.2718
 138  0.913831  3.7345  4.2216  0.0683  6.9459  5.0845  4.4501  4.2978  4.2563
 139  0.915002  3.7344  4.2159  0.0746  6.9296  5.0687  4.4346  4.2824  4.2408
 140  0.916170  3.7344  4.2101  0.0808  6.9143  5.0533  4.4190  4.2668  4.2252
 141  0.917334  3.7343  4.2040  0.0871  6.8996  5.0380  4.4037  4.2512  4.2095
 142  0.918491  3.7343  4.1980  0.0934  6.8850  5.0227  4.3881  4.2355  4.1936
 143  0.919643  3.7341  4.1916  0.0996  6.8714  5.0078  4.3726  4.2198  4.1776
 144  0.920791  3.7339  4.1851  0.1060  6.8584  4.9930  4.3572  4.2040  4.1616
 145  0.921932  3.7337  4.1785  0.1123  6.8460  4.9784  4.3417  4.1882  4.1455
 146  0.923071  3.7334  4.1715  0.1187  6.8347  4.9642  4.3264  4.1723  4.1293
 147  0.924200  3.7331  4.1646  0.1249  6.8235  4.9499  4.3110  4.1564  4.1130
 148  0.925334  3.7326  4.1571  0.1313  6.8148  4.9366  4.2957  4.1405  4.0964
 149  0.926459  3.7322  4.1496  0.1376  6.8062  4.9231  4.2805  4.1245  4.0799
 150  0.927584  3.7317  4.1417  0.1440  6.7991  4.9103  4.2654  4.1085  4.0633
 151  0.928707  3.7311  4.1334  0.1503  6.7945  4.8982  4.2506  4.0926  4.0463
 152  0.929835  3.7304  4.1247  0.1567  6.7909  4.8865  4.2358  4.0766  4.0295
 153  0.930960  3.7296  4.1156  0.1630  6.7896  4.8757  4.2213  4.0607  4.0124
 154  0.932094  3.7286  4.1061  0.1692  6.7902  4.8656  4.2070  4.0448  3.9952
 155  0.933235  3.7275  4.0959  0.1755  6.7944  4.8567  4.1932  4.0290  3.9780
 156  0.934387  3.7262  4.0850  0.1817  6.8030  4.8494  4.1799  4.0135  3.9605
 157  0.935553  3.7246  4.0729  0.1876  6.8177  4.8445  4.1675  3.9982  3.9431
 158  0.936740  3.7226  4.0597  0.1936  6.8395  4.8424  4.1563  3.9835  3.9256
 159  0.937945  3.7201  4.0448  0.1991  6.8712  4.8444  4.1467  3.9695  3.9083
 160  0.939150  3.7170  4.0281  0.2042  6.9164  4.8521  4.1398  3.9571  3.8916
 161  0.940318  3.7135  4.0096  0.2087  6.9755  4.8659  4.1361  3.9466  3.8760
 162  0.941296  3.7096  3.9924  0.2111  7.0451  4.8867  4.1385  3.9417  3.8656
 163  0.942269  3.7053  3.9716  0.2152  7.1209  4.9077  4.1384  3.9333  3.8511
 164  0.943235  3.7005  3.9471  0.2211  7.2014  4.9292  4.1361  3.9216  3.8322
 165  0.944179  3.6957  3.9189  0.2303  7.2748  4.9442  4.1266  3.9023  3.8054
 166  0.945068  3.6913  3.8880  0.2440  7.3278  4.9456  4.1051  3.8716  3.7680
 167  0.945878  3.6878  3.8564  0.2620  7.3535  4.9303  4.0714  3.8302  3.7210
 168  0.946611  3.6852  3.8254  0.2828  7.3551  4.9010  4.0283  3.7812  3.6678
 169  0.947285  3.6832  3.7954  0.3053  7.3399  4.8618  3.9789  3.7274  3.6108
 170  0.947914  3.6817  3.7662  0.3289  7.3118  4.8156  3.9253  3.6705  3.5514
 171  0.948513  3.6806  3.7378  0.3531  7.2745  4.7645  3.8688  3.6116  3.4905
 172  0.949091  3.6798  3.7100  0.3776  7.2307  4.7101  3.8106  3.5513  3.4288
 173  0.949653  3.6791  3.6826  0.4026  7.1825  4.6535  3.7510  3.4902  3.3664
 174  0.950205  3.6785  3.6556  0.4277  7.1309  4.5951  3.6906  3.4285  3.3038
 175  0.950750  3.6781  3.6289  0.4527  7.0769  4.5356  3.6297  3.3665  3.2409
 176  0.951290  3.6777  3.6023  0.4779  7.0219  4.4754  3.5683  3.3043  3.1779
 177  0.951823  3.6773  3.5759  0.5032  6.9659  4.4148  3.5066  3.2418  3.1146
 178  0.952350  3.6770  3.5495  0.5285  6.9089  4.3537  3.4446  3.1791  3.0514
 179  0.952867  3.6767  3.5230  0.5540  6.8515  4.2921  3.3823  3.1160  2.9877
 180  0.953376  3.6763  3.4963  0.5796  6.7942  4.2304  3.3197  3.0527  2.9238
 181  0.953877  3.6760  3.4696  0.6051  6.7371  4.1688  3.2571  2.9894  2.8597
 182  0.954133  3.6757  3.4556  0.6184  6.7083  4.1372  3.2249  2.9566  2.8266
 183  0.954388  3.6756  3.4413  0.6320  6.6791  4.1050  3.1918  2.9231  2.7926
 184  0.954641  3.6753  3.4266  0.6459  6.6490  4.0719  3.1580  2.8887  2.7578
 185  0.954895  3.6751  3.4116  0.6600  6.6185  4.0383  3.1236  2.8539  2.7225
 186  0.955145  3.6748  3.3955  0.6751  6.5865  4.0027  3.0870  2.8166  2.6847
 187  0.955392  3.6745  3.3781  0.6915  6.5517  3.9639  3.0471  2.7760  2.6435
 188  0.955636  3.6742  3.3600  0.7085  6.5165  3.9242  3.0061  2.7343  2.6013
 189  0.955874  3.6739  3.3399  0.7271  6.4783  3.8807  2.9611  2.6884  2.5546
 190  0.956109  3.6734  3.3191  0.7463  6.4391  3.8358  2.9145  2.6408  2.5063
 191  0.956340  3.6730  3.2974  0.7665  6.3984  3.7889  2.8659  2.5912  2.4559
 192  0.956566  3.6725  3.2742  0.7877  6.3565  3.7400  2.8147  2.5389  2.4027
 193  0.956787  3.6720  3.2501  0.8098  6.3134  3.6892  2.7616  2.4845  2.3473
 194  0.957003  3.6713  3.2248  0.8328  6.2698  3.6370  2.7067  2.4282  2.2898
 195  0.957215  3.6707  3.1988  0.8564  6.2256  3.5835  2.6503  2.3703  2.2307
 196  0.957420  3.6700  3.1715  0.8810  6.1807  3.5282  2.5918  2.3100  2.1692
 197  0.957623  3.6692  3.1434  0.9061  6.1357  3.4721  2.5321  2.2485  2.1063
 198  0.957818  3.6685  3.1142  0.9321  6.0900  3.4144  2.4704  2.1849  2.0412
 199  0.958008  3.6676  3.0842  0.9588  6.0443  3.3555  2.4073  2.1196  1.9744
 200  0.958192  3.6666  3.0532  0.9861  5.9981  3.2956  2.3428  2.0528  1.9059
 201  0.958370  3.6657  3.0213  1.0143  5.9517  3.2343  2.2766  1.9842  1.8356
 202  0.958542  3.6646  2.9883  1.0431  5.9058  3.1723  2.2093  1.9142  1.7636
 203  0.958708  3.6635  2.9546  1.0723  5.8610  3.1099  2.1411  1.8431  1.6904
 204  0.958868  3.6623  2.9200  1.1022  5.8163  3.0467  2.0718  1.7707  1.6158
 205  0.959023  3.6611  2.8847  1.1325  5.7721  2.9830  2.0016  1.6972  1.5399
 206  0.959171  3.6597  2.8486  1.1634  5.7283  2.9185  1.9306  1.6226  1.4629
 207  0.959313  3.6583  2.8118  1.1948  5.6853  2.8537  1.8587  1.5470  1.3847
 208  0.959448  3.6569  2.7745  1.2265  5.6425  2.7885  1.7861  1.4707  1.3056
 209  0.959573  3.6553  2.7338  1.2607  5.5992  2.7199  1.7092  1.3888  1.2203
 210  0.959705  3.6532  2.6855  1.3008  5.5525  2.6420  1.6210  1.2937  1.1206
 211  0.959875  3.6520  2.6519  1.3296  5.5120  2.5823  1.5555  1.2245  1.0489
 212  0.960025  3.6524  2.6558  1.3274  5.5073  2.5823  1.5571  1.2283  1.0540
 213  0.960153  3.6527  2.6581  1.3263  5.5033  2.5809  1.5566  1.2297  1.0566
 214  0.960286  3.6518  2.6318  1.3490  5.4714  2.5331  1.5038  1.1747  1.0000
 215  0.960448  3.6510  2.6101  1.3678  5.4455  2.4944  1.4611  1.1297  0.9533
 216  0.960555  3.6511  2.6099  1.3685  5.4423  2.4923  1.4598  1.1281  0.9518
 217  0.960574  3.6511  2.6091  1.3694  5.4402  2.4903  1.4578  1.1260  0.9496
 218  0.960594  3.6511  2.6079  1.3705  5.4375  2.4875  1.4551  1.1233  0.9468
 219  0.960617  3.6511  2.6061  1.3722  5.4343  2.4837  1.4511  1.1191  0.9426
 220  0.960641  3.6509  2.6012  1.3764  5.4288  2.4752  1.4417  1.1091  0.9321
 221  0.960663  3.6506  2.5934  1.3829  5.4215  2.4624  1.4272  1.0936  0.9159
 222  0.960682  3.6502  2.5849  1.3899  5.4141  2.4489  1.4118  1.0770  0.8985
 223  0.960702  3.6498  2.5764  1.3969  5.4068  2.4355  1.3962  1.0602  0.8811
 224  0.960722  3.6494  2.5678  1.4039  5.3997  2.4221  1.3809  1.0437  0.8637
 225  0.960742  3.6490  2.5593  1.4109  5.3925  2.4088  1.3656  1.0273  0.8463
 226  0.960762  3.6487  2.5509  1.4179  5.3853  2.3956  1.3503  1.0109  0.8292
 227  0.960944  3.6451  2.4706  1.4838  5.3172  2.2700  1.2058  0.8549  0.6655
 228  0.961103  3.6414  2.3921  1.5477  5.2563  2.1515  1.0682  0.7047  0.5070
 229  0.961240  3.6378  2.3159  1.6095  5.2009  2.0398  0.9375  0.5608  0.3544
 230  0.961360  3.6341  2.2395  1.6710  5.1488  1.9308  0.8094  0.4184  0.2024
 231  0.961464  3.6304  2.1662  1.7296  5.1015  1.8291  0.6895  0.2835  0.0577
 232  0.961555  3.6267  2.0944  1.7868  5.0569  1.7316  0.5744  0.1527 -0.0832
 233  0.961635  3.6230  2.0237  1.8427  5.0159  1.6391  0.4652  0.0262 -0.2208
 234  0.961705  3.6193  1.9540  1.8976  4.9777  1.5516  0.3616 -0.0964 -0.3555
 235  0.961768  3.6155  1.8854  1.9511  4.9422  1.4696  0.2644 -0.2146 -0.4869
 236  0.961823  3.6117  1.8177  2.0036  4.9079  1.3917  0.1725 -0.3295 -0.6159
 237  0.961872  3.6080  1.7522  2.0543  4.8756  1.3192  0.0879 -0.4391 -0.7402
 238  0.961915  3.6043  1.6868  2.1046  4.8437  1.2502  0.0084 -0.5466 -0.8638
 239  0.961954  3.6005  1.6226  2.1538  4.8115  1.1858 -0.0651 -0.6501 -0.9843
 240  0.961989  3.5968  1.5601  2.2017  4.7786  1.1260 -0.1320 -0.7494 -1.1012
 241  0.962020  3.5932  1.4987  2.2484  4.7465  1.0721 -0.1906 -0.8442 -1.2152
 242  0.962049  3.5894  1.4383  2.2942  4.7169  1.0238 -0.2400 -0.9350 -1.3268
 243  0.962074  3.5858  1.3786  2.3391  4.6883  0.9804 -0.2809 -1.0223 -1.4365
 244  0.962097  3.5821  1.3201  2.3832  4.6594  0.9425 -0.3133 -1.1057 -1.5432
 245  0.962117  3.5786  1.2633  2.4257  4.6293  0.9100 -0.3372 -1.1844 -1.6459
 246  0.962136  3.5751  1.2074  2.4675  4.6003  0.8845 -0.3511 -1.2590 -1.7460
 247  0.962153  3.5716  1.1523  2.5085  4.5729  0.8656 -0.3572 -1.3295 -1.8434
 248  0.962169  3.5681  1.0987  2.5483  4.5491  0.8525 -0.3594 -1.3952 -1.9370
 249  0.962183  3.5646  1.0457  2.5873  4.5303  0.8477 -0.3584 -1.4565 -2.0268
 250  0.962196  3.5612  0.9941  2.6253  4.5132  0.8541 -0.3438 -1.5111 -2.1117
 251  0.962209  3.5578  0.9432  2.6625  4.4951  0.8721 -0.3100 -1.5599 -2.1932
 252  0.962219  3.5544  0.8936  2.6986  4.4729  0.9097 -0.2381 -1.5996 -2.2701
 253  0.962229  3.5510  0.8447  2.7340  4.4431  0.9603 -0.1386 -1.6317 -2.3424
 254  0.962238  3.5477  0.7969  2.7686  4.4118  1.0231 -0.0228 -1.6549 -2.4090
 255  0.962247  3.5444  0.7501  2.8022  4.3811  1.0990  0.1029 -1.6684 -2.4689
 256  0.962256  3.5412  0.7042  2.8351  4.3532  1.1949  0.2324 -1.6658 -2.5182
 257  0.962263  3.5379  0.6594  2.8671  4.3271  1.3041  0.3637 -1.6520 -2.5590
 258  0.962270  3.5348  0.6155  2.8984  4.3018  1.4209  0.4947 -1.6308 -2.5939
 259  0.962276  3.5317  0.5723  2.9290  4.2755  1.5467  0.6333 -1.6019 -2.6232
 260  0.962282  3.5286  0.5300  2.9589  4.2549  1.6529  0.7346 -1.5783 -2.6510
 261  0.962287  3.5255  0.4888  2.9879  4.2394  1.7471  0.8115 -1.5567 -2.6764
 262  0.962293  3.5225  0.4481  3.0164  4.2276  1.8416  0.8823 -1.5318 -2.6981
 263  0.962298  3.5195  0.4084  3.0442  4.2211  1.9440  0.9548 -1.4992 -2.7135
 264  0.962303  3.5166  0.3696  3.0712  4.2162  2.0430  1.0195 -1.4647 -2.7248
 265  0.962307  3.5135  0.3311  3.0977  4.2124  2.1379  1.0769 -1.4288 -2.7327
 266  0.962311  3.5106  0.2934  3.1236  4.2096  2.2221  1.1177 -1.3967 -2.7402
 267  0.962315  3.5077  0.2567  3.1489  4.2079  2.2936  1.1398 -1.3699 -2.7485
 268  0.962318  3.5049  0.2207  3.1735  4.2106  2.3498  1.1354 -1.3505 -2.7582
 269  0.962322  3.5020  0.1849  3.1976  4.2167  2.4068  1.1301 -1.3318 -2.7681
 270  0.962325  3.4992  0.1502  3.2211  4.2231  2.4550  1.1182 -1.3177 -2.7797
 271  0.962328  3.4964  0.1163  3.2440  4.2304  2.4984  1.1026 -1.3061 -2.7918
 272  0.962331  3.4937  0.0830  3.2665  4.2301  2.5338  1.0836 -1.2981 -2.8054
 273  0.962334  3.4910  0.0502  3.2884  4.1961  2.5502  1.0569 -1.2976 -2.8225
 274  0.962336  3.4883  0.0180  3.3097  4.2504  2.5989  1.0470 -1.2832 -2.8302
 275  0.962339  3.4856 -0.0136  3.3307  4.3133  2.6461  1.0356 -1.2703 -2.8378
 276  0.962341  3.4830 -0.0445  3.3509  4.3470  2.6752  1.0109 -1.2660 -2.8483
 277  0.962343  3.4803 -0.0744  3.3706  4.3898  2.7029  0.9904 -1.2658 -2.8619
 278  0.962346  3.4779 -0.1033  3.3894  4.2544  2.6528  0.9159 -1.2995 -2.8923
 279  0.962348  3.4758 -0.1275  3.4053  4.3237  2.6763  0.8972 -1.2993 -2.9015
