 sun                    5777.   4.44   0.00   0.09
    56   0.0   0.0    1.0000  0.0001
  46
      6562.797      6562.807      6562.817      6562.827      6562.837
      6562.847      6562.857      6562.877      6562.897      6562.922
      6562.947      6562.972      6562.997      6563.047      6563.097
      6563.147      6563.197      6563.297      6563.397      6563.497
      6563.597      6563.697      6563.797      6563.897      6563.997
      6564.097      6564.197      6564.297      6564.397      6564.597
      6564.797      6565.297      6565.797      6566.297      6566.797
      6567.297      6567.797      6570.297      6572.797      6575.297
      6577.797      6580.297      6582.797      6587.797      6592.797
      6597.797
  0.1953E-02  0.1947E-02  0.1928E-02  0.1898E-02  0.1856E-02
  0.1804E-02  0.1742E-02  0.1594E-02  0.1422E-02  0.1189E-02
  0.9558E-03  0.7385E-03  0.5482E-03  0.2683E-03  0.1119E-03
  0.3979E-04  0.1203E-04  0.6685E-06  0.1606E-07 -0.1632E-08
 -0.1274E-08 -0.9200E-09 -0.6923E-09 -0.5374E-09 -0.4275E-09
 -0.3471E-09 -0.2865E-09 -0.2399E-09 -0.2034E-09 -0.1508E-09
 -0.1158E-09 -0.6587E-10 -0.4151E-10 -0.2811E-10 -0.2009E-10
 -0.1495E-10 -0.1156E-10 -0.4186E-11 -0.2029E-11 -0.1159E-11
 -0.6753E-12 -0.4174E-12 -0.3331E-12 -0.2411E-22 -0.1674E-22
 -0.1230E-22  0.3209E-02  0.3199E-02  0.3169E-02  0.3119E-02
  0.3052E-02  0.2967E-02  0.2867E-02  0.2627E-02  0.2347E-02
  0.1969E-02  0.1588E-02  0.1232E-02  0.9193E-03  0.4553E-03
  0.1930E-03  0.6998E-04  0.2170E-04  0.1300E-05  0.4023E-07
  0.6221E-10 -0.3802E-09 -0.2734E-09 -0.2052E-09 -0.1590E-09
 -0.1264E-09 -0.1025E-09 -0.8455E-10 -0.7075E-10 -0.5997E-10
 -0.4442E-10 -0.3410E-10 -0.1939E-10 -0.1221E-10 -0.8267E-11
 -0.5909E-11 -0.4396E-11 -0.3399E-11 -0.1231E-11 -0.5966E-12
 -0.3406E-12 -0.2004E-12 -0.1254E-12 -0.9618E-13  0.5635E-22
  0.3913E-22  0.2875E-22  0.5333E-02  0.5317E-02  0.5268E-02
  0.5186E-02  0.5076E-02  0.4936E-02  0.4772E-02  0.4378E-02
  0.3918E-02  0.3294E-02  0.2665E-02  0.2075E-02  0.1554E-02
  0.7777E-03  0.3338E-03  0.1229E-03  0.3885E-04  0.2451E-05
  0.8718E-07  0.4187E-08  0.1921E-08  0.1390E-08  0.1048E-08
  0.8141E-09  0.6481E-09  0.5264E-09  0.4347E-09  0.3641E-09
  0.3088E-09  0.2290E-09  0.1759E-09  0.1001E-09  0.6309E-10
  0.4274E-10  0.3054E-10  0.2274E-10  0.1757E-10  0.6365E-11
  0.3085E-11  0.1762E-11  0.1021E-11  0.6267E-12  0.5117E-12
  0.2321E-21  0.1612E-21  0.1184E-21  0.9019E-02  0.8992E-02
  0.8909E-02  0.8774E-02  0.8589E-02  0.8356E-02  0.8082E-02
  0.7422E-02  0.6652E-02  0.5605E-02  0.4547E-02  0.3552E-02
  0.2670E-02  0.1348E-02  0.5851E-03  0.2184E-03  0.7015E-04
  0.4621E-05  0.1821E-06  0.1457E-07  0.7967E-08  0.5759E-08
  0.4337E-08  0.3368E-08  0.2681E-08  0.2177E-08  0.1797E-08
  0.1505E-08  0.1276E-08  0.9462E-09  0.7266E-09  0.4136E-09
  0.2606E-09  0.1765E-09  0.1262E-09  0.9390E-10  0.7256E-10
  0.2629E-10  0.1274E-10  0.7278E-11  0.4229E-11  0.2604E-11
  0.2103E-11  0.6238E-21  0.4332E-21  0.3182E-21  0.1539E-01
  0.1534E-01  0.1521E-01  0.1498E-01  0.1467E-01  0.1427E-01
  0.1381E-01  0.1269E-01  0.1139E-01  0.9619E-02  0.7823E-02
  0.6129E-02  0.4624E-02  0.2354E-02  0.1032E-02  0.3900E-03
  0.1271E-03  0.8695E-05  0.3755E-06  0.4081E-07  0.2377E-07
  0.1717E-07  0.1293E-07  0.1004E-07  0.7988E-08  0.6486E-08
  0.5354E-08  0.4484E-08  0.3802E-08  0.2818E-08  0.2164E-08
  0.1232E-08  0.7762E-09  0.5257E-09  0.3757E-09  0.2796E-09
  0.2161E-09  0.7828E-10  0.3794E-10  0.2167E-10  0.1261E-10
  0.7775E-11  0.6249E-11  0.1493E-20  0.1037E-20  0.7619E-21
  0.2635E-01  0.2627E-01  0.2604E-01  0.2565E-01  0.2513E-01
  0.2446E-01  0.2367E-01  0.2178E-01  0.1957E-01  0.1656E-01
  0.1350E-01  0.1061E-01  0.8028E-02  0.4118E-02  0.1823E-02
  0.6968E-03  0.2301E-03  0.1632E-04  0.7728E-06  0.1075E-06
  0.6479E-07  0.4679E-07  0.3521E-07  0.2734E-07  0.2175E-07
  0.1766E-07  0.1458E-07  0.1221E-07  0.1035E-07  0.7672E-08
  0.5892E-08  0.3353E-08  0.2113E-08  0.1431E-08  0.1023E-08
  0.7610E-09  0.5882E-09  0.2131E-09  0.1033E-09  0.5898E-10
  0.3435E-10  0.2121E-10  0.1698E-10  0.3413E-20  0.2370E-20
  0.1741E-20  0.4502E-01  0.4489E-01  0.4449E-01  0.4384E-01
  0.4295E-01  0.4182E-01  0.4050E-01  0.3730E-01  0.3355E-01
  0.2844E-01  0.2323E-01  0.1830E-01  0.1390E-01  0.7182E-02
  0.3208E-02  0.1240E-02  0.4146E-03  0.3046E-04  0.1591E-05
  0.2744E-06  0.1692E-06  0.1221E-06  0.9189E-07  0.7133E-07
  0.5675E-07  0.4606E-07  0.3802E-07  0.3184E-07  0.2699E-07
  0.2001E-07  0.1536E-07  0.8742E-08  0.5509E-08  0.3731E-08
  0.2666E-08  0.1984E-08  0.1534E-08  0.5555E-09  0.2692E-09
  0.1538E-09  0.8964E-10  0.5542E-10  0.4420E-10 -0.1052E-11
  0.5282E-20  0.3881E-20  0.7653E-01  0.7631E-01  0.7564E-01
  0.7454E-01  0.7304E-01  0.7115E-01  0.6891E-01  0.6352E-01
  0.5721E-01  0.4857E-01  0.3977E-01  0.3141E-01  0.2392E-01
  0.1245E-01  0.5611E-02  0.2191E-02  0.7418E-03  0.5649E-04
  0.3286E-05  0.6861E-06  0.4313E-06  0.3112E-06  0.2341E-06
  0.1817E-06  0.1445E-06  0.1173E-06  0.9682E-07  0.8107E-07
  0.6873E-07  0.5094E-07  0.3911E-07  0.2226E-07  0.1402E-07
  0.9497E-08  0.6787E-08  0.5051E-08  0.3904E-08  0.1414E-08
  0.6853E-09  0.3914E-09  0.2284E-09  0.1414E-09  0.1123E-09
  0.2484E-10 -0.8150E-12  0.8511E-20  0.1293E+00  0.1289E+00
  0.1278E+00  0.1259E+00  0.1234E+00  0.1203E+00  0.1165E+00
  0.1075E+00  0.9692E-01  0.8243E-01  0.6764E-01  0.5355E-01
  0.4090E-01  0.2144E-01  0.9742E-02  0.3843E-02  0.1317E-02
  0.1041E-03  0.6825E-05  0.1692E-05  0.1081E-05  0.7794E-06
  0.5861E-06  0.4548E-06  0.3617E-06  0.2936E-06  0.2423E-06
  0.2028E-06  0.1720E-06  0.1274E-06  0.9785E-07  0.5567E-07
  0.3508E-07  0.2375E-07  0.1698E-07  0.1263E-07  0.9765E-08
  0.3537E-08  0.1714E-08  0.9790E-09  0.5718E-09  0.3544E-09
  0.2805E-09  0.1316E-09  0.1926E-10  0.1844E-19  0.2164E+00
  0.2158E+00  0.2140E+00  0.2109E+00  0.2068E+00  0.2015E+00
  0.1953E+00  0.1804E+00  0.1628E+00  0.1387E+00  0.1140E+00
  0.9050E-01  0.6931E-01  0.3657E-01  0.1676E-01  0.6679E-02
  0.2318E-02  0.1907E-03  0.1424E-04  0.4107E-05  0.2655E-05
  0.1914E-05  0.1439E-05  0.1116E-05  0.8878E-06  0.7205E-06
  0.5945E-06  0.4978E-06  0.4220E-06  0.3127E-06  0.2401E-06
  0.1366E-06  0.8606E-07  0.5827E-07  0.4164E-07  0.3099E-07
  0.2396E-07  0.8677E-08  0.4205E-08  0.2402E-08  0.1404E-08
  0.8714E-09  0.6871E-09  0.3825E-09  0.1009E-09  0.3947E-19
  0.3587E+00  0.3577E+00  0.3547E+00  0.3497E+00  0.3429E+00
  0.3343E+00  0.3241E+00  0.2995E+00  0.2706E+00  0.2309E+00
  0.1902E+00  0.1513E+00  0.1162E+00  0.6173E-01  0.2852E-01
  0.1148E-01  0.4035E-02  0.3463E-03  0.2966E-04  0.9727E-05
  0.6345E-05  0.4573E-05  0.3437E-05  0.2666E-05  0.2120E-05
  0.1720E-05  0.1419E-05  0.1188E-05  0.1007E-05  0.7464E-06
  0.5730E-06  0.3260E-06  0.2054E-06  0.1391E-06  0.9938E-07
  0.7395E-07  0.5717E-07  0.2071E-07  0.1003E-07  0.5731E-08
  0.3353E-08  0.2084E-08  0.1637E-08  0.9670E-09  0.2862E-09
  0.8343E-19  0.4601E+00  0.4588E+00  0.4549E+00  0.4485E+00
  0.4398E+00  0.4288E+00  0.4158E+00  0.3844E+00  0.3475E+00
  0.2968E+00  0.2448E+00  0.1949E+00  0.1499E+00  0.7988E-01
  0.3707E-01  0.1499E-01  0.5303E-02  0.4655E-03  0.4277E-04
  0.1483E-04  0.9709E-05  0.6995E-05  0.5257E-05  0.4077E-05
  0.3242E-05  0.2630E-05  0.2170E-05  0.1817E-05  0.1540E-05
  0.1141E-05  0.8762E-06  0.4984E-06  0.3140E-06  0.2126E-06
  0.1519E-06  0.1131E-06  0.8741E-07  0.3166E-07  0.1534E-07
  0.8762E-08  0.5130E-08  0.3189E-08  0.2501E-08  0.1497E-08
  0.4543E-09  0.1208E-18  0.5884E+00  0.5868E+00  0.5819E+00
  0.5738E+00  0.5627E+00  0.5487E+00  0.5321E+00  0.4921E+00
  0.4451E+00  0.3804E+00  0.3141E+00  0.2504E+00  0.1928E+00
  0.1031E+00  0.4804E-01  0.1953E-01  0.6953E-02  0.6249E-03
  0.6159E-04  0.2246E-04  0.1475E-04  0.1063E-04  0.7984E-05
  0.6192E-05  0.4923E-05  0.3994E-05  0.3296E-05  0.2759E-05
  0.2338E-05  0.1733E-05  0.1330E-05  0.7567E-06  0.4767E-06
  0.3228E-06  0.2307E-06  0.1717E-06  0.1327E-06  0.4806E-07
  0.2329E-07  0.1330E-07  0.7791E-08  0.4847E-08  0.3795E-08
  0.2290E-08  0.7056E-09  0.1743E-18  0.7504E+00  0.7483E+00
  0.7420E+00  0.7318E+00  0.7177E+00  0.6999E+00  0.6789E+00
  0.6281E+00  0.5684E+00  0.4862E+00  0.4018E+00  0.3207E+00
  0.2473E+00  0.1327E+00  0.6206E-01  0.2536E-01  0.9087E-02
  0.8366E-03  0.8844E-04  0.3376E-04  0.2223E-04  0.1601E-04
  0.1203E-04  0.9327E-05  0.7416E-05  0.6016E-05  0.4964E-05
  0.4155E-05  0.3522E-05  0.2610E-05  0.2004E-05  0.1140E-05
  0.7180E-06  0.4861E-06  0.3474E-06  0.2585E-06  0.1998E-06
  0.7238E-07  0.3508E-07  0.2003E-07  0.1174E-07  0.7307E-08
  0.5711E-08  0.3462E-08  0.1077E-08  0.2508E-18  0.9541E+00
  0.9515E+00  0.9436E+00  0.9305E+00  0.9128E+00  0.8903E+00
  0.8637E+00  0.7994E+00  0.7237E+00  0.6196E+00  0.5125E+00
  0.4096E+00  0.3162E+00  0.1702E+00  0.7994E-01  0.3283E-01
  0.1184E-01  0.1118E-02  0.1266E-03  0.5035E-04  0.3323E-04
  0.2393E-04  0.1797E-04  0.1394E-04  0.1108E-04  0.8988E-05
  0.7416E-05  0.6207E-05  0.5261E-05  0.3898E-05  0.2993E-05
  0.1702E-05  0.1072E-05  0.7261E-06  0.5189E-06  0.3861E-06
  0.2985E-06  0.1081E-06  0.5239E-07  0.2992E-07  0.1754E-07
  0.1092E-07  0.8524E-08  0.5181E-08  0.1622E-08  0.3596E-18
  0.1209E+01  0.1206E+01  0.1196E+01  0.1180E+01  0.1157E+01
  0.1129E+01  0.1095E+01  0.1014E+01  0.9185E+00  0.7870E+00
  0.6515E+00  0.5213E+00  0.4031E+00  0.2176E+00  0.1026E+00
  0.4238E-01  0.1539E-01  0.1490E-02  0.1804E-03  0.7435E-04
  0.4916E-04  0.3539E-04  0.2658E-04  0.2061E-04  0.1638E-04
  0.1329E-04  0.1096E-04  0.9178E-05  0.7779E-05  0.5764E-05
  0.4425E-05  0.2517E-05  0.1585E-05  0.1073E-05  0.7671E-06
  0.5708E-06  0.4413E-06  0.1598E-06  0.7745E-07  0.4423E-07
  0.2594E-07  0.1617E-07  0.1259E-07  0.7663E-08  0.2409E-08
  0.5138E-18  0.1528E+01  0.1524E+01  0.1511E+01  0.1491E+01
  0.1463E+01  0.1427E+01  0.1385E+01  0.1283E+01  0.1162E+01
  0.9967E+00  0.8260E+00  0.6617E+00  0.5123E+00  0.2775E+00
  0.1314E+00  0.5454E-01  0.1994E-01  0.1981E-02  0.2558E-03
  0.1088E-03  0.7204E-04  0.5185E-04  0.3894E-04  0.3019E-04
  0.2400E-04  0.1947E-04  0.1606E-04  0.1344E-04  0.1139E-04
  0.8441E-05  0.6480E-05  0.3686E-05  0.2322E-05  0.1572E-05
  0.1123E-05  0.8359E-06  0.6462E-06  0.2341E-06  0.1134E-06
  0.6477E-07  0.3800E-07  0.2370E-07  0.1843E-07  0.1122E-07
  0.3536E-08  0.7319E-18  0.1928E+01  0.1922E+01  0.1907E+01
  0.1881E+01  0.1845E+01  0.1801E+01  0.1748E+01  0.1619E+01
  0.1468E+01  0.1260E+01  0.1045E+01  0.8383E+00  0.6499E+00
  0.3532E+00  0.1680E+00  0.7008E-01  0.2580E-01  0.2633E-02
  0.3615E-03  0.1581E-03  0.1048E-03  0.7544E-04  0.5665E-04
  0.4391E-04  0.3490E-04  0.2831E-04  0.2336E-04  0.1955E-04
  0.1657E-04  0.1228E-04  0.9423E-05  0.5360E-05  0.3376E-05
  0.2286E-05  0.1633E-05  0.1215E-05  0.9396E-06  0.3403E-06
  0.1649E-06  0.9417E-07  0.5528E-07  0.3449E-07  0.2678E-07
  0.1629E-07  0.5145E-08  0.1041E-17  0.2429E+01  0.2422E+01
  0.2402E+01  0.2370E+01  0.2326E+01  0.2269E+01  0.2203E+01
  0.2042E+01  0.1853E+01  0.1591E+01  0.1321E+01  0.1061E+01
  0.8235E+00  0.4490E+00  0.2144E+00  0.8995E-01  0.3335E-01
  0.3497E-02  0.5095E-03  0.2284E-03  0.1516E-03  0.1091E-03
  0.8192E-04  0.6349E-04  0.5046E-04  0.4093E-04  0.3377E-04
  0.2826E-04  0.2395E-04  0.1775E-04  0.1362E-04  0.7747E-05
  0.4880E-05  0.3304E-05  0.2361E-05  0.1757E-05  0.1358E-05
  0.4919E-06  0.2384E-06  0.1361E-06  0.7994E-07  0.4991E-07
  0.3868E-07  0.2352E-07  0.7436E-08  0.1480E-17  0.3059E+01
  0.3051E+01  0.3026E+01  0.2986E+01  0.2930E+01  0.2860E+01
  0.2776E+01  0.2575E+01  0.2337E+01  0.2009E+01  0.1670E+01
  0.1342E+01  0.1043E+01  0.5708E+00  0.2738E+00  0.1155E+00
  0.4314E-01  0.4650E-02  0.7170E-03  0.3285E-03  0.2182E-03
  0.1570E-03  0.1178E-03  0.9133E-04  0.7258E-04  0.5887E-04
  0.4856E-04  0.4064E-04  0.3445E-04  0.2552E-04  0.1959E-04
  0.1114E-04  0.7017E-05  0.4751E-05  0.3395E-05  0.2526E-05
  0.1953E-05  0.7073E-06  0.3428E-06  0.1957E-06  0.1150E-06
  0.7184E-07  0.5559E-07  0.3377E-07  0.1068E-07  0.2105E-17
  0.3855E+01  0.3845E+01  0.3814E+01  0.3763E+01  0.3693E+01
  0.3605E+01  0.3500E+01  0.3248E+01  0.2949E+01  0.2537E+01
  0.2111E+01  0.1699E+01  0.1323E+01  0.7261E+00  0.3498E+00
  0.1484E+00  0.5584E-01  0.6187E-02  0.1007E-02  0.4706E-03
  0.3129E-03  0.2250E-03  0.1689E-03  0.1309E-03  0.1040E-03
  0.8436E-04  0.6958E-04  0.5824E-04  0.4935E-04  0.3656E-04
  0.2806E-04  0.1596E-04  0.1005E-04  0.6806E-05  0.4864E-05
  0.3619E-05  0.2798E-05  0.1013E-05  0.4910E-06  0.2804E-06
  0.1648E-06  0.1030E-06  0.7958E-07  0.4829E-07  0.1529E-07
  0.2997E-17  0.4864E+01  0.4851E+01  0.4812E+01  0.4748E+01
  0.4661E+01  0.4550E+01  0.4419E+01  0.4101E+01  0.3727E+01
  0.3208E+01  0.2672E+01  0.2153E+01  0.1679E+01  0.9249E+00
  0.4476E+00  0.1909E+00  0.7238E-01  0.8247E-02  0.1415E-02
  0.6734E-03  0.4480E-03  0.3221E-03  0.2418E-03  0.1873E-03
  0.1489E-03  0.1207E-03  0.9959E-04  0.8334E-04  0.7063E-04
  0.5232E-04  0.4016E-04  0.2284E-04  0.1439E-04  0.9739E-05
  0.6959E-05  0.5178E-05  0.4004E-05  0.1450E-05  0.7026E-06
  0.4012E-06  0.2360E-06  0.1476E-06  0.1138E-06  0.6895E-07
  0.2184E-07  0.4277E-17  0.6150E+01  0.6134E+01  0.6085E+01
  0.6005E+01  0.5895E+01  0.5756E+01  0.5591E+01  0.5191E+01
  0.4719E+01  0.4067E+01  0.3391E+01  0.2736E+01  0.2136E+01
  0.1181E+01  0.5742E+00  0.2464E+00  0.9416E-01  0.1105E-01
  0.1993E-02  0.9643E-03  0.6420E-03  0.4615E-03  0.3463E-03
  0.2683E-03  0.2132E-03  0.1729E-03  0.1426E-03  0.1193E-03
  0.1011E-03  0.7492E-04  0.5750E-04  0.3270E-04  0.2060E-04
  0.1394E-04  0.9964E-05  0.7413E-05  0.5732E-05  0.2076E-05
  0.1006E-05  0.5744E-06  0.3380E-06  0.2115E-06  0.1628E-06
  0.9851E-07  0.3121E-07  0.6124E-17  0.7804E+01  0.7783E+01
  0.7722E+01  0.7621E+01  0.7482E+01  0.7306E+01  0.7098E+01
  0.6594E+01  0.5998E+01  0.5173E+01  0.4319E+01  0.3489E+01
  0.2728E+01  0.1514E+01  0.7398E+00  0.3194E+00  0.1231E+00
  0.1489E-01  0.2822E-02  0.1386E-02  0.9232E-03  0.6635E-03
  0.4978E-03  0.3856E-03  0.3064E-03  0.2485E-03  0.2049E-03
  0.1715E-03  0.1453E-03  0.1076E-03  0.8262E-04  0.4698E-04
  0.2959E-04  0.2003E-04  0.1432E-04  0.1065E-04  0.8235E-05
  0.2983E-05  0.1445E-05  0.8252E-06  0.4858E-06  0.3042E-06
  0.2338E-06  0.1412E-06  0.4475E-07  0.8812E-17  0.9954E+01
  0.9928E+01  0.9850E+01  0.9722E+01  0.9546E+01  0.9323E+01
  0.9059E+01  0.8420E+01  0.7664E+01  0.6617E+01  0.5530E+01
  0.4474E+01  0.3504E+01  0.1953E+01  0.9592E+00  0.4169E+00
  0.1621E+00  0.2023E-01  0.4026E-02  0.2004E-02  0.1335E-02
  0.9592E-03  0.7196E-03  0.5574E-03  0.4428E-03  0.3591E-03
  0.2962E-03  0.2478E-03  0.2100E-03  0.1555E-03  0.1194E-03
  0.6789E-04  0.4276E-04  0.2894E-04  0.2068E-04  0.1539E-04
  0.1190E-04  0.4309E-05  0.2088E-05  0.1192E-05  0.7023E-06
  0.4401E-06  0.3375E-06  0.2035E-06  0.6450E-07  0.1277E-16
  0.1278E+02  0.1275E+02  0.1265E+02  0.1249E+02  0.1226E+02
  0.1198E+02  0.1164E+02  0.1082E+02  0.9859E+01  0.8521E+01
  0.7130E+01  0.5778E+01  0.4533E+01  0.2538E+01  0.1253E+01
  0.5485E+00  0.2152E+00  0.2774E-01  0.5786E-02  0.2919E-02
  0.1946E-02  0.1398E-02  0.1048E-02  0.8120E-03  0.6451E-03
  0.5230E-03  0.4313E-03  0.3609E-03  0.3058E-03  0.2265E-03
  0.1739E-03  0.9886E-04  0.6226E-04  0.4215E-04  0.3012E-04
  0.2241E-04  0.1733E-04  0.6275E-05  0.3040E-05  0.1736E-05
  0.1023E-05  0.6416E-06  0.4910E-06  0.2956E-06  0.9369E-07
  0.1866E-16  0.1654E+02  0.1650E+02  0.1637E+02  0.1616E+02
  0.1587E+02  0.1551E+02  0.1508E+02  0.1403E+02  0.1279E+02
  0.1106E+02  0.9269E+01  0.7523E+01  0.5914E+01  0.3325E+01
  0.1652E+01  0.7282E+00  0.2885E+00  0.3844E-01  0.8397E-02
  0.4293E-02  0.2863E-02  0.2056E-02  0.1542E-02  0.1194E-02
  0.9483E-03  0.7689E-03  0.6341E-03  0.5305E-03  0.4495E-03
  0.3330E-03  0.2555E-03  0.1453E-03  0.9150E-04  0.6194E-04
  0.4426E-04  0.3293E-04  0.2546E-04  0.9222E-05  0.4468E-05
  0.2551E-05  0.1505E-05  0.9442E-06  0.7210E-06  0.4331E-06
  0.1373E-06  0.2753E-16  0.2160E+02  0.2155E+02  0.2138E+02
  0.2111E+02  0.2074E+02  0.2026E+02  0.1970E+02  0.1834E+02
  0.1673E+02  0.1449E+02  0.1216E+02  0.9887E+01  0.7789E+01
  0.4401E+01  0.2200E+01  0.9777E+00  0.3914E+00  0.5400E-01
  0.1233E-01  0.6375E-02  0.4253E-02  0.3053E-02  0.2289E-02
  0.1772E-02  0.1408E-02  0.1141E-02  0.9410E-03  0.7873E-03
  0.6671E-03  0.4941E-03  0.3792E-03  0.2156E-03  0.1358E-03
  0.9190E-04  0.6567E-04  0.4886E-04  0.3778E-04  0.1368E-04
  0.6629E-05  0.3785E-05  0.2234E-05  0.1403E-05  0.1069E-05
  0.6406E-06  0.2031E-06  0.4106E-16  0.2853E+02  0.2846E+02
  0.2824E+02  0.2789E+02  0.2740E+02  0.2678E+02  0.2604E+02
  0.2426E+02  0.2215E+02  0.1921E+02  0.1615E+02  0.1315E+02
  0.1039E+02  0.5901E+01  0.2970E+01  0.1332E+01  0.5394E+00
  0.7724E-01  0.1840E-01  0.9600E-02  0.6403E-02  0.4595E-02
  0.3444E-02  0.2666E-02  0.2118E-02  0.1716E-02  0.1415E-02
  0.1184E-02  0.1003E-02  0.7430E-03  0.5702E-03  0.3242E-03
  0.2041E-03  0.1382E-03  0.9874E-04  0.7346E-04  0.5681E-04
  0.2057E-04  0.9968E-05  0.5691E-05  0.3361E-05  0.2113E-05
  0.1605E-05  0.9600E-06  0.3043E-06  0.6209E-16  0.3817E+02
  0.3808E+02  0.3779E+02  0.3732E+02  0.3667E+02  0.3585E+02
  0.3488E+02  0.3251E+02  0.2971E+02  0.2581E+02  0.2173E+02
  0.1774E+02  0.1404E+02  0.8026E+01  0.4072E+01  0.1845E+01
  0.7567E+00  0.1127E+00  0.2795E-01  0.1469E-01  0.9794E-02
  0.7024E-02  0.5264E-02  0.4075E-02  0.3236E-02  0.2623E-02
  0.2162E-02  0.1809E-02  0.1533E-02  0.1135E-02  0.8709E-03
  0.4952E-03  0.3118E-03  0.2110E-03  0.1508E-03  0.1122E-03
  0.8676E-04  0.3142E-04  0.1522E-04  0.8692E-05  0.5137E-05
  0.3233E-05  0.2449E-05  0.1461E-05  0.4631E-06  0.9530E-16
  0.5185E+02  0.5172E+02  0.5133E+02  0.5070E+02  0.4983E+02
  0.4873E+02  0.4742E+02  0.4424E+02  0.4047E+02  0.3521E+02
  0.2971E+02  0.2431E+02  0.1929E+02  0.1111E+02  0.5686E+01
  0.2606E+01  0.1085E+01  0.1688E+00  0.4349E-01  0.2295E-01
  0.1529E-01  0.1096E-01  0.8210E-02  0.6354E-02  0.5045E-02
  0.4089E-02  0.3371E-02  0.2820E-02  0.2389E-02  0.1769E-02
  0.1357E-02  0.7717E-03  0.4859E-03  0.3289E-03  0.2350E-03
  0.1748E-03  0.1352E-03  0.4896E-04  0.2372E-04  0.1354E-04
  0.8012E-05  0.5049E-05  0.3812E-05  0.2267E-05  0.7186E-06
  0.1490E-15  0.7171E+02  0.7153E+02  0.7101E+02  0.7014E+02
  0.6895E+02  0.6745E+02  0.6566E+02  0.6131E+02  0.5615E+02
  0.4894E+02  0.4139E+02  0.3396E+02  0.2704E+02  0.1568E+02
  0.8103E+01  0.3756E+01  0.1586E+01  0.2558E+00  0.6833E-01
  0.3662E-01  0.2448E-01  0.1756E-01  0.1315E-01  0.1017E-01
  0.8076E-02  0.6545E-02  0.5396E-02  0.4513E-02  0.3823E-02
  0.2831E-02  0.2172E-02  0.1235E-02  0.7774E-03  0.5262E-03
  0.3760E-03  0.2797E-03  0.2163E-03  0.7834E-04  0.3795E-04
  0.2167E-04  0.1283E-04  0.8096E-05  0.6092E-05  0.3609E-05
  0.1144E-05  0.2380E-15  0.1012E+03  0.1010E+03  0.1002E+03
  0.9903E+02  0.9737E+02  0.9528E+02  0.9279E+02  0.8673E+02
  0.7953E+02  0.6946E+02  0.5889E+02  0.4845E+02  0.3871E+02
  0.2263E+02  0.1181E+02  0.5543E+01  0.2372E+01  0.3960E+00
  0.1098E+00  0.6011E-01  0.4042E-01  0.2901E-01  0.2172E-01
  0.1680E-01  0.1333E-01  0.1080E-01  0.8906E-02  0.7450E-02
  0.6310E-02  0.4672E-02  0.3584E-02  0.2038E-02  0.1283E-02
  0.8682E-03  0.6203E-03  0.4615E-03  0.3569E-03  0.1293E-03
  0.6261E-04  0.3575E-04  0.2119E-04  0.1339E-04  0.1004E-04
  0.5924E-05  0.1878E-05  0.3897E-15  0.1461E+03  0.1457E+03
  0.1447E+03  0.1430E+03  0.1406E+03  0.1377E+03  0.1341E+03
  0.1255E+03  0.1153E+03  0.1009E+03  0.8578E+02  0.7082E+02
  0.5679E+02  0.3352E+02  0.1770E+02  0.8422E+01  0.3666E+01
  0.6390E+00  0.1844E+00  0.1024E+00  0.6906E-01  0.4956E-01
  0.3710E-01  0.2869E-01  0.2276E-01  0.1844E-01  0.1520E-01
  0.1271E-01  0.1077E-01  0.7971E-02  0.6115E-02  0.3476E-02
  0.2188E-02  0.1481E-02  0.1058E-02  0.7872E-03  0.6087E-03
  0.2205E-03  0.1068E-03  0.6097E-04  0.3620E-04  0.2291E-04
  0.1709E-04  0.1004E-04  0.3185E-05  0.6567E-15  0.2161E+03
  0.2156E+03  0.2141E+03  0.2117E+03  0.2082E+03  0.2039E+03
  0.1988E+03  0.1863E+03  0.1713E+03  0.1504E+03  0.1283E+03
  0.1063E+03  0.8564E+02  0.5111E+02  0.2737E+02  0.1325E+02
  0.5888E+01  0.1082E+01  0.3244E+00  0.1813E+00  0.1224E+00
  0.8775E-01  0.6565E-01  0.5076E-01  0.4027E-01  0.3262E-01
  0.2688E-01  0.2248E-01  0.1904E-01  0.1409E-01  0.1081E-01
  0.6143E-02  0.3867E-02  0.2617E-02  0.1870E-02  0.1391E-02
  0.1076E-02  0.3896E-03  0.1887E-03  0.1077E-03  0.6405E-04
  0.4061E-04  0.3015E-04  0.1763E-04  0.5591E-05  0.1145E-14
  0.3281E+03  0.3274E+03  0.3251E+03  0.3215E+03  0.3164E+03
  0.3100E+03  0.3023E+03  0.2837E+03  0.2615E+03  0.2302E+03
  0.1971E+03  0.1641E+03  0.1329E+03  0.8030E+02  0.4369E+02
  0.2156E+02  0.9803E+01  0.1893E+01  0.5845E+00  0.3306E+00
  0.2248E+00  0.1616E+00  0.1209E+00  0.9342E-01  0.7409E-01
  0.6000E-01  0.4944E-01  0.4134E-01  0.3501E-01  0.2591E-01
  0.1987E-01  0.1129E-01  0.7108E-02  0.4810E-02  0.3436E-02
  0.2557E-02  0.1977E-02  0.7161E-03  0.3468E-03  0.1980E-03
  0.1179E-03  0.7490E-04  0.5530E-04  0.3217E-04  0.1020E-04
  0.2075E-14  0.5099E+03  0.5088E+03  0.5054E+03  0.4998E+03
  0.4922E+03  0.4825E+03  0.4709E+03  0.4427E+03  0.4089E+03
  0.3613E+03  0.3106E+03  0.2599E+03  0.2117E+03  0.1299E+03
  0.7198E+02  0.3632E+02  0.1697E+02  0.3477E+01  0.1109E+01
  0.6327E+00  0.4321E+00  0.3106E+00  0.2322E+00  0.1794E+00
  0.1422E+00  0.1151E+00  0.9485E-01  0.7930E-01  0.6715E-01
  0.4969E-01  0.3811E-01  0.2165E-01  0.1363E-01  0.9221E-02
  0.6587E-02  0.4901E-02  0.3790E-02  0.1373E-02  0.6648E-03
  0.3795E-03  0.2264E-03  0.1442E-03  0.1058E-03  0.6116E-04
  0.1940E-04  0.3919E-14  0.8073E+03  0.8056E+03  0.8004E+03
  0.7919E+03  0.7802E+03  0.7653E+03  0.7475E+03  0.7041E+03
  0.6521E+03  0.5784E+03  0.4997E+03  0.4206E+03  0.3450E+03
  0.2152E+03  0.1218E+03  0.6304E+02  0.3031E+02  0.6551E+01
  0.2107E+01  0.1215E+01  0.8516E+00  0.6216E+00  0.4666E+00
  0.3605E+00  0.2857E+00  0.2313E+00  0.1905E+00  0.1592E+00
  0.1348E+00  0.9973E-01  0.7648E-01  0.4345E-01  0.2734E-01
  0.1850E-01  0.1321E-01  0.9831E-02  0.7603E-02  0.2754E-02
  0.1333E-02  0.7613E-03  0.4550E-03  0.2905E-03  0.2117E-03
  0.1216E-03  0.3856E-04  0.7717E-14  0.1293E+04  0.1290E+04
  0.1283E+04  0.1269E+04  0.1251E+04  0.1228E+04  0.1201E+04
  0.1134E+04  0.1053E+04  0.9381E+03  0.8150E+03  0.6906E+03
  0.5709E+03  0.3627E+03  0.2101E+03  0.1118E+03  0.5539E+02
  0.1260E+02  0.4043E+01  0.2357E+01  0.1725E+01  0.1296E+01
  0.9819E+00  0.7589E+00  0.6010E+00  0.4862E+00  0.4004E+00
  0.3346E+00  0.2833E+00  0.2095E+00  0.1607E+00  0.9126E-01
  0.5741E-01  0.3884E-01  0.2775E-01  0.2064E-01  0.1596E-01
  0.5782E-02  0.2800E-02  0.1598E-02  0.9574E-03  0.6128E-03
  0.4435E-03  0.2528E-03  0.8019E-04  0.1583E-13  0.2086E+04
  0.2081E+04  0.2069E+04  0.2049E+04  0.2021E+04  0.1986E+04
  0.1943E+04  0.1839E+04  0.1714E+04  0.1536E+04  0.1343E+04
  0.1148E+04  0.9576E+03  0.6229E+03  0.3718E+03  0.2052E+03
  0.1063E+03  0.2639E+02  0.8440E+01  0.4634E+01  0.3425E+01
  0.2695E+01  0.2119E+01  0.1666E+01  0.1324E+01  0.1072E+01
  0.8823E+00  0.7373E+00  0.6240E+00  0.4614E+00  0.3537E+00
  0.2009E+00  0.1264E+00  0.8549E-01  0.6107E-01  0.4543E-01
  0.3514E-01  0.1273E-01  0.6161E-02  0.3517E-02  0.2112E-02
  0.1356E-02  0.9736E-03  0.5505E-03  0.1746E-03  0.3407E-13
  0.3366E+04  0.3360E+04  0.3341E+04  0.3310E+04  0.3268E+04
  0.3214E+04  0.3149E+04  0.2990E+04  0.2798E+04  0.2524E+04
  0.2226E+04  0.1920E+04  0.1621E+04  0.1085E+04  0.6715E+03
  0.3881E+03  0.2123E+03  0.5917E+02  0.1928E+02  0.9639E+01
  0.6950E+01  0.5751E+01  0.4782E+01  0.3866E+01  0.3086E+01
  0.2486E+01  0.2039E+01  0.1701E+01  0.1439E+01  0.1064E+01
  0.8156E+00  0.4631E+00  0.2912E+00  0.1970E+00  0.1407E+00
  0.1047E+00  0.8096E-01  0.2932E-01  0.1419E-01  0.8103E-02
  0.4878E-02  0.3141E-02  0.2237E-02  0.1254E-02  0.3979E-03
  0.7669E-13  0.5396E+04  0.5386E+04  0.5359E+04  0.5313E+04
  0.5250E+04  0.5169E+04  0.5073E+04  0.4835E+04  0.4548E+04
  0.4133E+04  0.3680E+04  0.3211E+04  0.2748E+04  0.1902E+04
  0.1230E+04  0.7502E+03  0.4381E+03  0.1426E+03  0.5181E+02
  0.2441E+02  0.1515E+02  0.1162E+02  0.9909E+01  0.8643E+01
  0.7411E+01  0.6196E+01  0.5098E+01  0.4199E+01  0.3507E+01
  0.2569E+01  0.1967E+01  0.1117E+01  0.7022E+00  0.4750E+00
  0.3392E+00  0.2523E+00  0.1952E+00  0.7069E-01  0.3421E-01
  0.1953E-01  0.1179E-01  0.7616E-02  0.5378E-02  0.2988E-02
  0.9480E-03  0.1799E-12  0.8528E+04  0.8515E+04  0.8475E+04
  0.8409E+04  0.8318E+04  0.8202E+04  0.8063E+04  0.7719E+04
  0.7301E+04  0.6695E+04  0.6028E+04  0.5330E+04  0.4633E+04
  0.3333E+04  0.2262E+04  0.1464E+04  0.9160E+03  0.3488E+03
  0.1451E+03  0.7163E+02  0.4117E+02  0.2668E+02  0.1943E+02
  0.1581E+02  0.1382E+02  0.1248E+02  0.1137E+02  0.1024E+02
  0.8998E+01  0.6570E+01  0.4896E+01  0.2761E+01  0.1735E+01
  0.1174E+01  0.8381E+00  0.6234E+00  0.4822E+00  0.1747E+00
  0.8452E-01  0.4824E-01  0.2920E-01  0.1893E-01  0.1325E-01
  0.7295E-02  0.2315E-02  0.4316E-12  0.1323E+05  0.1322E+05
  0.1316E+05  0.1307E+05  0.1295E+05  0.1279E+05  0.1259E+05
  0.1212E+05  0.1154E+05  0.1069E+05  0.9749E+04  0.8754E+04
  0.7746E+04  0.5821E+04  0.4172E+04  0.2881E+04  0.1940E+04
  0.8616E+03  0.4060E+03  0.2156E+03  0.1284E+03  0.8329E+02
  0.5750E+02  0.4149E+02  0.3086E+02  0.2399E+02  0.2013E+02
  0.1825E+02  0.1735E+02  0.1615E+02  0.1379E+02  0.7283E+01
  0.4479E+01  0.3029E+01  0.2163E+01  0.1608E+01  0.1244E+01
  0.4507E+00  0.2181E+00  0.1245E+00  0.7556E-01  0.4915E-01
  0.3411E-01  0.1859E-01  0.5902E-02  0.1072E-11  0.2011E+05
  0.2009E+05  0.2002E+05  0.1990E+05  0.1974E+05  0.1953E+05
  0.1928E+05  0.1866E+05  0.1790E+05  0.1679E+05  0.1553E+05
  0.1420E+05  0.1282E+05  0.1013E+05  0.7720E+04  0.5729E+04
  0.4180E+04  0.2193E+04  0.1188E+04  0.6903E+03  0.4330E+03
  0.2905E+03  0.2053E+03  0.1506E+03  0.1131E+03  0.8732E+02
  0.6988E+02  0.5780E+02  0.4859E+02  0.3506E+02  0.2764E+02
  0.2169E+02  0.1333E+02  0.8858E+01  0.6323E+01  0.4703E+01
  0.3639E+01  0.1318E+01  0.6375E+00  0.3638E+00  0.2218E+00
  0.1449E+00  0.9944E-01  0.5351E-01  0.1699E-01  0.2934E-11
  0.2937E+05  0.2934E+05  0.2925E+05  0.2911E+05  0.2891E+05
  0.2866E+05  0.2836E+05  0.2760E+05  0.2667E+05  0.2529E+05
  0.2373E+05  0.2204E+05  0.2029E+05  0.1678E+05  0.1351E+05
  0.1067E+05  0.8329E+04  0.5013E+04  0.3059E+04  0.1936E+04
  0.1282E+04  0.8880E+03  0.6409E+03  0.4783E+03  0.3666E+03
  0.2882E+03  0.2321E+03  0.1904E+03  0.1575E+03  0.1094E+03
  0.7962E+02  0.4586E+02  0.3735E+02  0.2516E+02  0.1779E+02
  0.1323E+02  0.1023E+02  0.3707E+01  0.1793E+01  0.1023E+01
  0.6259E+00  0.4107E+00  0.2790E+00  0.1484E+00  0.4714E-01
  0.7649E-11  0.4113E+05  0.4110E+05  0.4100E+05  0.4084E+05
  0.4061E+05  0.4031E+05  0.3996E+05  0.3908E+05  0.3800E+05
  0.3638E+05  0.3453E+05  0.3252E+05  0.3041E+05  0.2608E+05
  0.2192E+05  0.1816E+05  0.1490E+05  0.9916E+04  0.6613E+04
  0.4487E+04  0.3121E+04  0.2234E+04  0.1647E+04  0.1248E+04
  0.9674E+03  0.7665E+03  0.6193E+03  0.5090E+03  0.4236E+03
  0.3021E+03  0.2233E+03  0.1140E+03  0.7411E+02  0.6177E+02
  0.4424E+02  0.3269E+02  0.2530E+02  0.9163E+01  0.4430E+01
  0.2528E+01  0.1551E+01  0.1021E+01  0.6884E+00  0.3631E+00
  0.1154E+00  0.1766E-10  0.5565E+05  0.5561E+05  0.5550E+05
  0.5532E+05  0.5506E+05  0.5473E+05  0.5434E+05  0.5335E+05
  0.5212E+05  0.5028E+05  0.4818E+05  0.4586E+05  0.4341E+05
  0.3830E+05  0.3326E+05  0.2855E+05  0.2431E+05  0.1741E+05
  0.1241E+05  0.8908E+04  0.6473E+04  0.4786E+04  0.3608E+04
  0.2776E+04  0.2178E+04  0.1740E+04  0.1413E+04  0.1165E+04
  0.9717E+03  0.6982E+03  0.5218E+03  0.2758E+03  0.1583E+03
  0.1128E+03  0.9588E+02  0.7187E+02  0.5540E+02  0.2006E+02
  0.9700E+01  0.5535E+01  0.3403E+01  0.2245E+01  0.1506E+01
  0.7891E+00  0.2508E+00  0.3641E-10  0.7329E+05  0.7325E+05
  0.7313E+05  0.7293E+05  0.7265E+05  0.7228E+05  0.7185E+05
  0.7076E+05  0.6941E+05  0.6737E+05  0.6503E+05  0.6244E+05
  0.5967E+05  0.5383E+05  0.4792E+05  0.4225E+05  0.3699E+05
  0.2799E+05  0.2101E+05  0.1577E+05  0.1190E+05  0.9069E+04
  0.6993E+04  0.5471E+04  0.4344E+04  0.3501E+04  0.2863E+04
  0.2371E+04  0.1986E+04  0.1436E+04  0.1077E+04  0.5811E+03
  0.3418E+03  0.2150E+03  0.1638E+03  0.1417E+03  0.1105E+03
  0.3988E+02  0.1928E+02  0.1100E+02  0.6774E+01  0.4478E+01
  0.2991E+01  0.1560E+01  0.4958E+00  0.6869E-10  0.9460E+05
  0.9456E+05  0.9443E+05  0.9420E+05  0.9390E+05  0.9351E+05
  0.9304E+05  0.9187E+05  0.9041E+05  0.8819E+05  0.8563E+05
  0.8278E+05  0.7972E+05  0.7317E+05  0.6643E+05  0.5980E+05
  0.5349E+05  0.4223E+05  0.3300E+05  0.2570E+05  0.2003E+05
  0.1568E+05  0.1236E+05  0.9841E+04  0.7916E+04  0.6444E+04
  0.5307E+04  0.4422E+04  0.3722E+04  0.2710E+04  0.2041E+04
  0.1110E+04  0.6658E+03  0.4259E+03  0.2873E+03  0.2273E+03
  0.1992E+03  0.7375E+02  0.3564E+02  0.2034E+02  0.1254E+02
  0.8303E+01  0.5526E+01  0.2870E+01  0.9126E+00  0.1212E-09
  0.1202E+06  0.1202E+06  0.1200E+06  0.1198E+06  0.1195E+06
  0.1190E+06  0.1185E+06  0.1173E+06  0.1157E+06  0.1133E+06
  0.1106E+06  0.1075E+06  0.1041E+06  0.9692E+05  0.8936E+05
  0.8175E+05  0.7437E+05  0.6074E+05  0.4904E+05  0.3937E+05
  0.3154E+05  0.2531E+05  0.2038E+05  0.1651E+05  0.1347E+05
  0.1108E+05  0.9199E+04  0.7712E+04  0.6524E+04  0.4788E+04
  0.3626E+04  0.1984E+04  0.1201E+04  0.7806E+03  0.5300E+03
  0.3803E+03  0.3387E+03  0.1289E+03  0.6235E+02  0.3558E+02
  0.2196E+02  0.1456E+02  0.9665E+01  0.5003E+01  0.1591E+01
  0.2032E-09  0.1875E+06  0.1874E+06  0.1873E+06  0.1870E+06
  0.1866E+06  0.1862E+06  0.1856E+06  0.1842E+06  0.1825E+06
  0.1798E+06  0.1766E+06  0.1731E+06  0.1693E+06  0.1608E+06
  0.1516E+06  0.1421E+06  0.1325E+06  0.1139E+06  0.9661E+05
  0.8133E+05  0.6814E+05  0.5696E+05  0.4760E+05  0.3984E+05
  0.3342E+05  0.2814E+05  0.2381E+05  0.2026E+05  0.1734E+05
  0.1295E+05  0.9934E+04  0.5546E+04  0.3391E+04  0.2224E+04
  0.1550E+04  0.1141E+04  0.9066E+03  0.3508E+03  0.1694E+03
  0.9664E+02  0.5978E+02  0.3973E+02  0.2625E+02  0.1351E+02
  0.4299E+01  0.5122E-09  0.2835E+06  0.2835E+06  0.2833E+06
  0.2830E+06  0.2826E+06  0.2821E+06  0.2815E+06  0.2800E+06
  0.2781E+06  0.2751E+06  0.2717E+06  0.2677E+06  0.2634E+06
  0.2537E+06  0.2431E+06  0.2317E+06  0.2200E+06  0.1960E+06
  0.1725E+06  0.1504E+06  0.1304E+06  0.1126E+06  0.9703E+05
  0.8355E+05  0.7194E+05  0.6202E+05  0.5356E+05  0.4638E+05
  0.4029E+05  0.3078E+05  0.2397E+05  0.1370E+05  0.8499E+04
  0.5624E+04  0.3930E+04  0.2886E+04  0.2243E+04  0.8341E+03
  0.4150E+03  0.2370E+03  0.1468E+03  0.9777E+02  0.6436E+02
  0.3300E+02  0.1050E+02  0.1175E-08  0.4201E+06  0.4200E+06
  0.4199E+06  0.4195E+06  0.4191E+06  0.4186E+06  0.4179E+06
  0.4163E+06  0.4142E+06  0.4110E+06  0.4073E+06  0.4030E+06
  0.3982E+06  0.3875E+06  0.3754E+06  0.3623E+06  0.3485E+06
  0.3192E+06  0.2889E+06  0.2590E+06  0.2306E+06  0.2045E+06
  0.1807E+06  0.1595E+06  0.1406E+06  0.1238E+06  0.1091E+06
  0.9624E+05  0.8499E+05  0.6670E+05  0.5297E+05  0.3119E+05
  0.1967E+05  0.1318E+05  0.9253E+04  0.6787E+04  0.5226E+04
  0.1873E+04  0.9571E+03  0.5457E+03  0.3386E+03  0.2258E+03
  0.1482E+03  0.7573E+02  0.2411E+02  0.2545E-08  0.6135E+06
  0.6134E+06  0.6132E+06  0.6129E+06  0.6124E+06  0.6118E+06
  0.6112E+06  0.6094E+06  0.6072E+06  0.6038E+06  0.5997E+06
  0.5951E+06  0.5900E+06  0.5782E+06  0.5649E+06  0.5501E+06
  0.5343E+06  0.4998E+06  0.4627E+06  0.4244E+06  0.3864E+06
  0.3500E+06  0.3159E+06  0.2846E+06  0.2560E+06  0.2300E+06
  0.2065E+06  0.1853E+06  0.1663E+06  0.1344E+06  0.1092E+06
  0.6680E+05  0.4304E+05  0.2923E+05  0.2074E+05  0.1527E+05
  0.1172E+05  0.4124E+04  0.2066E+04  0.1208E+04  0.7498E+03
  0.5008E+03  0.3279E+03  0.1670E+03  0.5320E+02  0.5313E-08
  0.8867E+06  0.8866E+06  0.8864E+06  0.8860E+06  0.8856E+06
  0.8850E+06  0.8842E+06  0.8824E+06  0.8801E+06  0.8764E+06
  0.8721E+06  0.8671E+06  0.8616E+06  0.8489E+06  0.8343E+06
  0.8180E+06  0.8003E+06  0.7608E+06  0.7171E+06  0.6705E+06
  0.6222E+06  0.5741E+06  0.5274E+06  0.4833E+06  0.4422E+06
  0.4042E+06  0.3691E+06  0.3367E+06  0.3069E+06  0.2550E+06
  0.2124E+06  0.1361E+06  0.9010E+05  0.6219E+05  0.4466E+05
  0.3317E+05  0.2554E+05  0.8921E+04  0.4314E+04  0.2556E+04
  0.1616E+04  0.1082E+04  0.7066E+03  0.3591E+03  0.1144E+03
  0.1084E-07
