                        3167.   5.23   0.20   0.09
    50   0.0   0.0    1.0000  0.0001
  46
      8598.396      8598.406      8598.416      8598.426      8598.436
      8598.446      8598.456      8598.476      8598.496      8598.521
      8598.546      8598.571      8598.596      8598.646      8598.696
      8598.746      8598.796      8598.896      8598.996      8599.096
      8599.196      8599.296      8599.396      8599.496      8599.596
      8599.696      8599.796      8599.896      8599.996      8600.196
      8600.396      8600.896      8601.396      8601.896      8602.396
      8602.896      8603.396      8605.896      8608.396      8610.896
      8613.396      8615.896      8618.396      8623.396      8628.396
      8633.396
 -0.5171E-13 -0.5163E-13 -0.5141E-13 -0.5103E-13 -0.5051E-13
 -0.4984E-13 -0.4904E-13 -0.4704E-13 -0.4457E-13 -0.4094E-13
 -0.3686E-13 -0.3252E-13 -0.2812E-13 -0.1978E-13 -0.1291E-13
 -0.7909E-14 -0.4674E-14 -0.1685E-14 -0.7756E-15 -0.4551E-15
 -0.3038E-15 -0.2173E-15 -0.1626E-15 -0.1257E-15 -0.9974E-16
 -0.8080E-16 -0.6660E-16 -0.5570E-16 -0.4717E-16 -0.3492E-16
 -0.2679E-16 -0.1523E-16 -0.9585E-17 -0.6487E-17 -0.4635E-17
 -0.3448E-17 -0.2666E-17 -0.9657E-18 -0.4678E-18 -0.2671E-18
 -0.1586E-18 -0.1005E-18 -0.7481E-19 -0.4389E-19 -0.1392E-19
 -0.1049E-30  0.2225E-13  0.2216E-13  0.2186E-13  0.2139E-13
  0.2073E-13  0.1992E-13  0.1895E-13  0.1665E-13  0.1399E-13
  0.1044E-13  0.6946E-14  0.3780E-14  0.1136E-14 -0.2257E-14
 -0.3425E-14 -0.3208E-14 -0.2479E-14 -0.1186E-14 -0.5932E-15
 -0.3518E-15 -0.2348E-15 -0.1679E-15 -0.1256E-15 -0.9708E-16
 -0.7702E-16 -0.6239E-16 -0.5141E-16 -0.4300E-16 -0.3642E-16
 -0.2695E-16 -0.2068E-16 -0.1175E-16 -0.7398E-17 -0.5006E-17
 -0.3577E-17 -0.2661E-17 -0.2058E-17 -0.7453E-18 -0.3610E-18
 -0.2061E-18 -0.1225E-18 -0.7767E-19 -0.5767E-19 -0.3374E-19
 -0.1070E-19 -0.7894E-31  0.1389E-12  0.1386E-12  0.1375E-12
  0.1357E-12  0.1332E-12  0.1301E-12  0.1263E-12  0.1173E-12
  0.1067E-12  0.9193E-13  0.7658E-13  0.6166E-13  0.4795E-13
  0.2603E-13  0.1206E-13  0.4596E-14  0.1243E-14 -0.2936E-15
 -0.2563E-15 -0.1601E-15 -0.1069E-15 -0.7629E-16 -0.5699E-16
 -0.4403E-16 -0.3491E-16 -0.2826E-16 -0.2329E-16 -0.1947E-16
 -0.1649E-16 -0.1220E-16 -0.9356E-17 -0.5316E-17 -0.3346E-17
 -0.2264E-17 -0.1617E-17 -0.1203E-17 -0.9305E-18 -0.3370E-18
 -0.1632E-18 -0.9318E-19 -0.5559E-19 -0.3540E-19 -0.2595E-19
 -0.1499E-19 -0.4753E-20 -0.3121E-31  0.3244E-12  0.3236E-12
  0.3212E-12  0.3173E-12  0.3120E-12  0.3052E-12  0.2972E-12
  0.2777E-12  0.2545E-12  0.2221E-12  0.1881E-12  0.1546E-12
  0.1233E-12  0.7195E-13  0.3749E-13  0.1759E-13  0.7562E-14
  0.1300E-14  0.3669E-15  0.1969E-15  0.1314E-15  0.9431E-16
  0.7071E-16  0.5476E-16  0.4349E-16  0.3526E-16  0.2908E-16
  0.2433E-16  0.2062E-16  0.1527E-16  0.1172E-16  0.6663E-17
  0.4196E-17  0.2840E-17  0.2029E-17  0.1510E-17  0.1168E-17
  0.4229E-18  0.2049E-18  0.1170E-18  0.6903E-19  0.4336E-19
  0.3304E-19  0.1981E-19  0.6281E-20  0.5697E-31  0.6209E-12
  0.6194E-12  0.6151E-12  0.6079E-12  0.5981E-12  0.5856E-12
  0.5708E-12  0.5347E-12  0.4917E-12  0.4314E-12  0.3678E-12
  0.3048E-12  0.2457E-12  0.1471E-12  0.7962E-13  0.3947E-13
  0.1842E-13  0.4181E-14  0.1528E-14  0.8659E-15  0.5780E-15
  0.4139E-15  0.3099E-15  0.2398E-15  0.1903E-15  0.1542E-15
  0.1271E-15  0.1063E-15  0.9007E-16  0.6669E-16  0.5117E-16
  0.2909E-16  0.1831E-16  0.1239E-16  0.8855E-17  0.6588E-17
  0.5095E-17  0.1845E-17  0.8938E-18  0.5103E-18  0.3024E-18
  0.1910E-18  0.1434E-18  0.8476E-19  0.2688E-19  0.2207E-30
  0.1097E-11  0.1094E-11  0.1087E-11  0.1075E-11  0.1058E-11
  0.1036E-11  0.1011E-11  0.9483E-12  0.8739E-12  0.7694E-12
  0.6589E-12  0.5490E-12  0.4454E-12  0.2711E-12  0.1501E-12
  0.7671E-13  0.3732E-13  0.9448E-14  0.3709E-14  0.2126E-14
  0.1419E-14  0.1016E-14  0.7601E-15  0.5879E-15  0.4666E-15
  0.3780E-15  0.3116E-15  0.2606E-15  0.2207E-15  0.1634E-15
  0.1254E-15  0.7127E-16  0.4486E-16  0.3037E-16  0.2170E-16
  0.1614E-16  0.1248E-16  0.4521E-17  0.2190E-17  0.1250E-17
  0.7417E-18  0.4690E-18  0.3507E-18  0.2066E-18  0.6550E-19
  0.5256E-30  0.1862E-11  0.1858E-11  0.1846E-11  0.1825E-11
  0.1797E-11  0.1761E-11  0.1719E-11  0.1615E-11  0.1491E-11
  0.1316E-11  0.1131E-11  0.9464E-12  0.7715E-12  0.4756E-12
  0.2676E-12  0.1398E-12  0.6998E-13  0.1901E-13  0.7797E-14
  0.4509E-14  0.3010E-14  0.2154E-14  0.1611E-14  0.1246E-14
  0.9888E-15  0.8011E-15  0.6603E-15  0.5522E-15  0.4677E-15
  0.3462E-15  0.2656E-15  0.1510E-15  0.9504E-16  0.6433E-16
  0.4596E-16  0.3419E-16  0.2644E-16  0.9576E-17  0.4639E-17
  0.2648E-17  0.1572E-17  0.9952E-18  0.7423E-18  0.4361E-18
  0.1383E-18  0.1093E-29  0.3094E-11  0.3087E-11  0.3067E-11
  0.3033E-11  0.2987E-11  0.2929E-11  0.2860E-11  0.2691E-11
  0.2488E-11  0.2202E-11  0.1899E-11  0.1595E-11  0.1306E-11
  0.8141E-12  0.4650E-12  0.2477E-12  0.1271E-12  0.3653E-13
  0.1549E-13  0.9017E-14  0.6021E-14  0.4306E-14  0.3221E-14
  0.2491E-14  0.1976E-14  0.1601E-14  0.1319E-14  0.1103E-14
  0.9346E-15  0.6918E-15  0.5307E-15  0.3016E-15  0.1899E-15
  0.1285E-15  0.9181E-16  0.6830E-16  0.5282E-16  0.1913E-16
  0.9266E-17  0.5290E-17  0.3143E-17  0.1991E-17  0.1482E-17
  0.8686E-18  0.2754E-18  0.2149E-29  0.5084E-11  0.5073E-11
  0.5041E-11  0.4987E-11  0.4913E-11  0.4820E-11  0.4708E-11
  0.4435E-11  0.4108E-11  0.3646E-11  0.3154E-11  0.2660E-11
  0.2188E-11  0.1380E-11  0.8006E-12  0.4350E-12  0.2286E-12
  0.6916E-13  0.3010E-13  0.1759E-13  0.1174E-13  0.8396E-14
  0.6279E-14  0.4855E-14  0.3851E-14  0.3120E-14  0.2571E-14
  0.2150E-14  0.1821E-14  0.1348E-14  0.1034E-14  0.5876E-15
  0.3699E-15  0.2503E-15  0.1788E-15  0.1331E-15  0.1029E-15
  0.3727E-16  0.1805E-16  0.1031E-16  0.6126E-17  0.3884E-17
  0.2884E-17  0.1687E-17  0.5349E-18  0.4127E-29  0.8308E-11
  0.8291E-11  0.8239E-11  0.8153E-11  0.8035E-11  0.7885E-11
  0.7707E-11  0.7270E-11  0.6747E-11  0.6005E-11  0.5212E-11
  0.4414E-11  0.3650E-11  0.2331E-11  0.1375E-11  0.7625E-12
  0.4106E-12  0.1304E-12  0.5800E-13  0.3395E-13  0.2265E-13
  0.1618E-13  0.1210E-13  0.9353E-14  0.7419E-14  0.6009E-14
  0.4952E-14  0.4141E-14  0.3507E-14  0.2596E-14  0.1991E-14
  0.1132E-14  0.7123E-15  0.4820E-15  0.3444E-15  0.2562E-15
  0.1981E-15  0.7176E-16  0.3476E-16  0.1984E-16  0.1180E-16
  0.7490E-17  0.5549E-17  0.3239E-17  0.1027E-17  0.7836E-29
  0.1353E-10  0.1350E-10  0.1342E-10  0.1328E-10  0.1310E-10
  0.1286E-10  0.1257E-10  0.1188E-10  0.1104E-10  0.9855E-11
  0.8583E-11  0.7299E-11  0.6064E-11  0.3919E-11  0.2344E-11
  0.1322E-11  0.7254E-12  0.2393E-12  0.1093E-12  0.6484E-13
  0.4341E-13  0.3104E-13  0.2320E-13  0.1793E-13  0.1422E-13
  0.1152E-13  0.9492E-14  0.7937E-14  0.6722E-14  0.4975E-14
  0.3816E-14  0.2169E-14  0.1365E-14  0.9237E-15  0.6599E-15
  0.4909E-15  0.3797E-15  0.1375E-15  0.6660E-16  0.3802E-16
  0.2263E-16  0.1437E-16  0.1062E-16  0.6187E-17  0.1962E-17
  0.1476E-28  0.2198E-10  0.2194E-10  0.2181E-10  0.2159E-10
  0.2130E-10  0.2092E-10  0.2047E-10  0.1936E-10  0.1803E-10
  0.1614E-10  0.1411E-10  0.1205E-10  0.1006E-10  0.6574E-11
  0.3986E-11  0.2285E-11  0.1276E-11  0.4362E-12  0.2050E-12
  0.1234E-12  0.8303E-13  0.5939E-13  0.4440E-13  0.3431E-13
  0.2721E-13  0.2203E-13  0.1815E-13  0.1518E-13  0.1286E-13
  0.9514E-14  0.7297E-14  0.4147E-14  0.2610E-14  0.1766E-14
  0.1262E-14  0.9387E-15  0.7259E-15  0.2629E-15  0.1273E-15
  0.7270E-16  0.4330E-16  0.2752E-16  0.2030E-16  0.1179E-16
  0.3740E-17  0.2770E-28  0.3569E-10  0.3562E-10  0.3541E-10
  0.3507E-10  0.3460E-10  0.3401E-10  0.3329E-10  0.3154E-10
  0.2944E-10  0.2643E-10  0.2319E-10  0.1990E-10  0.1670E-10
  0.1106E-10  0.6815E-11  0.3981E-11  0.2271E-11  0.8085E-12
  0.3889E-12  0.2359E-12  0.1589E-12  0.1137E-12  0.8496E-13
  0.6564E-13  0.5205E-13  0.4215E-13  0.3472E-13  0.2903E-13
  0.2459E-13  0.1819E-13  0.1395E-13  0.7930E-14  0.4990E-14
  0.3377E-14  0.2413E-14  0.1795E-14  0.1388E-14  0.5027E-15
  0.2435E-15  0.1390E-15  0.8285E-16  0.5270E-16  0.3878E-16
  0.2248E-16  0.7129E-17  0.5200E-28  0.5793E-10  0.5782E-10
  0.5750E-10  0.5696E-10  0.5622E-10  0.5528E-10  0.5416E-10
  0.5140E-10  0.4807E-10  0.4331E-10  0.3816E-10  0.3290E-10
  0.2777E-10  0.1864E-10  0.1168E-10  0.6957E-11  0.4050E-11
  0.1493E-11  0.7320E-12  0.4488E-12  0.3040E-12  0.2178E-12
  0.1628E-12  0.1258E-12  0.9971E-13  0.8073E-13  0.6651E-13
  0.5561E-13  0.4708E-13  0.3484E-13  0.2672E-13  0.1518E-13
  0.9555E-14  0.6466E-14  0.4619E-14  0.3436E-14  0.2658E-14
  0.9625E-15  0.4661E-15  0.2661E-15  0.1587E-15  0.1011E-15
  0.7419E-16  0.4291E-16  0.1361E-16  0.9763E-28  0.9394E-10
  0.9377E-10  0.9326E-10  0.9242E-10  0.9126E-10  0.8978E-10
  0.8802E-10  0.8369E-10  0.7844E-10  0.7093E-10  0.6277E-10
  0.5440E-10  0.4620E-10  0.3147E-10  0.2007E-10  0.1220E-10
  0.7252E-11  0.2771E-11  0.1384E-11  0.8562E-12  0.5823E-12
  0.4175E-12  0.3120E-12  0.2410E-12  0.1910E-12  0.1547E-12
  0.1274E-12  0.1065E-12  0.9018E-13  0.6673E-13  0.5117E-13
  0.2908E-13  0.1830E-13  0.1238E-13  0.8845E-14  0.6580E-14
  0.5089E-14  0.1843E-14  0.8926E-15  0.5096E-15  0.3042E-15
  0.1938E-15  0.1419E-15  0.8190E-16  0.2597E-16  0.1833E-27
  0.1521E-09  0.1519E-09  0.1511E-09  0.1498E-09  0.1479E-09
  0.1456E-09  0.1429E-09  0.1361E-09  0.1279E-09  0.1161E-09
  0.1032E-09  0.8993E-10  0.7686E-10  0.5317E-10  0.3453E-10
  0.2141E-10  0.1298E-10  0.5086E-11  0.2553E-11  0.1597E-11
  0.1103E-11  0.7976E-12  0.5976E-12  0.4618E-12  0.3661E-12
  0.2963E-12  0.2441E-12  0.2041E-12  0.1728E-12  0.1278E-12
  0.9803E-13  0.5570E-13  0.3505E-13  0.2372E-13  0.1694E-13
  0.1260E-13  0.9747E-14  0.3530E-14  0.1710E-14  0.9759E-15
  0.5829E-15  0.3718E-15  0.2716E-15  0.1564E-15  0.4959E-16
  0.3436E-27  0.2462E-09  0.2458E-09  0.2446E-09  0.2425E-09
  0.2397E-09  0.2361E-09  0.2318E-09  0.2213E-09  0.2084E-09
  0.1899E-09  0.1697E-09  0.1487E-09  0.1280E-09  0.8994E-10
  0.5954E-10  0.3768E-10  0.2331E-10  0.9361E-11  0.4715E-11
  0.2978E-11  0.2089E-11  0.1526E-11  0.1147E-11  0.8863E-12
  0.7025E-12  0.5687E-12  0.4684E-12  0.3915E-12  0.3315E-12
  0.2452E-12  0.1881E-12  0.1068E-12  0.6723E-13  0.4549E-13
  0.3250E-13  0.2417E-13  0.1870E-13  0.6771E-14  0.3279E-14
  0.1872E-14  0.1119E-14  0.7143E-15  0.5206E-15  0.2989E-15
  0.9481E-16  0.6445E-27  0.3989E-09  0.3982E-09  0.3963E-09
  0.3932E-09  0.3888E-09  0.3832E-09  0.3766E-09  0.3602E-09
  0.3402E-09  0.3113E-09  0.2796E-09  0.2465E-09  0.2136E-09
  0.1527E-09  0.1031E-09  0.6670E-10  0.4218E-10  0.1745E-10
  0.8812E-11  0.5571E-11  0.3954E-11  0.2921E-11  0.2207E-11
  0.1708E-11  0.1354E-11  0.1096E-11  0.9026E-12  0.7544E-12
  0.6387E-12  0.4725E-12  0.3623E-12  0.2058E-12  0.1295E-12
  0.8763E-13  0.6260E-13  0.4657E-13  0.3602E-13  0.1304E-13
  0.6316E-14  0.3606E-14  0.2157E-14  0.1378E-14  0.1002E-14
  0.5739E-15  0.1820E-15  0.1213E-26  0.6466E-09  0.6456E-09
  0.6427E-09  0.6378E-09  0.6311E-09  0.6225E-09  0.6122E-09
  0.5868E-09  0.5557E-09  0.5108E-09  0.4611E-09  0.4092E-09
  0.3571E-09  0.2597E-09  0.1790E-09  0.1185E-09  0.7664E-10
  0.3282E-10  0.1670E-10  0.1055E-10  0.7551E-11  0.5625E-11
  0.4265E-11  0.3304E-11  0.2619E-11  0.2119E-11  0.1745E-11
  0.1459E-11  0.1235E-11  0.9135E-12  0.7005E-12  0.3979E-12
  0.2504E-12  0.1694E-12  0.1210E-12  0.9001E-13  0.6962E-13
  0.2521E-13  0.1221E-13  0.6970E-14  0.4172E-14  0.2668E-14
  0.1935E-14  0.1106E-14  0.3507E-15  0.2288E-26  0.1050E-08
  0.1049E-08  0.1044E-08  0.1037E-08  0.1026E-08  0.1013E-08
  0.9972E-09  0.9579E-09  0.9099E-09  0.8400E-09  0.7626E-09
  0.6810E-09  0.5988E-09  0.4432E-09  0.3120E-09  0.2114E-09
  0.1401E-09  0.6222E-10  0.3179E-10  0.1981E-10  0.1415E-10
  0.1068E-10  0.8217E-11  0.6411E-11  0.5092E-11  0.4122E-11
  0.3394E-11  0.2837E-11  0.2401E-11  0.1776E-11  0.1362E-11
  0.7736E-12  0.4867E-12  0.3293E-12  0.2352E-12  0.1750E-12
  0.1353E-12  0.4901E-13  0.2373E-13  0.1355E-13  0.8117E-14
  0.5196E-14  0.3759E-14  0.2142E-14  0.6793E-15  0.4333E-26
  0.1710E-08  0.1708E-08  0.1701E-08  0.1690E-08  0.1674E-08
  0.1653E-08  0.1629E-08  0.1568E-08  0.1494E-08  0.1386E-08
  0.1265E-08  0.1137E-08  0.1008E-08  0.7597E-09  0.5465E-09
  0.3793E-09  0.2576E-09  0.1189E-09  0.6101E-10  0.3718E-10
  0.2623E-10  0.2007E-10  0.1577E-10  0.1248E-10  0.9956E-11
  0.8066E-11  0.6642E-11  0.5551E-11  0.4698E-11  0.3475E-11
  0.2664E-11  0.1513E-11  0.9520E-12  0.6441E-12  0.4601E-12
  0.3422E-12  0.2647E-12  0.9587E-13  0.4642E-13  0.2650E-13
  0.1589E-13  0.1018E-13  0.7346E-14  0.4175E-14  0.1324E-14
  0.8246E-26  0.2792E-08  0.2789E-08  0.2778E-08  0.2760E-08
  0.2736E-08  0.2705E-08  0.2667E-08  0.2574E-08  0.2460E-08
  0.2292E-08  0.2105E-08  0.1905E-08  0.1702E-08  0.1307E-08
  0.9609E-09  0.6833E-09  0.4758E-09  0.2289E-09  0.1191E-09
  0.7129E-10  0.4901E-10  0.3714E-10  0.2958E-10  0.2393E-10
  0.1942E-10  0.1585E-10  0.1307E-10  0.1093E-10  0.9250E-11
  0.6841E-11  0.5245E-11  0.2979E-11  0.1874E-11  0.1268E-11
  0.9055E-12  0.6736E-12  0.5210E-12  0.1887E-12  0.9136E-13
  0.5215E-13  0.3129E-13  0.2007E-13  0.1445E-13  0.8188E-14
  0.2597E-14  0.1577E-25  0.4569E-08  0.4564E-08  0.4548E-08
  0.4521E-08  0.4483E-08  0.4435E-08  0.4378E-08  0.4236E-08
  0.4060E-08  0.3802E-08  0.3512E-08  0.3201E-08  0.2881E-08
  0.2255E-08  0.1695E-08  0.1235E-08  0.8817E-09  0.4431E-09
  0.2353E-09  0.1398E-09  0.9355E-10  0.6931E-10  0.5520E-10
  0.4557E-10  0.3783E-10  0.3128E-10  0.2591E-10  0.2168E-10
  0.1835E-10  0.1357E-10  0.1040E-10  0.5906E-11  0.3715E-11
  0.2514E-11  0.1795E-11  0.1335E-11  0.1033E-11  0.3741E-12
  0.1811E-12  0.1034E-12  0.6210E-13  0.3987E-13  0.2862E-13
  0.1617E-13  0.5130E-14  0.3029E-25  0.7508E-08  0.7500E-08
  0.7476E-08  0.7434E-08  0.7377E-08  0.7304E-08  0.7217E-08
  0.6999E-08  0.6730E-08  0.6333E-08  0.5885E-08  0.5401E-08
  0.4901E-08  0.3907E-08  0.3002E-08  0.2241E-08  0.1640E-08
  0.8623E-09  0.4706E-09  0.2804E-09  0.1846E-09  0.1332E-09
  0.1039E-09  0.8559E-10  0.7226E-10  0.6112E-10  0.5146E-10
  0.4334E-10  0.3675E-10  0.2718E-10  0.2083E-10  0.1183E-10
  0.7441E-11  0.5034E-11  0.3596E-11  0.2675E-11  0.2069E-11
  0.7493E-12  0.3628E-12  0.2071E-12  0.1245E-12  0.8000E-13
  0.5726E-13  0.3227E-13  0.1024E-13  0.5861E-25  0.1243E-07
  0.1241E-07  0.1238E-07  0.1231E-07  0.1223E-07  0.1212E-07
  0.1198E-07  0.1165E-07  0.1124E-07  0.1063E-07  0.9935E-08
  0.9183E-08  0.8400E-08  0.6824E-08  0.5360E-08  0.4098E-08
  0.3075E-08  0.1692E-08  0.9526E-09  0.5741E-09  0.3757E-09
  0.2656E-09  0.2016E-09  0.1630E-09  0.1382E-09  0.1194E-09
  0.1028E-09  0.8763E-10  0.7460E-10  0.5521E-10  0.4232E-10
  0.2403E-10  0.1511E-10  0.1022E-10  0.7302E-11  0.5432E-11
  0.4201E-11  0.1522E-11  0.7366E-12  0.4205E-12  0.2530E-12
  0.1628E-12  0.1162E-12  0.6528E-13  0.2071E-13  0.1147E-24
  0.2079E-07  0.2077E-07  0.2071E-07  0.2061E-07  0.2048E-07
  0.2031E-07  0.2011E-07  0.1960E-07  0.1897E-07  0.1803E-07
  0.1695E-07  0.1578E-07  0.1455E-07  0.1205E-07  0.9672E-08
  0.7573E-08  0.5824E-08  0.3355E-08  0.1955E-08  0.1199E-08
  0.7859E-09  0.5501E-09  0.4090E-09  0.3223E-09  0.2680E-09
  0.2318E-09  0.2034E-09  0.1776E-09  0.1536E-09  0.1143E-09
  0.8755E-10  0.4971E-10  0.3126E-10  0.2115E-10  0.1510E-10
  0.1123E-10  0.8690E-11  0.3147E-11  0.1523E-11  0.8696E-12
  0.5237E-12  0.3373E-12  0.2401E-12  0.1345E-12  0.4266E-13
  0.2277E-24  0.3525E-07  0.3523E-07  0.3514E-07  0.3499E-07
  0.3479E-07  0.3453E-07  0.3422E-07  0.3343E-07  0.3246E-07
  0.3101E-07  0.2934E-07  0.2751E-07  0.2557E-07  0.2157E-07
  0.1769E-07  0.1418E-07  0.1117E-07  0.6741E-08  0.4074E-08
  0.2554E-08  0.1687E-08  0.1178E-08  0.8656E-09  0.6672E-09
  0.5387E-09  0.4539E-09  0.3946E-09  0.3489E-09  0.3096E-09
  0.2404E-09  0.1854E-09  0.1052E-09  0.6618E-10  0.4477E-10
  0.3197E-10  0.2378E-10  0.1840E-10  0.6662E-11  0.3225E-11
  0.1841E-11  0.1110E-11  0.7155E-12  0.5077E-12  0.2834E-12
  0.8992E-13  0.4603E-24  0.6074E-07  0.6070E-07  0.6056E-07
  0.6034E-07  0.6002E-07  0.5962E-07  0.5914E-07  0.5794E-07
  0.5643E-07  0.5417E-07  0.5157E-07  0.4869E-07  0.4562E-07
  0.3918E-07  0.3281E-07  0.2690E-07  0.2171E-07  0.1372E-07
  0.8621E-08  0.5547E-08  0.3714E-08  0.2603E-08  0.1906E-08
  0.1452E-08  0.1147E-08  0.9394E-09  0.7949E-09  0.6939E-09
  0.6213E-09  0.5078E-09  0.4025E-09  0.2287E-09  0.1438E-09
  0.9727E-10  0.6946E-10  0.5167E-10  0.3997E-10  0.1448E-10
  0.7007E-11  0.4000E-11  0.2413E-11  0.1558E-11  0.1102E-11
  0.6131E-12  0.1945E-12  0.9492E-24  0.1064E-06  0.1063E-06
  0.1061E-06  0.1057E-06  0.1053E-06  0.1047E-06  0.1039E-06
  0.1020E-06  0.9970E-07  0.9617E-07  0.9209E-07  0.8753E-07
  0.8265E-07  0.7225E-07  0.6175E-07  0.5176E-07  0.4273E-07
  0.2829E-07  0.1851E-07  0.1227E-07  0.8365E-08  0.5913E-08
  0.4335E-08  0.3290E-08  0.2574E-08  0.2072E-08  0.1714E-08
  0.1458E-08  0.1276E-08  0.1044E-08  0.8737E-09  0.5121E-09
  0.3212E-09  0.2173E-09  0.1552E-09  0.1154E-09  0.8928E-10
  0.3234E-10  0.1565E-10  0.8934E-11  0.5396E-11  0.3489E-11
  0.2459E-11  0.1363E-11  0.4325E-12  0.1998E-23  0.1894E-06
  0.1893E-06  0.1890E-06  0.1885E-06  0.1877E-06  0.1867E-06
  0.1856E-06  0.1827E-06  0.1790E-06  0.1735E-06  0.1671E-06
  0.1599E-06  0.1521E-06  0.1352E-06  0.1178E-06  0.1009E-06
  0.8514E-07  0.5898E-07  0.4022E-07  0.2756E-07  0.1922E-07
  0.1376E-07  0.1015E-07  0.7708E-08  0.6014E-08  0.4806E-08
  0.3925E-08  0.3275E-08  0.2794E-08  0.2178E-08  0.1812E-08
  0.1159E-08  0.7386E-09  0.4996E-09  0.3567E-09  0.2653E-09
  0.2053E-09  0.7434E-10  0.3598E-10  0.2054E-10  0.1242E-10
  0.8040E-11  0.5647E-11  0.3118E-11  0.9893E-12  0.4291E-23
  0.3433E-06  0.3431E-06  0.3426E-06  0.3417E-06  0.3406E-06
  0.3391E-06  0.3373E-06  0.3328E-06  0.3271E-06  0.3185E-06
  0.3083E-06  0.2968E-06  0.2843E-06  0.2570E-06  0.2281E-06
  0.1993E-06  0.1719E-06  0.1244E-06  0.8844E-07  0.6276E-07
  0.4495E-07  0.3276E-07  0.2441E-07  0.1863E-07  0.1455E-07
  0.1161E-07  0.9446E-08  0.7820E-08  0.6586E-08  0.4920E-08
  0.3956E-08  0.2745E-08  0.1757E-08  0.1185E-08  0.8461E-09
  0.6294E-09  0.4869E-09  0.1763E-09  0.8533E-10  0.4871E-10
  0.2949E-10  0.1912E-10  0.1338E-10  0.7357E-11  0.2335E-11
  0.9429E-23  0.6354E-06  0.6351E-06  0.6344E-06  0.6331E-06
  0.6313E-06  0.6290E-06  0.6262E-06  0.6192E-06  0.6104E-06
  0.5969E-06  0.5809E-06  0.5627E-06  0.5427E-06  0.4983E-06
  0.4503E-06  0.4012E-06  0.3533E-06  0.2668E-06  0.1975E-06
  0.1454E-06  0.1074E-06  0.8009E-07  0.6061E-07  0.4667E-07
  0.3661E-07  0.2926E-07  0.2381E-07  0.1968E-07  0.1650E-07
  0.1207E-07  0.9359E-08  0.6124E-08  0.4335E-08  0.2933E-08
  0.2088E-08  0.1553E-08  0.1202E-08  0.4352E-09  0.2106E-09
  0.1202E-09  0.7288E-10  0.4733E-10  0.3298E-10  0.1806E-10
  0.5731E-11  0.2130E-22  0.1209E-05  0.1208E-05  0.1207E-05
  0.1205E-05  0.1202E-05  0.1199E-05  0.1194E-05  0.1184E-05
  0.1170E-05  0.1149E-05  0.1124E-05  0.1095E-05  0.1063E-05
  0.9904E-06  0.9104E-06  0.8263E-06  0.7420E-06  0.5837E-06
  0.4501E-06  0.3442E-06  0.2629E-06  0.2016E-06  0.1558E-06
  0.1219E-06  0.9650E-07  0.7751E-07  0.6317E-07  0.5224E-07
  0.4378E-07  0.3184E-07  0.2417E-07  0.1421E-07  0.1005E-07
  0.7654E-08  0.5444E-08  0.4035E-08  0.3122E-08  0.1131E-08
  0.5471E-09  0.3122E-09  0.1896E-09  0.1233E-09  0.8558E-10
  0.4663E-10  0.1480E-10  0.4982E-22  0.2392E-05  0.2391E-05
  0.2389E-05  0.2386E-05  0.2382E-05  0.2377E-05  0.2370E-05
  0.2353E-05  0.2332E-05  0.2299E-05  0.2259E-05  0.2213E-05
  0.2162E-05  0.2043E-05  0.1909E-05  0.1763E-05  0.1614E-05
  0.1321E-05  0.1061E-05  0.8434E-06  0.6677E-06  0.5285E-06
  0.4196E-06  0.3352E-06  0.2698E-06  0.2192E-06  0.1798E-06
  0.1491E-06  0.1251E-06  0.9090E-07  0.6874E-07  0.3835E-07
  0.2480E-07  0.1890E-07  0.1538E-07  0.1160E-07  0.8758E-08
  0.3156E-08  0.1527E-08  0.8715E-09  0.5300E-09  0.3454E-09
  0.2386E-09  0.1293E-09  0.4106E-10  0.1225E-21  0.4974E-05
  0.4973E-05  0.4971E-05  0.4966E-05  0.4959E-05  0.4951E-05
  0.4941E-05  0.4915E-05  0.4882E-05  0.4830E-05  0.4768E-05
  0.4695E-05  0.4613E-05  0.4418E-05  0.4192E-05  0.3940E-05
  0.3672E-05  0.3125E-05  0.2609E-05  0.2156E-05  0.1771E-05
  0.1451E-05  0.1188E-05  0.9744E-06  0.8017E-06  0.6632E-06
  0.5520E-06  0.4627E-06  0.3906E-06  0.2848E-06  0.2149E-06
  0.1185E-06  0.7314E-07  0.5105E-07  0.4014E-07  0.3104E-07
  0.2711E-07  0.9648E-08  0.4660E-08  0.2659E-08  0.1620E-08
  0.1058E-08  0.7271E-09  0.3920E-09  0.1244E-09  0.3210E-21
  0.1099E-04  0.1099E-04  0.1098E-04  0.1098E-04  0.1097E-04
  0.1095E-04  0.1094E-04  0.1090E-04  0.1085E-04  0.1077E-04
  0.1067E-04  0.1056E-04  0.1043E-04  0.1011E-04  0.9728E-05
  0.9290E-05  0.8811E-05  0.7783E-05  0.6750E-05  0.5787E-05
  0.4928E-05  0.4183E-05  0.3544E-05  0.3000E-05  0.2539E-05
  0.2151E-05  0.1826E-05  0.1556E-05  0.1333E-05  0.9920E-06
  0.7550E-06  0.4146E-06  0.2541E-06  0.1696E-06  0.1224E-06
  0.9215E-07  0.7832E-07  0.3266E-07  0.1587E-07  0.9056E-08
  0.5527E-08  0.3617E-08  0.2473E-08  0.1325E-08  0.4207E-09
  0.9073E-21  0.2577E-04  0.2577E-04  0.2576E-04  0.2575E-04
  0.2574E-04  0.2572E-04  0.2569E-04  0.2564E-04  0.2556E-04
  0.2544E-04  0.2530E-04  0.2512E-04  0.2492E-04  0.2441E-04
  0.2378E-04  0.2303E-04  0.2218E-04  0.2027E-04  0.1822E-04
  0.1618E-04  0.1426E-04  0.1250E-04  0.1094E-04  0.9558E-05
  0.8346E-05  0.7282E-05  0.6350E-05  0.5539E-05  0.4836E-05
  0.3711E-05  0.2886E-05  0.1624E-05  0.9894E-06  0.6565E-06
  0.4601E-06  0.3379E-06  0.2669E-06  0.1313E-06  0.6014E-07
  0.3424E-07  0.2094E-07  0.1374E-07  0.9338E-08  0.4970E-08
  0.1579E-08  0.2766E-20  0.6458E-04  0.6458E-04  0.6457E-04
  0.6455E-04  0.6454E-04  0.6451E-04  0.6448E-04  0.6440E-04
  0.6430E-04  0.6413E-04  0.6392E-04  0.6367E-04  0.6337E-04
  0.6260E-04  0.6160E-04  0.6036E-04  0.5889E-04  0.5539E-04
  0.5137E-04  0.4715E-04  0.4291E-04  0.3882E-04  0.3496E-04
  0.3141E-04  0.2819E-04  0.2530E-04  0.2269E-04  0.2035E-04
  0.1824E-04  0.1463E-04  0.1178E-04  0.6993E-05  0.4379E-05
  0.2877E-05  0.2005E-05  0.1471E-05  0.1124E-05  0.4565E-06
  0.2736E-06  0.1452E-06  0.8879E-07  0.5840E-07  0.3945E-07
  0.2085E-07  0.6624E-08  0.9122E-20  0.1781E-03  0.1781E-03
  0.1781E-03  0.1781E-03  0.1780E-03  0.1780E-03  0.1780E-03
  0.1779E-03  0.1778E-03  0.1775E-03  0.1773E-03  0.1769E-03
  0.1765E-03  0.1754E-03  0.1739E-03  0.1719E-03  0.1694E-03
  0.1632E-03  0.1554E-03  0.1465E-03  0.1372E-03  0.1277E-03
  0.1184E-03  0.1093E-03  0.1006E-03  0.9246E-04  0.8484E-04
  0.7785E-04  0.7146E-04  0.6023E-04  0.5070E-04  0.3277E-04
  0.2148E-04  0.1467E-04  0.1029E-04  0.7473E-05  0.5688E-05
  0.1998E-05  0.1082E-05  0.7704E-06  0.4375E-06  0.2879E-06
  0.1932E-06  0.1013E-06  0.3220E-07  0.3354E-19  0.5462E-03
  0.5461E-03  0.5462E-03  0.5461E-03  0.5461E-03  0.5460E-03
  0.5460E-03  0.5459E-03  0.5458E-03  0.5455E-03  0.5452E-03
  0.5447E-03  0.5442E-03  0.5427E-03  0.5406E-03  0.5376E-03
  0.5337E-03  0.5229E-03  0.5080E-03  0.4896E-03  0.4685E-03
  0.4460E-03  0.4228E-03  0.3997E-03  0.3768E-03  0.3543E-03
  0.3323E-03  0.3111E-03  0.2907E-03  0.2537E-03  0.2217E-03
  0.1579E-03  0.1115E-03  0.7944E-04  0.5787E-04  0.4314E-04
  0.3291E-04  0.1129E-04  0.5343E-05  0.3419E-05  0.2619E-05
  0.1608E-05  0.1069E-05  0.5560E-06  0.1768E-06  0.1371E-18
  0.1868E-02  0.1868E-02  0.1868E-02  0.1868E-02  0.1868E-02
  0.1868E-02  0.1868E-02  0.1868E-02  0.1868E-02  0.1867E-02
  0.1867E-02  0.1866E-02  0.1866E-02  0.1864E-02  0.1861E-02
  0.1857E-02  0.1851E-02  0.1834E-02  0.1806E-02  0.1769E-02
  0.1721E-02  0.1665E-02  0.1605E-02  0.1542E-02  0.1478E-02
  0.1415E-02  0.1351E-02  0.1289E-02  0.1227E-02  0.1106E-02
  0.9928E-03  0.7579E-03  0.5765E-03  0.4363E-03  0.3306E-03
  0.2529E-03  0.1990E-03  0.6963E-04  0.3248E-04  0.1830E-04
  0.1264E-04  0.1035E-04  0.6415E-05  0.3301E-05  0.1050E-05
  0.6123E-18  0.7140E-02  0.7140E-02  0.7140E-02  0.7140E-02
  0.7140E-02  0.7139E-02  0.7139E-02  0.7139E-02  0.7140E-02
  0.7138E-02  0.7138E-02  0.7138E-02  0.7137E-02  0.7134E-02
  0.7132E-02  0.7125E-02  0.7117E-02  0.7091E-02  0.7043E-02
  0.6968E-02  0.6860E-02  0.6722E-02  0.6558E-02  0.6376E-02
  0.6183E-02  0.5985E-02  0.5785E-02  0.5586E-02  0.5387E-02
  0.4992E-02  0.4597E-02  0.3684E-02  0.2958E-02  0.2365E-02
  0.1880E-02  0.1491E-02  0.1198E-02  0.4449E-03  0.2095E-03
  0.1156E-03  0.7095E-04  0.5244E-04  0.4237E-04  0.2043E-04
  0.6499E-05  0.2958E-17  0.2953E-01  0.2953E-01  0.2953E-01
  0.2953E-01  0.2953E-01  0.2953E-01  0.2953E-01  0.2953E-01
  0.2953E-01  0.2953E-01  0.2953E-01  0.2952E-01  0.2952E-01
  0.2952E-01  0.2951E-01  0.2950E-01  0.2949E-01  0.2945E-01
  0.2938E-01  0.2925E-01  0.2902E-01  0.2870E-01  0.2826E-01
  0.2773E-01  0.2713E-01  0.2648E-01  0.2580E-01  0.2511E-01
  0.2442E-01  0.2303E-01  0.2165E-01  0.1825E-01  0.1510E-01
  0.1255E-01  0.1041E-01  0.8582E-02  0.7089E-02  0.2844E-02
  0.1323E-02  0.7399E-03  0.4461E-03  0.2964E-03  0.2129E-03
  0.1355E-03  0.4022E-04  0.1518E-16  0.1163E+00  0.1163E+00
  0.1163E+00  0.1163E+00  0.1163E+00  0.1163E+00  0.1163E+00
  0.1163E+00  0.1163E+00  0.1163E+00  0.1163E+00  0.1163E+00
  0.1163E+00  0.1163E+00  0.1163E+00  0.1162E+00  0.1162E+00
  0.1161E+00  0.1160E+00  0.1159E+00  0.1156E+00  0.1150E+00
  0.1142E+00  0.1130E+00  0.1115E+00  0.1098E+00  0.1078E+00
  0.1057E+00  0.1035E+00  0.9901E-01  0.9446E-01  0.8316E-01
  0.7217E-01  0.6188E-01  0.5289E-01  0.4536E-01  0.3892E-01
  0.1759E-01  0.8657E-02  0.4716E-02  0.2876E-02  0.1884E-02
  0.1216E-02  0.6714E-03  0.2684E-03  0.8287E-16  0.3579E+00
  0.3579E+00  0.3579E+00  0.3579E+00  0.3579E+00  0.3579E+00
  0.3579E+00  0.3579E+00  0.3579E+00  0.3578E+00  0.3578E+00
  0.3578E+00  0.3578E+00  0.3577E+00  0.3576E+00  0.3575E+00
  0.3574E+00  0.3572E+00  0.3570E+00  0.3568E+00  0.3566E+00
  0.3560E+00  0.3550E+00  0.3535E+00  0.3514E+00  0.3485E+00
  0.3451E+00  0.3411E+00  0.3365E+00  0.3264E+00  0.3156E+00
  0.2877E+00  0.2594E+00  0.2320E+00  0.2066E+00  0.1830E+00
  0.1616E+00  0.8717E-01  0.4746E-01  0.2755E-01  0.1685E-01
  0.1097E-01  0.7044E-02  0.3538E-02  0.1206E-02  0.4403E-15
  0.8567E+00  0.8566E+00  0.8566E+00  0.8566E+00  0.8566E+00
  0.8566E+00  0.8566E+00  0.8566E+00  0.8567E+00  0.8565E+00
  0.8565E+00  0.8564E+00  0.8564E+00  0.8562E+00  0.8560E+00
  0.8556E+00  0.8554E+00  0.8548E+00  0.8542E+00  0.8539E+00
  0.8535E+00  0.8530E+00  0.8521E+00  0.8508E+00  0.8487E+00
  0.8458E+00  0.8419E+00  0.8371E+00  0.8311E+00  0.8166E+00
  0.7990E+00  0.7485E+00  0.6948E+00  0.6407E+00  0.5880E+00
  0.5372E+00  0.4897E+00  0.3027E+00  0.1875E+00  0.1181E+00
  0.7589E-01  0.5130E-01  0.3279E-01  0.1606E-01  0.5132E-02
  0.2008E-14  0.1681E+01  0.1681E+01  0.1681E+01  0.1681E+01
  0.1681E+01  0.1681E+01  0.1681E+01  0.1681E+01  0.1681E+01
  0.1681E+01  0.1681E+01  0.1681E+01  0.1681E+01  0.1680E+01
  0.1680E+01  0.1679E+01  0.1679E+01  0.1678E+01  0.1677E+01
  0.1676E+01  0.1675E+01  0.1674E+01  0.1673E+01  0.1671E+01
  0.1669E+01  0.1667E+01  0.1663E+01  0.1659E+01  0.1653E+01
  0.1638E+01  0.1617E+01  0.1549E+01  0.1468E+01  0.1384E+01
  0.1298E+01  0.1213E+01  0.1131E+01  0.7797E+00  0.5317E+00
  0.3656E+00  0.2513E+00  0.1768E+00  0.1166E+00  0.5858E-01
  0.1843E-01  0.7475E-14  0.2943E+01  0.2943E+01  0.2943E+01
  0.2943E+01  0.2943E+01  0.2943E+01  0.2943E+01  0.2943E+01
  0.2943E+01  0.2943E+01  0.2943E+01  0.2942E+01  0.2942E+01
  0.2942E+01  0.2941E+01  0.2940E+01  0.2940E+01  0.2938E+01
  0.2936E+01  0.2934E+01  0.2933E+01  0.2931E+01  0.2929E+01
  0.2927E+01  0.2925E+01  0.2922E+01  0.2918E+01  0.2914E+01
  0.2908E+01  0.2894E+01  0.2875E+01  0.2801E+01  0.2699E+01
  0.2584E+01  0.2465E+01  0.2342E+01  0.2220E+01  0.1662E+01
  0.1223E+01  0.9014E+00  0.6619E+00  0.4902E+00  0.3352E+00
  0.1768E+00  0.5697E-01  0.2389E-13  0.4803E+01  0.4803E+01
  0.4803E+01  0.4803E+01  0.4803E+01  0.4803E+01  0.4803E+01
  0.4803E+01  0.4803E+01  0.4803E+01  0.4803E+01  0.4802E+01
  0.4803E+01  0.4801E+01  0.4801E+01  0.4800E+01  0.4799E+01
  0.4796E+01  0.4793E+01  0.4790E+01  0.4788E+01  0.4786E+01
  0.4783E+01  0.4780E+01  0.4777E+01  0.4773E+01  0.4769E+01
  0.4764E+01  0.4758E+01  0.4743E+01  0.4725E+01  0.4654E+01
  0.4544E+01  0.4404E+01  0.4250E+01  0.4091E+01  0.3928E+01
  0.3132E+01  0.2450E+01  0.1906E+01  0.1473E+01  0.1145E+01
  0.8151E+00  0.4560E+00  0.1516E+00  0.6716E-13  0.7491E+01
  0.7491E+01  0.7490E+01  0.7489E+01  0.7489E+01  0.7489E+01
  0.7489E+01  0.7490E+01  0.7491E+01  0.7490E+01  0.7490E+01
  0.7490E+01  0.7490E+01  0.7487E+01  0.7488E+01  0.7485E+01
  0.7484E+01  0.7481E+01  0.7476E+01  0.7473E+01  0.7469E+01
  0.7466E+01  0.7462E+01  0.7459E+01  0.7454E+01  0.7450E+01
  0.7444E+01  0.7438E+01  0.7431E+01  0.7414E+01  0.7394E+01
  0.7326E+01  0.7219E+01  0.7069E+01  0.6886E+01  0.6688E+01
  0.6482E+01  0.5435E+01  0.4457E+01  0.3627E+01  0.2918E+01
  0.2357E+01  0.1741E+01  0.1037E+01  0.3586E+00  0.1708E-12
