                        3167.   5.23   0.20   0.09
    50   0.0   0.0    1.0000  0.0001
  46
      8545.387      8545.397      8545.407      8545.417      8545.427
      8545.437      8545.447      8545.467      8545.487      8545.512
      8545.537      8545.562      8545.587      8545.637      8545.687
      8545.737      8545.787      8545.887      8545.987      8546.087
      8546.187      8546.287      8546.387      8546.487      8546.587
      8546.687      8546.787      8546.887      8546.987      8547.187
      8547.387      8547.887      8548.387      8548.887      8549.387
      8549.887      8550.387      8552.887      8555.387      8557.887
      8560.387      8562.887      8565.387      8570.387      8575.387
      8580.387
 -0.3545E-13 -0.3541E-13 -0.3528E-13 -0.3506E-13 -0.3476E-13
 -0.3437E-13 -0.3390E-13 -0.3272E-13 -0.3124E-13 -0.2901E-13
 -0.2645E-13 -0.2367E-13 -0.2077E-13 -0.1508E-13 -0.1018E-13
 -0.6464E-14 -0.3960E-14 -0.1528E-14 -0.7300E-15 -0.4327E-15
 -0.2895E-15 -0.2072E-15 -0.1551E-15 -0.1199E-15 -0.9519E-16
 -0.7712E-16 -0.6357E-16 -0.5317E-16 -0.4504E-16 -0.3334E-16
 -0.2558E-16 -0.1454E-16 -0.9153E-17 -0.6195E-17 -0.4426E-17
 -0.3293E-17 -0.2547E-17 -0.9223E-18 -0.4468E-18 -0.2551E-18
 -0.1513E-18 -0.9566E-19 -0.7155E-19 -0.4215E-19 -0.1336E-19
 -0.8081E-31  0.2304E-13  0.2295E-13  0.2267E-13  0.2221E-13
  0.2159E-13  0.2081E-13  0.1988E-13  0.1767E-13  0.1510E-13
  0.1166E-13  0.8233E-14  0.5095E-14  0.2434E-14 -0.1140E-14
 -0.2588E-14 -0.2660E-14 -0.2150E-14 -0.1087E-14 -0.5589E-15
 -0.3342E-15 -0.2236E-15 -0.1599E-15 -0.1197E-15 -0.9255E-16
 -0.7344E-16 -0.5950E-16 -0.4904E-16 -0.4101E-16 -0.3474E-16
 -0.2572E-16 -0.1973E-16 -0.1121E-16 -0.7059E-17 -0.4777E-17
 -0.3413E-17 -0.2539E-17 -0.1964E-17 -0.7112E-18 -0.3445E-18
 -0.1967E-18 -0.1168E-18 -0.7391E-19 -0.5511E-19 -0.3237E-19
 -0.1027E-19 -0.6046E-31  0.1150E-12  0.1147E-12  0.1138E-12
  0.1123E-12  0.1103E-12  0.1076E-12  0.1046E-12  0.9706E-13
  0.8820E-13  0.7592E-13  0.6317E-13  0.5077E-13  0.3940E-13
  0.2124E-13  0.9731E-14  0.3608E-14  0.8948E-15 -0.3043E-15
 -0.2435E-15 -0.1515E-15 -0.1013E-15 -0.7229E-16 -0.5403E-16
 -0.4174E-16 -0.3311E-16 -0.2681E-16 -0.2209E-16 -0.1847E-16
 -0.1564E-16 -0.1157E-16 -0.8878E-17 -0.5045E-17 -0.3175E-17
 -0.2149E-17 -0.1535E-17 -0.1142E-17 -0.8832E-18 -0.3198E-18
 -0.1549E-18 -0.8843E-19 -0.5270E-19 -0.3351E-19 -0.2466E-19
 -0.1430E-19 -0.4534E-20 -0.2317E-31  0.2613E-12  0.2607E-12
  0.2588E-12  0.2557E-12  0.2513E-12  0.2459E-12  0.2394E-12
  0.2236E-12  0.2049E-12  0.1787E-12  0.1512E-12  0.1242E-12
  0.9904E-13  0.5769E-13  0.3004E-13  0.1411E-13  0.6107E-14
  0.1107E-14  0.3424E-15  0.1897E-15  0.1272E-15  0.9136E-16
  0.6852E-16  0.5309E-16  0.4217E-16  0.3420E-16  0.2820E-16
  0.2360E-16  0.2000E-16  0.1481E-16  0.1137E-16  0.6464E-17
  0.4071E-17  0.2756E-17  0.1969E-17  0.1465E-17  0.1133E-17
  0.4103E-18  0.1988E-18  0.1135E-18  0.6691E-19  0.4197E-19
  0.3211E-19  0.1933E-19  0.6128E-20  0.4586E-31  0.4952E-12
  0.4940E-12  0.4906E-12  0.4848E-12  0.4770E-12  0.4670E-12
  0.4552E-12  0.4264E-12  0.3920E-12  0.3439E-12  0.2932E-12
  0.2430E-12  0.1959E-12  0.1174E-12  0.6372E-13  0.3181E-13
  0.1507E-13  0.3657E-14  0.1435E-14  0.8309E-15  0.5566E-15
  0.3989E-15  0.2988E-15  0.2312E-15  0.1836E-15  0.1488E-15
  0.1227E-15  0.1026E-15  0.8693E-16  0.6436E-16  0.4939E-16
  0.2808E-16  0.1768E-16  0.1197E-16  0.8550E-17  0.6361E-17
  0.4919E-17  0.1781E-17  0.8630E-18  0.4928E-18  0.2916E-18
  0.1839E-18  0.1386E-18  0.8229E-19  0.2609E-19  0.1740E-30
  0.8692E-12  0.8672E-12  0.8613E-12  0.8515E-12  0.8381E-12
  0.8211E-12  0.8009E-12  0.7515E-12  0.6927E-12  0.6100E-12
  0.5225E-12  0.4355E-12  0.3535E-12  0.2157E-12  0.1199E-12
  0.6188E-13  0.3064E-13  0.8308E-14  0.3482E-14  0.2038E-14
  0.1365E-14  0.9778E-15  0.7321E-15  0.5665E-15  0.4496E-15
  0.3644E-15  0.3004E-15  0.2512E-15  0.2128E-15  0.1576E-15
  0.1209E-15  0.6873E-16  0.4327E-16  0.2929E-16  0.2092E-16
  0.1557E-16  0.1204E-16  0.4360E-17  0.2112E-17  0.1206E-17
  0.7145E-18  0.4512E-18  0.3388E-18  0.2004E-18  0.6353E-19
  0.4121E-30  0.1468E-11  0.1465E-11  0.1455E-11  0.1439E-11
  0.1417E-11  0.1389E-11  0.1356E-11  0.1274E-11  0.1177E-11
  0.1040E-11  0.8942E-12  0.7490E-12  0.6114E-12  0.3785E-12
  0.2146E-12  0.1136E-12  0.5809E-13  0.1690E-13  0.7337E-14
  0.4315E-14  0.2890E-14  0.2069E-14  0.1549E-14  0.1198E-14
  0.9509E-15  0.7705E-15  0.6351E-15  0.5312E-15  0.4500E-15
  0.3331E-15  0.2556E-15  0.1453E-15  0.9146E-16  0.6191E-16
  0.4423E-16  0.3291E-16  0.2545E-16  0.9216E-17  0.4464E-17
  0.2549E-17  0.1511E-17  0.9553E-18  0.7155E-18  0.4221E-18
  0.1338E-18  0.8552E-30  0.2434E-11  0.2428E-11  0.2413E-11
  0.2387E-11  0.2351E-11  0.2305E-11  0.2251E-11  0.2119E-11
  0.1961E-11  0.1738E-11  0.1500E-11  0.1262E-11  0.1036E-11
  0.6504E-12  0.3754E-12  0.2033E-12  0.1069E-12  0.3291E-13
  0.1464E-13  0.8636E-14  0.5781E-14  0.4137E-14  0.3096E-14
  0.2395E-14  0.1900E-14  0.1540E-14  0.1269E-14  0.1062E-14
  0.8991E-15  0.6656E-15  0.5107E-15  0.2903E-15  0.1827E-15
  0.1237E-15  0.8836E-16  0.6574E-16  0.5084E-16  0.1841E-16
  0.8919E-17  0.5092E-17  0.3021E-17  0.1911E-17  0.1428E-17
  0.8406E-18  0.2665E-18  0.1684E-29  0.3992E-11  0.3983E-11
  0.3958E-11  0.3917E-11  0.3859E-11  0.3786E-11  0.3700E-11
  0.3488E-11  0.3234E-11  0.2875E-11  0.2492E-11  0.2106E-11
  0.1739E-11  0.1107E-11  0.6504E-12  0.3604E-12  0.1946E-12
  0.6299E-13  0.2858E-13  0.1687E-13  0.1128E-13  0.8070E-14
  0.6038E-14  0.4669E-14  0.3705E-14  0.3002E-14  0.2474E-14
  0.2069E-14  0.1753E-14  0.1297E-14  0.9952E-15  0.5657E-15
  0.3561E-15  0.2410E-15  0.1722E-15  0.1281E-15  0.9907E-16
  0.3588E-16  0.1738E-16  0.9923E-17  0.5891E-17  0.3730E-17
  0.2781E-17  0.1633E-17  0.5179E-18  0.3238E-29  0.6507E-11
  0.6493E-11  0.6453E-11  0.6387E-11  0.6296E-11  0.6180E-11
  0.6042E-11  0.5705E-11  0.5299E-11  0.4725E-11  0.4110E-11
  0.3490E-11  0.2896E-11  0.1866E-11  0.1114E-11  0.6283E-12
  0.3460E-12  0.1164E-12  0.5421E-13  0.3239E-13  0.2174E-13
  0.1556E-13  0.1164E-13  0.8998E-14  0.7139E-14  0.5783E-14
  0.4766E-14  0.3986E-14  0.3376E-14  0.2499E-14  0.1917E-14
  0.1090E-14  0.6859E-15  0.4642E-15  0.3316E-15  0.2467E-15
  0.1908E-15  0.6911E-16  0.3347E-16  0.1911E-16  0.1135E-16
  0.7194E-17  0.5352E-17  0.3136E-17  0.9945E-18  0.6135E-29
  0.1057E-10  0.1055E-10  0.1049E-10  0.1038E-10  0.1024E-10
  0.1006E-10  0.9838E-11  0.9303E-11  0.8659E-11  0.7744E-11
  0.6762E-11  0.5768E-11  0.4810E-11  0.3138E-11  0.1901E-11
  0.1091E-11  0.6119E-12  0.2135E-12  0.1022E-12  0.6190E-13
  0.4170E-13  0.2986E-13  0.2233E-13  0.1726E-13  0.1370E-13
  0.1109E-13  0.9143E-14  0.7646E-14  0.6476E-14  0.4793E-14
  0.3677E-14  0.2090E-14  0.1315E-14  0.8902E-15  0.6360E-15
  0.4731E-15  0.3659E-15  0.1325E-15  0.6419E-16  0.3665E-16
  0.2179E-16  0.1381E-16  0.1025E-16  0.5996E-17  0.1901E-17
  0.1156E-28  0.1715E-10  0.1712E-10  0.1702E-10  0.1685E-10
  0.1662E-10  0.1633E-10  0.1599E-10  0.1515E-10  0.1413E-10
  0.1268E-10  0.1111E-10  0.9526E-11  0.7988E-11  0.5282E-11
  0.3251E-11  0.1900E-11  0.1087E-11  0.3919E-12  0.1916E-12
  0.1176E-12  0.7975E-13  0.5719E-13  0.4278E-13  0.3307E-13
  0.2623E-13  0.2124E-13  0.1751E-13  0.1464E-13  0.1240E-13
  0.9176E-14  0.7039E-14  0.4000E-14  0.2518E-14  0.1704E-14
  0.1217E-14  0.9057E-15  0.7004E-15  0.2537E-15  0.1229E-15
  0.7014E-16  0.4173E-16  0.2648E-16  0.1961E-16  0.1144E-16
  0.3628E-17  0.2172E-28  0.2776E-10  0.2771E-10  0.2756E-10
  0.2730E-10  0.2694E-10  0.2649E-10  0.2595E-10  0.2462E-10
  0.2301E-10  0.2072E-10  0.1825E-10  0.1572E-10  0.1326E-10
  0.8897E-11  0.5573E-11  0.3321E-11  0.1938E-11  0.7223E-12
  0.3597E-12  0.2234E-12  0.1523E-12  0.1094E-12  0.8186E-13
  0.6327E-13  0.5018E-13  0.4064E-13  0.3349E-13  0.2800E-13
  0.2371E-13  0.1755E-13  0.1346E-13  0.7650E-14  0.4815E-14
  0.3258E-14  0.2328E-14  0.1732E-14  0.1339E-14  0.4851E-15
  0.2349E-15  0.1341E-15  0.7985E-16  0.5072E-16  0.3747E-16
  0.2181E-16  0.6916E-17  0.4076E-28  0.4489E-10  0.4480E-10
  0.4456E-10  0.4416E-10  0.4360E-10  0.4289E-10  0.4205E-10
  0.3997E-10  0.3746E-10  0.3386E-10  0.2996E-10  0.2595E-10
  0.2204E-10  0.1501E-10  0.9584E-11  0.5837E-11  0.3486E-11
  0.1351E-11  0.6849E-12  0.4273E-12  0.2917E-12  0.2094E-12
  0.1566E-12  0.1210E-12  0.9599E-13  0.7773E-13  0.6404E-13
  0.5355E-13  0.4535E-13  0.3356E-13  0.2574E-13  0.1463E-13
  0.9206E-14  0.6230E-14  0.4451E-14  0.3311E-14  0.2561E-14
  0.9274E-15  0.4491E-15  0.2564E-15  0.1528E-15  0.9712E-16
  0.7158E-16  0.4157E-16  0.1318E-16  0.7650E-28  0.7256E-10
  0.7244E-10  0.7206E-10  0.7143E-10  0.7056E-10  0.6946E-10
  0.6815E-10  0.6491E-10  0.6099E-10  0.5535E-10  0.4921E-10
  0.4288E-10  0.3666E-10  0.2538E-10  0.1652E-10  0.1028E-10
  0.6267E-11  0.2495E-11  0.1270E-11  0.7991E-12  0.5530E-12
  0.4003E-12  0.3001E-12  0.2320E-12  0.1840E-12  0.1490E-12
  0.1227E-12  0.1026E-12  0.8689E-13  0.6430E-13  0.4932E-13
  0.2802E-13  0.1764E-13  0.1193E-13  0.8526E-14  0.6343E-14
  0.4905E-14  0.1777E-14  0.8604E-15  0.4912E-15  0.2928E-15
  0.1863E-15  0.1370E-15  0.7937E-16  0.2517E-16  0.1436E-27
  0.1171E-09  0.1169E-09  0.1163E-09  0.1154E-09  0.1140E-09
  0.1123E-09  0.1103E-09  0.1053E-09  0.9916E-10  0.9037E-10
  0.8076E-10  0.7080E-10  0.6095E-10  0.4291E-10  0.2848E-10
  0.1811E-10  0.1127E-10  0.4603E-11  0.2349E-11  0.1491E-11
  0.1048E-11  0.7652E-12  0.5751E-12  0.4447E-12  0.3526E-12
  0.2855E-12  0.2352E-12  0.1966E-12  0.1665E-12  0.1232E-12
  0.9448E-13  0.5369E-13  0.3378E-13  0.2286E-13  0.1633E-13
  0.1215E-13  0.9396E-14  0.3403E-14  0.1648E-14  0.9409E-15
  0.5613E-15  0.3575E-15  0.2622E-15  0.1515E-15  0.4806E-16
  0.2693E-27  0.1887E-09  0.1884E-09  0.1875E-09  0.1860E-09
  0.1840E-09  0.1814E-09  0.1782E-09  0.1705E-09  0.1610E-09
  0.1474E-09  0.1324E-09  0.1168E-09  0.1013E-09  0.7258E-10
  0.4918E-10  0.3198E-10  0.2036E-10  0.8570E-11  0.4389E-11
  0.2792E-11  0.1983E-11  0.1462E-11  0.1103E-11  0.8533E-12
  0.6765E-12  0.5477E-12  0.4512E-12  0.3772E-12  0.3194E-12
  0.2363E-12  0.1812E-12  0.1030E-12  0.6479E-13  0.4384E-13
  0.3132E-13  0.2330E-13  0.1802E-13  0.6526E-14  0.3161E-14
  0.1804E-14  0.1077E-14  0.6867E-15  0.5025E-15  0.2897E-15
  0.9186E-16  0.5053E-27  0.3046E-09  0.3041E-09  0.3027E-09
  0.3004E-09  0.2973E-09  0.2932E-09  0.2884E-09  0.2765E-09
  0.2620E-09  0.2409E-09  0.2176E-09  0.1932E-09  0.1688E-09
  0.1231E-09  0.8518E-10  0.5669E-10  0.3693E-10  0.1603E-10
  0.8172E-11  0.5115E-11  0.3646E-11  0.2741E-11  0.2103E-11
  0.1641E-11  0.1304E-11  0.1056E-11  0.8696E-12  0.7269E-12
  0.6155E-12  0.4554E-12  0.3492E-12  0.1984E-12  0.1248E-12
  0.8447E-13  0.6034E-13  0.4489E-13  0.3472E-13  0.1257E-13
  0.6089E-14  0.3476E-14  0.2077E-14  0.1325E-14  0.9673E-15
  0.5562E-15  0.1764E-15  0.9503E-27  0.4917E-09  0.4910E-09
  0.4889E-09  0.4854E-09  0.4806E-09  0.4744E-09  0.4670E-09
  0.4488E-09  0.4264E-09  0.3939E-09  0.3579E-09  0.3199E-09
  0.2816E-09  0.2091E-09  0.1479E-09  0.1008E-09  0.6728E-10
  0.3027E-10  0.1546E-10  0.9507E-11  0.6757E-11  0.5160E-11
  0.4026E-11  0.3166E-11  0.2521E-11  0.2042E-11  0.1682E-11
  0.1406E-11  0.1190E-11  0.8807E-12  0.6753E-12  0.3837E-12
  0.2414E-12  0.1633E-12  0.1167E-12  0.8680E-13  0.6713E-13
  0.2431E-13  0.1177E-13  0.6721E-14  0.4019E-14  0.2567E-14
  0.1869E-14  0.1072E-14  0.3399E-15  0.1792E-26  0.7952E-09
  0.7941E-09  0.7909E-09  0.7856E-09  0.7782E-09  0.7688E-09
  0.7576E-09  0.7297E-09  0.6955E-09  0.6455E-09  0.5899E-09
  0.5309E-09  0.4711E-09  0.3564E-09  0.2577E-09  0.1800E-09
  0.1232E-09  0.5770E-10  0.2980E-10  0.1808E-10  0.1272E-10
  0.9775E-11  0.7732E-11  0.6136E-11  0.4902E-11  0.3972E-11
  0.3272E-11  0.2734E-11  0.2315E-11  0.1712E-11  0.1313E-11
  0.7460E-12  0.4693E-12  0.3176E-12  0.2268E-12  0.1688E-12
  0.1305E-12  0.4727E-13  0.2289E-13  0.1307E-13  0.7819E-14
  0.4998E-14  0.3630E-14  0.2076E-14  0.6586E-15  0.3397E-26
  0.1289E-08  0.1287E-08  0.1282E-08  0.1274E-08  0.1263E-08
  0.1249E-08  0.1232E-08  0.1189E-08  0.1137E-08  0.1061E-08
  0.9749E-09  0.8837E-09  0.7904E-09  0.6095E-09  0.4507E-09
  0.3226E-09  0.2264E-09  0.1106E-09  0.5809E-10  0.3479E-10
  0.2388E-10  0.1813E-10  0.1447E-10  0.1172E-10  0.9509E-11
  0.7758E-11  0.6401E-11  0.5351E-11  0.4530E-11  0.3351E-11
  0.2569E-11  0.1459E-11  0.9182E-12  0.6212E-12  0.4438E-12
  0.3301E-12  0.2553E-12  0.9247E-13  0.4477E-13  0.2556E-13
  0.1531E-13  0.9795E-14  0.7095E-14  0.4048E-14  0.1284E-14
  0.6467E-26  0.2093E-08  0.2090E-08  0.2083E-08  0.2071E-08
  0.2054E-08  0.2032E-08  0.2006E-08  0.1942E-08  0.1862E-08
  0.1746E-08  0.1614E-08  0.1473E-08  0.1329E-08  0.1044E-08
  0.7891E-09  0.5789E-09  0.4165E-09  0.2126E-09  0.1142E-09
  0.6814E-10  0.4563E-10  0.3379E-10  0.2690E-10  0.2219E-10
  0.1840E-10  0.1520E-10  0.1259E-10  0.1053E-10  0.8917E-11
  0.6595E-11  0.5057E-11  0.2872E-11  0.1807E-11  0.1223E-11
  0.8733E-12  0.6496E-12  0.5025E-12  0.1820E-12  0.8811E-13
  0.5030E-13  0.3015E-13  0.1931E-13  0.1395E-13  0.7937E-14
  0.2517E-14  0.1236E-25  0.3406E-08  0.3403E-08  0.3392E-08
  0.3373E-08  0.3348E-08  0.3315E-08  0.3276E-08  0.3179E-08
  0.3058E-08  0.2881E-08  0.2680E-08  0.2463E-08  0.2239E-08
  0.1793E-08  0.1385E-08  0.1041E-08  0.7675E-09  0.4095E-09
  0.2262E-09  0.1357E-09  0.8953E-10  0.6460E-10  0.5033E-10
  0.4141E-10  0.3494E-10  0.2955E-10  0.2485E-10  0.2090E-10
  0.1770E-10  0.1308E-10  0.1003E-10  0.5695E-11  0.3583E-11
  0.2424E-11  0.1731E-11  0.1288E-11  0.9962E-12  0.3608E-12
  0.1747E-12  0.9972E-13  0.5982E-13  0.3835E-13  0.2763E-13
  0.1568E-13  0.4973E-14  0.2375E-25  0.5573E-08  0.5567E-08
  0.5551E-08  0.5523E-08  0.5485E-08  0.5435E-08  0.5376E-08
  0.5230E-08  0.5048E-08  0.4778E-08  0.4472E-08  0.4140E-08
  0.3793E-08  0.3095E-08  0.2444E-08  0.1881E-08  0.1421E-08
  0.7930E-09  0.4518E-09  0.2744E-09  0.1801E-09  0.1274E-09
  0.9638E-10  0.7723E-10  0.6453E-10  0.5516E-10  0.4753E-10
  0.4095E-10  0.3521E-10  0.2622E-10  0.2010E-10  0.1142E-10
  0.7182E-11  0.4859E-11  0.3471E-11  0.2582E-11  0.1997E-11
  0.7233E-12  0.3502E-12  0.1999E-12  0.1200E-12  0.7703E-13
  0.5534E-13  0.3131E-13  0.9930E-14  0.4600E-25  0.9180E-08
  0.9172E-08  0.9147E-08  0.9105E-08  0.9048E-08  0.8974E-08
  0.8885E-08  0.8665E-08  0.8390E-08  0.7981E-08  0.7515E-08
  0.7006E-08  0.6471E-08  0.5378E-08  0.4339E-08  0.3417E-08
  0.2644E-08  0.1544E-08  0.9099E-09  0.5624E-09  0.3703E-09
  0.2595E-09  0.1924E-09  0.1499E-09  0.1221E-09  0.1035E-09
  0.9045E-10  0.8016E-10  0.7063E-10  0.5339E-10  0.4087E-10
  0.2320E-10  0.1459E-10  0.9870E-11  0.7050E-11  0.5244E-11
  0.4056E-11  0.1469E-11  0.7112E-12  0.4060E-12  0.2440E-12
  0.1568E-12  0.1123E-12  0.6334E-13  0.2009E-13  0.9006E-25
  0.1527E-07  0.1526E-07  0.1522E-07  0.1516E-07  0.1508E-07
  0.1496E-07  0.1483E-07  0.1450E-07  0.1408E-07  0.1346E-07
  0.1275E-07  0.1197E-07  0.1114E-07  0.9433E-08  0.7770E-08
  0.6259E-08  0.4959E-08  0.3029E-08  0.1851E-08  0.1169E-08
  0.7763E-09  0.5433E-09  0.3990E-09  0.3057E-09  0.2436E-09
  0.2017E-09  0.1733E-09  0.1527E-09  0.1358E-09  0.1071E-09
  0.8416E-10  0.4798E-10  0.3017E-10  0.2041E-10  0.1458E-10
  0.1085E-10  0.8389E-11  0.3038E-11  0.1471E-11  0.8396E-12
  0.5050E-12  0.3249E-12  0.2320E-12  0.1304E-12  0.4138E-13
  0.1788E-24  0.2576E-07  0.2574E-07  0.2568E-07  0.2559E-07
  0.2546E-07  0.2529E-07  0.2509E-07  0.2459E-07  0.2396E-07
  0.2302E-07  0.2193E-07  0.2072E-07  0.1944E-07  0.1675E-07
  0.1408E-07  0.1159E-07  0.9397E-08  0.6003E-08  0.3808E-08
  0.2469E-08  0.1662E-08  0.1169E-08  0.8563E-09  0.6510E-09
  0.5113E-09  0.4146E-09  0.3473E-09  0.3004E-09  0.2671E-09
  0.2203E-09  0.1779E-09  0.1015E-09  0.6386E-10  0.4320E-10
  0.3085E-10  0.2295E-10  0.1775E-10  0.6430E-11  0.3112E-11
  0.1777E-11  0.1070E-11  0.6889E-12  0.4905E-12  0.2749E-12
  0.8719E-13  0.3613E-24  0.4413E-07  0.4410E-07  0.4402E-07
  0.4387E-07  0.4368E-07  0.4342E-07  0.4312E-07  0.4235E-07
  0.4140E-07  0.3996E-07  0.3829E-07  0.3642E-07  0.3442E-07
  0.3017E-07  0.2586E-07  0.2175E-07  0.1803E-07  0.1204E-07
  0.7946E-08  0.5307E-08  0.3638E-08  0.2580E-08  0.1895E-08
  0.1438E-08  0.1122E-08  0.9000E-09  0.7408E-09  0.6271E-09
  0.5468E-09  0.4481E-09  0.3772E-09  0.2211E-09  0.1388E-09
  0.9387E-10  0.6704E-10  0.4987E-10  0.3857E-10  0.1397E-10
  0.6763E-11  0.3860E-11  0.2327E-11  0.1500E-11  0.1065E-11
  0.5945E-12  0.1886E-12  0.7452E-24  0.7683E-07  0.7679E-07
  0.7666E-07  0.7644E-07  0.7614E-07  0.7576E-07  0.7530E-07
  0.7413E-07  0.7267E-07  0.7046E-07  0.6788E-07  0.6499E-07
  0.6186E-07  0.5510E-07  0.4812E-07  0.4131E-07  0.3499E-07
  0.2441E-07  0.1677E-07  0.1157E-07  0.8112E-08  0.5827E-08
  0.4304E-08  0.3272E-08  0.2551E-08  0.2036E-08  0.1660E-08
  0.1382E-08  0.1177E-08  0.9177E-09  0.7661E-09  0.4922E-09
  0.3105E-09  0.2097E-09  0.1497E-09  0.1114E-09  0.8615E-10
  0.3120E-10  0.1510E-10  0.8620E-11  0.5201E-11  0.3358E-11
  0.2375E-11  0.1321E-11  0.4192E-12  0.1568E-23  0.1361E-06
  0.1361E-06  0.1359E-06  0.1355E-06  0.1351E-06  0.1345E-06
  0.1338E-06  0.1320E-06  0.1298E-06  0.1264E-06  0.1224E-06
  0.1179E-06  0.1130E-06  0.1022E-06  0.9090E-07  0.7957E-07
  0.6879E-07  0.5006E-07  0.3578E-07  0.2553E-07  0.1837E-07
  0.1343E-07  0.1003E-07  0.7659E-08  0.5984E-08  0.4775E-08
  0.3882E-08  0.3213E-08  0.2704E-08  0.2017E-08  0.1601E-08
  0.1025E-08  0.7043E-09  0.4822E-09  0.3444E-09  0.2561E-09
  0.1981E-09  0.7176E-10  0.3473E-10  0.1983E-10  0.1198E-10
  0.7743E-11  0.5456E-11  0.3024E-11  0.9594E-12  0.3368E-23
  0.2458E-06  0.2457E-06  0.2454E-06  0.2449E-06  0.2442E-06
  0.2433E-06  0.2422E-06  0.2395E-06  0.2361E-06  0.2309E-06
  0.2248E-06  0.2178E-06  0.2101E-06  0.1929E-06  0.1745E-06
  0.1556E-06  0.1371E-06  0.1038E-06  0.7714E-07  0.5698E-07
  0.4221E-07  0.3157E-07  0.2393E-07  0.1844E-07  0.1447E-07
  0.1157E-07  0.9415E-08  0.7782E-08  0.6524E-08  0.4769E-08
  0.3652E-08  0.2207E-08  0.1672E-08  0.1148E-08  0.8178E-09
  0.6083E-09  0.4705E-09  0.1704E-09  0.8248E-10  0.4708E-10
  0.2847E-10  0.1844E-10  0.1294E-10  0.7142E-11  0.2266E-11
  0.7413E-23  0.4529E-06  0.4527E-06  0.4523E-06  0.4515E-06
  0.4505E-06  0.4491E-06  0.4475E-06  0.4434E-06  0.4382E-06
  0.4302E-06  0.4208E-06  0.4099E-06  0.3978E-06  0.3705E-06
  0.3404E-06  0.3089E-06  0.2773E-06  0.2181E-06  0.1683E-06
  0.1288E-06  0.9847E-07  0.7557E-07  0.5846E-07  0.4572E-07
  0.3621E-07  0.2909E-07  0.2372E-07  0.1962E-07  0.1644E-07
  0.1195E-07  0.9036E-08  0.5154E-08  0.3744E-08  0.2839E-08
  0.2024E-08  0.1501E-08  0.1161E-08  0.4206E-09  0.2035E-09
  0.1162E-09  0.7036E-10  0.4563E-10  0.3190E-10  0.1753E-10
  0.5563E-11  0.1675E-22  0.8574E-06  0.8571E-06  0.8565E-06
  0.8553E-06  0.8537E-06  0.8517E-06  0.8493E-06  0.8430E-06
  0.8352E-06  0.8229E-06  0.8083E-06  0.7914E-06  0.7725E-06
  0.7289E-06  0.6798E-06  0.6269E-06  0.5727E-06  0.4674E-06
  0.3743E-06  0.2970E-06  0.2347E-06  0.1854E-06  0.1470E-06
  0.1173E-06  0.9428E-07  0.7652E-07  0.6274E-07  0.5202E-07
  0.4363E-07  0.3171E-07  0.2394E-07  0.1322E-07  0.8688E-08
  0.6606E-08  0.5280E-08  0.3912E-08  0.3017E-08  0.1093E-08
  0.5288E-09  0.3018E-09  0.1831E-09  0.1189E-09  0.8279E-10
  0.4527E-10  0.1437E-10  0.3917E-22  0.1688E-05  0.1688E-05
  0.1687E-05  0.1685E-05  0.1683E-05  0.1680E-05  0.1676E-05
  0.1667E-05  0.1655E-05  0.1636E-05  0.1614E-05  0.1587E-05
  0.1558E-05  0.1488E-05  0.1408E-05  0.1319E-05  0.1226E-05
  0.1036E-05  0.8604E-06  0.7071E-06  0.5779E-06  0.4712E-06
  0.3841E-06  0.3138E-06  0.2574E-06  0.2123E-06  0.1763E-06
  0.1474E-06  0.1243E-06  0.9052E-07  0.6834E-07  0.3748E-07
  0.2331E-07  0.1633E-07  0.1311E-07  0.1105E-07  0.8681E-08
  0.3052E-08  0.1475E-08  0.8417E-09  0.5113E-09  0.3328E-09
  0.2306E-09  0.1254E-09  0.3981E-10  0.9640E-22  0.3499E-05
  0.3498E-05  0.3497E-05  0.3494E-05  0.3491E-05  0.3486E-05
  0.3481E-05  0.3467E-05  0.3449E-05  0.3420E-05  0.3386E-05
  0.3346E-05  0.3300E-05  0.3189E-05  0.3057E-05  0.2907E-05
  0.2745E-05  0.2401E-05  0.2064E-05  0.1754E-05  0.1482E-05
  0.1249E-05  0.1050E-05  0.8825E-06  0.7418E-06  0.6248E-06
  0.5280E-06  0.4482E-06  0.3824E-06  0.2830E-06  0.2145E-06
  0.1176E-06  0.7203E-07  0.4818E-07  0.3562E-07  0.2913E-07
  0.2295E-07  0.9275E-08  0.4505E-08  0.2571E-08  0.1565E-08
  0.1021E-08  0.7035E-09  0.3805E-09  0.1208E-09  0.2525E-21
  0.7695E-05  0.7694E-05  0.7692E-05  0.7688E-05  0.7683E-05
  0.7677E-05  0.7669E-05  0.7648E-05  0.7622E-05  0.7580E-05
  0.7528E-05  0.7467E-05  0.7396E-05  0.7221E-05  0.7007E-05
  0.6754E-05  0.6472E-05  0.5849E-05  0.5199E-05  0.4571E-05
  0.3988E-05  0.3465E-05  0.3004E-05  0.2602E-05  0.2251E-05
  0.1947E-05  0.1684E-05  0.1458E-05  0.1265E-05  0.9607E-06
  0.7422E-06  0.4125E-06  0.2520E-06  0.1671E-06  0.1183E-06
  0.8902E-07  0.6883E-07  0.3299E-07  0.1533E-07  0.8736E-08
  0.5327E-08  0.3482E-08  0.2387E-08  0.1283E-08  0.4073E-09
  0.7144E-21  0.1804E-04  0.1804E-04  0.1803E-04  0.1803E-04
  0.1802E-04  0.1801E-04  0.1800E-04  0.1797E-04  0.1794E-04
  0.1788E-04  0.1780E-04  0.1771E-04  0.1761E-04  0.1734E-04
  0.1700E-04  0.1658E-04  0.1610E-04  0.1497E-04  0.1373E-04
  0.1246E-04  0.1122E-04  0.1004E-04  0.8955E-05  0.7973E-05
  0.7093E-05  0.6308E-05  0.5607E-05  0.4980E-05  0.4422E-05
  0.3490E-05  0.2774E-05  0.1615E-05  0.9937E-06  0.6550E-06
  0.4607E-06  0.3376E-06  0.2580E-06  0.1059E-06  0.5798E-07
  0.3321E-07  0.2029E-07  0.1330E-07  0.9061E-08  0.4837E-08
  0.1536E-08  0.2185E-20  0.4513E-04  0.4512E-04  0.4512E-04
  0.4511E-04  0.4511E-04  0.4509E-04  0.4508E-04  0.4504E-04
  0.4500E-04  0.4492E-04  0.4482E-04  0.4470E-04  0.4456E-04
  0.4417E-04  0.4365E-04  0.4299E-04  0.4219E-04  0.4021E-04
  0.3786E-04  0.3531E-04  0.3270E-04  0.3012E-04  0.2762E-04
  0.2524E-04  0.2300E-04  0.2094E-04  0.1905E-04  0.1734E-04
  0.1578E-04  0.1306E-04  0.1080E-04  0.6734E-05  0.4331E-05
  0.2902E-05  0.2018E-05  0.1469E-05  0.1123E-05  0.3987E-06
  0.2637E-06  0.1406E-06  0.8594E-07  0.5647E-07  0.3824E-07
  0.2027E-07  0.6438E-08  0.7223E-20  0.1242E-03  0.1242E-03
  0.1242E-03  0.1242E-03  0.1241E-03  0.1241E-03  0.1241E-03
  0.1241E-03  0.1240E-03  0.1239E-03  0.1238E-03  0.1237E-03
  0.1235E-03  0.1230E-03  0.1223E-03  0.1213E-03  0.1200E-03
  0.1167E-03  0.1123E-03  0.1071E-03  0.1016E-03  0.9582E-04
  0.9008E-04  0.8442E-04  0.7888E-04  0.7352E-04  0.6836E-04
  0.6348E-04  0.5890E-04  0.5074E-04  0.4376E-04  0.3002E-04
  0.2057E-04  0.1429E-04  0.1028E-04  0.7547E-05  0.5724E-05
  0.1959E-05  0.1039E-05  0.7452E-06  0.4578E-06  0.2786E-06
  0.1869E-06  0.9829E-07  0.3123E-07  0.2665E-19  0.3810E-03
  0.3809E-03  0.3810E-03  0.3809E-03  0.3809E-03  0.3809E-03
  0.3809E-03  0.3808E-03  0.3808E-03  0.3807E-03  0.3805E-03
  0.3804E-03  0.3802E-03  0.3795E-03  0.3787E-03  0.3773E-03
  0.3755E-03  0.3702E-03  0.3624E-03  0.3523E-03  0.3402E-03
  0.3269E-03  0.3131E-03  0.2991E-03  0.2851E-03  0.2712E-03
  0.2575E-03  0.2441E-03  0.2308E-03  0.2056E-03  0.1827E-03
  0.1365E-03  0.1012E-03  0.7480E-04  0.5572E-04  0.4218E-04
  0.3285E-04  0.1124E-04  0.5333E-05  0.3271E-05  0.2075E-05
  0.1673E-05  0.1039E-05  0.5402E-06  0.1717E-06  0.1092E-18
  0.1306E-02  0.1306E-02  0.1306E-02  0.1306E-02  0.1306E-02
  0.1306E-02  0.1306E-02  0.1306E-02  0.1306E-02  0.1305E-02
  0.1305E-02  0.1305E-02  0.1305E-02  0.1304E-02  0.1303E-02
  0.1301E-02  0.1299E-02  0.1292E-02  0.1279E-02  0.1260E-02
  0.1234E-02  0.1203E-02  0.1168E-02  0.1131E-02  0.1092E-02
  0.1054E-02  0.1016E-02  0.9777E-03  0.9397E-03  0.8647E-03
  0.7910E-03  0.6246E-03  0.4955E-03  0.3905E-03  0.3064E-03
  0.2408E-03  0.1915E-03  0.6972E-04  0.3280E-04  0.1827E-04
  0.1108E-04  0.8195E-05  0.6636E-05  0.3218E-05  0.1023E-05
  0.4902E-18  0.4992E-02  0.4992E-02  0.4992E-02  0.4992E-02
  0.4992E-02  0.4992E-02  0.4992E-02  0.4991E-02  0.4992E-02
  0.4991E-02  0.4991E-02  0.4991E-02  0.4991E-02  0.4989E-02
  0.4988E-02  0.4985E-02  0.4982E-02  0.4972E-02  0.4953E-02
  0.4921E-02  0.4869E-02  0.4797E-02  0.4706E-02  0.4603E-02
  0.4491E-02  0.4375E-02  0.4256E-02  0.4137E-02  0.4016E-02
  0.3777E-02  0.3540E-02  0.2955E-02  0.2431E-02  0.2012E-02
  0.1657E-02  0.1358E-02  0.1116E-02  0.4457E-03  0.2086E-03
  0.1164E-03  0.6973E-04  0.4634E-04  0.3355E-04  0.2115E-04
  0.6328E-05  0.2376E-17  0.2068E-01  0.2068E-01  0.2068E-01
  0.2068E-01  0.2068E-01  0.2068E-01  0.2068E-01  0.2068E-01
  0.2068E-01  0.2067E-01  0.2067E-01  0.2067E-01  0.2067E-01
  0.2067E-01  0.2066E-01  0.2065E-01  0.2065E-01  0.2064E-01
  0.2062E-01  0.2057E-01  0.2048E-01  0.2033E-01  0.2011E-01
  0.1983E-01  0.1949E-01  0.1912E-01  0.1873E-01  0.1833E-01
  0.1792E-01  0.1709E-01  0.1626E-01  0.1420E-01  0.1216E-01
  0.1031E-01  0.8784E-02  0.7476E-02  0.6345E-02  0.2750E-02
  0.1338E-02  0.7385E-03  0.4491E-03  0.2924E-03  0.1910E-03
  0.1074E-03  0.4190E-04  0.1216E-16  0.8157E-01  0.8157E-01
  0.8157E-01  0.8156E-01  0.8157E-01  0.8156E-01  0.8156E-01
  0.8156E-01  0.8157E-01  0.8155E-01  0.8155E-01  0.8154E-01
  0.8154E-01  0.8152E-01  0.8150E-01  0.8147E-01  0.8145E-01
  0.8141E-01  0.8138E-01  0.8134E-01  0.8125E-01  0.8106E-01
  0.8070E-01  0.8015E-01  0.7939E-01  0.7845E-01  0.7736E-01
  0.7617E-01  0.7490E-01  0.7230E-01  0.6963E-01  0.6284E-01
  0.5609E-01  0.4953E-01  0.4332E-01  0.3777E-01  0.3309E-01
  0.1663E-01  0.8580E-02  0.4817E-02  0.2880E-02  0.1895E-02
  0.1212E-02  0.6043E-03  0.2103E-03  0.6609E-16  0.2513E+00
  0.2513E+00  0.2513E+00  0.2513E+00  0.2513E+00  0.2513E+00
  0.2513E+00  0.2513E+00  0.2513E+00  0.2512E+00  0.2512E+00
  0.2512E+00  0.2512E+00  0.2512E+00  0.2511E+00  0.2510E+00
  0.2509E+00  0.2507E+00  0.2506E+00  0.2505E+00  0.2505E+00
  0.2503E+00  0.2500E+00  0.2494E+00  0.2485E+00  0.2471E+00
  0.2453E+00  0.2432E+00  0.2407E+00  0.2351E+00  0.2289E+00
  0.2126E+00  0.1957E+00  0.1788E+00  0.1622E+00  0.1468E+00
  0.1325E+00  0.7746E-01  0.4525E-01  0.2697E-01  0.1699E-01
  0.1115E-01  0.7052E-02  0.3482E-02  0.1102E-02  0.3593E-15
  0.6034E+00  0.6034E+00  0.6034E+00  0.6033E+00  0.6034E+00
  0.6033E+00  0.6033E+00  0.6033E+00  0.6034E+00  0.6033E+00
  0.6033E+00  0.6033E+00  0.6032E+00  0.6031E+00  0.6030E+00
  0.6027E+00  0.6026E+00  0.6021E+00  0.6017E+00  0.6015E+00
  0.6012E+00  0.6010E+00  0.6007E+00  0.6002E+00  0.5994E+00
  0.5981E+00  0.5964E+00  0.5941E+00  0.5911E+00  0.5833E+00
  0.5736E+00  0.5448E+00  0.5136E+00  0.4814E+00  0.4486E+00
  0.4167E+00  0.3858E+00  0.2556E+00  0.1685E+00  0.1112E+00
  0.7412E-01  0.5078E-01  0.3306E-01  0.1619E-01  0.5078E-02
  0.1671E-14  0.1191E+01  0.1191E+01  0.1191E+01  0.1191E+01
  0.1191E+01  0.1191E+01  0.1191E+01  0.1191E+01  0.1191E+01
  0.1191E+01  0.1191E+01  0.1191E+01  0.1191E+01  0.1190E+01
  0.1190E+01  0.1190E+01  0.1189E+01  0.1189E+01  0.1188E+01
  0.1187E+01  0.1187E+01  0.1186E+01  0.1186E+01  0.1185E+01
  0.1184E+01  0.1183E+01  0.1181E+01  0.1179E+01  0.1176E+01
  0.1169E+01  0.1158E+01  0.1120E+01  0.1074E+01  0.1024E+01
  0.9731E+00  0.9216E+00  0.8701E+00  0.6357E+00  0.4564E+00
  0.3287E+00  0.2355E+00  0.1704E+00  0.1146E+00  0.5920E-01
  0.1868E-01  0.6335E-14  0.2099E+01  0.2099E+01  0.2099E+01
  0.2098E+01  0.2099E+01  0.2099E+01  0.2098E+01  0.2099E+01
  0.2099E+01  0.2098E+01  0.2098E+01  0.2098E+01  0.2098E+01
  0.2098E+01  0.2098E+01  0.2097E+01  0.2097E+01  0.2095E+01
  0.2094E+01  0.2093E+01  0.2092E+01  0.2091E+01  0.2090E+01
  0.2089E+01  0.2088E+01  0.2086E+01  0.2084E+01  0.2082E+01
  0.2079E+01  0.2072E+01  0.2061E+01  0.2021E+01  0.1963E+01
  0.1897E+01  0.1827E+01  0.1755E+01  0.1681E+01  0.1321E+01
  0.1018E+01  0.7799E+00  0.5945E+00  0.4549E+00  0.3193E+00
  0.1749E+00  0.5735E-01  0.2039E-13  0.3449E+01  0.3448E+01
  0.3448E+01  0.3448E+01  0.3448E+01  0.3448E+01  0.3448E+01
  0.3448E+01  0.3448E+01  0.3448E+01  0.3448E+01  0.3448E+01
  0.3448E+01  0.3447E+01  0.3447E+01  0.3446E+01  0.3446E+01
  0.3444E+01  0.3442E+01  0.3440E+01  0.3439E+01  0.3437E+01
  0.3436E+01  0.3434E+01  0.3432E+01  0.3430E+01  0.3428E+01
  0.3425E+01  0.3421E+01  0.3413E+01  0.3403E+01  0.3365E+01
  0.3303E+01  0.3222E+01  0.3132E+01  0.3039E+01  0.2943E+01
  0.2448E+01  0.1990E+01  0.1605E+01  0.1280E+01  0.1024E+01
  0.7496E+00  0.4392E+00  0.1503E+00  0.5732E-13  0.5417E+01
  0.5417E+01  0.5416E+01  0.5416E+01  0.5416E+01  0.5415E+01
  0.5416E+01  0.5417E+01  0.5417E+01  0.5416E+01  0.5416E+01
  0.5416E+01  0.5417E+01  0.5415E+01  0.5416E+01  0.5414E+01
  0.5413E+01  0.5411E+01  0.5408E+01  0.5406E+01  0.5403E+01
  0.5401E+01  0.5399E+01  0.5397E+01  0.5394E+01  0.5392E+01
  0.5388E+01  0.5385E+01  0.5381E+01  0.5371E+01  0.5360E+01
  0.5320E+01  0.5261E+01  0.5175E+01  0.5066E+01  0.4950E+01
  0.4829E+01  0.4197E+01  0.3556E+01  0.2990E+01  0.2476E+01
  0.2051E+01  0.1551E+01  0.9694E+00  0.3476E+00  0.1449E-12
