                        3167.   5.23   0.20   0.09
    50   0.0   0.0    1.0000  0.0001
  46
      8502.487      8502.497      8502.507      8502.517      8502.527
      8502.537      8502.547      8502.567      8502.587      8502.612
      8502.637      8502.662      8502.687      8502.737      8502.787
      8502.837      8502.887      8502.987      8503.087      8503.187
      8503.287      8503.387      8503.487      8503.587      8503.687
      8503.787      8503.887      8503.987      8504.087      8504.287
      8504.487      8504.987      8505.487      8505.987      8506.487
      8506.987      8507.487      8509.987      8512.487      8514.987
      8517.487      8519.987      8522.487      8527.487      8532.487
      8537.487
 -0.2407E-13 -0.2404E-13 -0.2396E-13 -0.2383E-13 -0.2365E-13
 -0.2341E-13 -0.2312E-13 -0.2239E-13 -0.2147E-13 -0.2006E-13
 -0.1843E-13 -0.1662E-13 -0.1471E-13 -0.1089E-13 -0.7531E-14
 -0.4943E-14 -0.3161E-14 -0.1350E-14 -0.6908E-15 -0.4180E-15
 -0.2807E-15 -0.2010E-15 -0.1505E-15 -0.1164E-15 -0.9241E-16
 -0.7488E-16 -0.6173E-16 -0.5163E-16 -0.4374E-16 -0.3238E-16
 -0.2485E-16 -0.1412E-16 -0.8892E-17 -0.6018E-17 -0.4300E-17
 -0.3199E-17 -0.2474E-17 -0.8960E-18 -0.4340E-18 -0.2478E-18
 -0.1468E-18 -0.9273E-19 -0.6960E-19 -0.4114E-19 -0.1304E-19
 -0.6303E-31  0.2288E-13  0.2280E-13  0.2255E-13  0.2214E-13
  0.2158E-13  0.2088E-13  0.2005E-13  0.1806E-13  0.1573E-13
  0.1259E-13  0.9437E-14  0.6500E-14  0.3954E-14  0.3494E-15
 -0.1384E-14 -0.1832E-14 -0.1654E-14 -0.9579E-15 -0.5290E-15
 -0.3233E-15 -0.2171E-15 -0.1554E-15 -0.1163E-15 -0.8999E-16
 -0.7142E-16 -0.5787E-16 -0.4770E-16 -0.3989E-16 -0.3379E-16
 -0.2502E-16 -0.1919E-16 -0.1091E-16 -0.6869E-17 -0.4649E-17
 -0.3322E-17 -0.2471E-17 -0.1911E-17 -0.6921E-18 -0.3353E-18
 -0.1914E-18 -0.1135E-18 -0.7176E-19 -0.5370E-19 -0.3165E-19
 -0.1004E-19 -0.4682E-31  0.9672E-13  0.9647E-13  0.9572E-13
  0.9447E-13  0.9276E-13  0.9060E-13  0.8803E-13  0.8182E-13
  0.7446E-13  0.6424E-13  0.5362E-13  0.4328E-13  0.3376E-13
  0.1847E-13  0.8659E-14  0.3342E-14  0.9122E-15 -0.2515E-15
 -0.2289E-15 -0.1470E-15 -0.9889E-16 -0.7064E-16 -0.5281E-16
 -0.4082E-16 -0.3238E-16 -0.2622E-16 -0.2161E-16 -0.1807E-16
 -0.1530E-16 -0.1133E-16 -0.8687E-17 -0.4937E-17 -0.3107E-17
 -0.2103E-17 -0.1502E-17 -0.1118E-17 -0.8644E-18 -0.3130E-18
 -0.1516E-18 -0.8656E-19 -0.5153E-19 -0.3272E-19 -0.2417E-19
 -0.1406E-19 -0.4460E-20 -0.1702E-31  0.2140E-12  0.2134E-12
  0.2119E-12  0.2093E-12  0.2058E-12  0.2014E-12  0.1961E-12
  0.1833E-12  0.1681E-12  0.1468E-12  0.1244E-12  0.1024E-12
  0.8184E-13  0.4800E-13  0.2524E-13  0.1203E-13  0.5314E-14
  0.1022E-14  0.3281E-15  0.1823E-15  0.1221E-15  0.8780E-16
  0.6588E-16  0.5104E-16  0.4055E-16  0.3289E-16  0.2712E-16
  0.2270E-16  0.1923E-16  0.1425E-16  0.1094E-16  0.6219E-17
  0.3917E-17  0.2652E-17  0.1895E-17  0.1410E-17  0.1090E-17
  0.3948E-18  0.1913E-18  0.1092E-18  0.6431E-19  0.4028E-19
  0.3094E-19  0.1869E-19  0.5924E-20  0.3809E-31  0.4006E-12
  0.3997E-12  0.3969E-12  0.3923E-12  0.3860E-12  0.3780E-12
  0.3685E-12  0.3454E-12  0.3178E-12  0.2791E-12  0.2383E-12
  0.1979E-12  0.1599E-12  0.9645E-13  0.5285E-13  0.2678E-13
  0.1296E-13  0.3345E-14  0.1369E-14  0.8003E-15  0.5369E-15
  0.3851E-15  0.2885E-15  0.2233E-15  0.1773E-15  0.1437E-15
  0.1185E-15  0.9914E-16  0.8399E-16  0.6220E-16  0.4773E-16
  0.2713E-16  0.1709E-16  0.1157E-16  0.8263E-17  0.6148E-17
  0.4754E-17  0.1722E-17  0.8341E-18  0.4763E-18  0.2816E-18
  0.1773E-18  0.1342E-18  0.7991E-19  0.2533E-19  0.1403E-30
  0.6993E-12  0.6977E-12  0.6930E-12  0.6853E-12  0.6746E-12
  0.6610E-12  0.6449E-12  0.6056E-12  0.5586E-12  0.4926E-12
  0.4227E-12  0.3531E-12  0.2874E-12  0.1767E-12  0.9941E-13
  0.5218E-13  0.2647E-13  0.7646E-14  0.3330E-14  0.1966E-14
  0.1319E-14  0.9454E-15  0.7081E-15  0.5480E-15  0.4350E-15
  0.3525E-15  0.2906E-15  0.2431E-15  0.2060E-15  0.1525E-15
  0.1170E-15  0.6653E-16  0.4189E-16  0.2835E-16  0.2026E-16
  0.1507E-16  0.1165E-16  0.4221E-17  0.2045E-17  0.1167E-17
  0.6911E-18  0.4358E-18  0.3284E-18  0.1949E-18  0.6178E-19
  0.3308E-30  0.1178E-11  0.1176E-11  0.1168E-11  0.1155E-11
  0.1138E-11  0.1115E-11  0.1089E-11  0.1024E-11  0.9470E-12
  0.8380E-12  0.7223E-12  0.6067E-12  0.4969E-12  0.3105E-12
  0.1784E-12  0.9630E-13  0.5057E-13  0.1568E-13  0.7049E-14
  0.4173E-14  0.2798E-14  0.2004E-14  0.1501E-14  0.1161E-14
  0.9216E-15  0.7469E-15  0.6157E-15  0.5150E-15  0.4363E-15
  0.3230E-15  0.2478E-15  0.1409E-15  0.8870E-16  0.6004E-16
  0.4290E-16  0.3192E-16  0.2468E-16  0.8939E-17  0.4330E-17
  0.2472E-17  0.1465E-17  0.9245E-18  0.6948E-18  0.4112E-18
  0.1304E-18  0.6866E-30  0.1948E-11  0.1943E-11  0.1931E-11
  0.1910E-11  0.1882E-11  0.1846E-11  0.1803E-11  0.1699E-11
  0.1574E-11  0.1397E-11  0.1209E-11  0.1020E-11  0.8404E-12
  0.5322E-12  0.3110E-12  0.1713E-12  0.9207E-13  0.2992E-13
  0.1387E-13  0.8319E-14  0.5596E-14  0.4010E-14  0.3002E-14
  0.2323E-14  0.1844E-14  0.1494E-14  0.1231E-14  0.1030E-14
  0.8725E-15  0.6459E-15  0.4956E-15  0.2817E-15  0.1774E-15
  0.1200E-15  0.8577E-16  0.6381E-16  0.4934E-16  0.1787E-16
  0.8657E-17  0.4943E-17  0.2930E-17  0.1851E-17  0.1388E-17
  0.8197E-18  0.2599E-18  0.1349E-29  0.3185E-11  0.3178E-11
  0.3158E-11  0.3125E-11  0.3080E-11  0.3023E-11  0.2955E-11
  0.2788E-11  0.2588E-11  0.2305E-11  0.2002E-11  0.1697E-11
  0.1405E-11  0.9014E-12  0.5350E-12  0.3000E-12  0.1644E-12
  0.5559E-13  0.2654E-13  0.1615E-13  0.1091E-13  0.7822E-14
  0.5855E-14  0.4529E-14  0.3594E-14  0.2912E-14  0.2400E-14
  0.2008E-14  0.1701E-14  0.1259E-14  0.9659E-15  0.5491E-15
  0.3457E-15  0.2340E-15  0.1672E-15  0.1244E-15  0.9616E-16
  0.3483E-16  0.1687E-16  0.9633E-17  0.5714E-17  0.3613E-17
  0.2703E-17  0.1593E-17  0.5050E-18  0.2584E-29  0.5177E-11
  0.5167E-11  0.5135E-11  0.5084E-11  0.5012E-11  0.4922E-11
  0.4814E-11  0.4550E-11  0.4233E-11  0.3782E-11  0.3299E-11
  0.2810E-11  0.2340E-11  0.1522E-11  0.9191E-12  0.5260E-12
  0.2950E-12  0.1040E-12  0.5079E-13  0.3111E-13  0.2104E-13
  0.1508E-13  0.1129E-13  0.8730E-14  0.6928E-14  0.5612E-14
  0.4626E-14  0.3869E-14  0.3277E-14  0.2426E-14  0.1861E-14
  0.1058E-14  0.6660E-15  0.4507E-15  0.3220E-15  0.2396E-15
  0.1853E-15  0.6710E-16  0.3250E-16  0.1856E-16  0.1101E-16
  0.6970E-17  0.5203E-17  0.3059E-17  0.9700E-18  0.4899E-29
  0.8390E-11  0.8374E-11  0.8325E-11  0.8243E-11  0.8131E-11
  0.7989E-11  0.7819E-11  0.7403E-11  0.6903E-11  0.6189E-11
  0.5422E-11  0.4643E-11  0.3890E-11  0.2567E-11  0.1578E-11
  0.9216E-12  0.5280E-12  0.1929E-12  0.9588E-13  0.5933E-13
  0.4032E-13  0.2894E-13  0.2166E-13  0.1675E-13  0.1329E-13
  0.1077E-13  0.8873E-14  0.7421E-14  0.6285E-14  0.4653E-14
  0.3569E-14  0.2029E-14  0.1277E-14  0.8643E-15  0.6175E-15
  0.4594E-15  0.3553E-15  0.1287E-15  0.6232E-16  0.3558E-16
  0.2113E-16  0.1338E-16  0.9968E-17  0.5848E-17  0.1854E-17
  0.9237E-29  0.1356E-10  0.1353E-10  0.1346E-10  0.1333E-10
  0.1316E-10  0.1293E-10  0.1267E-10  0.1202E-10  0.1123E-10
  0.1011E-10  0.8896E-11  0.7660E-11  0.6458E-11  0.4328E-11
  0.2710E-11  0.1617E-11  0.9468E-12  0.3584E-12  0.1812E-12
  0.1131E-12  0.7713E-13  0.5539E-13  0.4145E-13  0.3205E-13
  0.2543E-13  0.2060E-13  0.1697E-13  0.1420E-13  0.1202E-13
  0.8899E-14  0.6827E-14  0.3880E-14  0.2442E-14  0.1653E-14
  0.1181E-14  0.8786E-15  0.6794E-15  0.2461E-15  0.1192E-15
  0.6805E-16  0.4044E-16  0.2564E-16  0.1905E-16  0.1115E-16
  0.3535E-17  0.1736E-28  0.2189E-10  0.2185E-10  0.2173E-10
  0.2153E-10  0.2126E-10  0.2091E-10  0.2050E-10  0.1948E-10
  0.1826E-10  0.1650E-10  0.1459E-10  0.1264E-10  0.1073E-10
  0.7304E-11  0.4663E-11  0.2841E-11  0.1698E-11  0.6589E-12
  0.3344E-12  0.2109E-12  0.1460E-12  0.1057E-12  0.7931E-13
  0.6133E-13  0.4866E-13  0.3941E-13  0.3248E-13  0.2716E-13
  0.2300E-13  0.1702E-13  0.1306E-13  0.7422E-14  0.4671E-14
  0.3161E-14  0.2259E-14  0.1680E-14  0.1299E-14  0.4706E-15
  0.2280E-15  0.1301E-15  0.7740E-16  0.4911E-16  0.3640E-16
  0.2126E-16  0.6740E-17  0.3259E-28  0.3531E-10  0.3524E-10
  0.3506E-10  0.3475E-10  0.3433E-10  0.3380E-10  0.3315E-10
  0.3158E-10  0.2967E-10  0.2692E-10  0.2393E-10  0.2085E-10
  0.1782E-10  0.1234E-10  0.8038E-11  0.5006E-11  0.3055E-11
  0.1214E-11  0.6169E-12  0.3930E-12  0.2765E-12  0.2020E-12
  0.1518E-12  0.1175E-12  0.9317E-13  0.7546E-13  0.6218E-13
  0.5200E-13  0.4403E-13  0.3259E-13  0.2500E-13  0.1421E-13
  0.8942E-14  0.6051E-14  0.4323E-14  0.3216E-14  0.2487E-14
  0.9008E-15  0.4363E-15  0.2491E-15  0.1483E-15  0.9414E-16
  0.6961E-16  0.4055E-16  0.1286E-16  0.6116E-28  0.5689E-10
  0.5680E-10  0.5651E-10  0.5604E-10  0.5539E-10  0.5456E-10
  0.5357E-10  0.5113E-10  0.4817E-10  0.4391E-10  0.3924E-10
  0.3441E-10  0.2963E-10  0.2088E-10  0.1388E-10  0.8847E-11
  0.5522E-11  0.2258E-11  0.1148E-11  0.7323E-12  0.5211E-12
  0.3848E-12  0.2907E-12  0.2252E-12  0.1786E-12  0.1447E-12
  0.1192E-12  0.9966E-13  0.8439E-13  0.6246E-13  0.4791E-13
  0.2722E-13  0.1713E-13  0.1160E-13  0.8284E-14  0.6163E-14
  0.4766E-14  0.1726E-14  0.8360E-15  0.4773E-15  0.2843E-15
  0.1807E-15  0.1333E-15  0.7745E-16  0.2456E-16  0.1149E-27
  0.9144E-10  0.9129E-10  0.9086E-10  0.9013E-10  0.8914E-10
  0.8787E-10  0.8635E-10  0.8260E-10  0.7804E-10  0.7145E-10
  0.6421E-10  0.5668E-10  0.4917E-10  0.3528E-10  0.2396E-10
  0.1563E-10  0.9989E-11  0.4222E-11  0.2157E-11  0.1375E-11
  0.9863E-12  0.7344E-12  0.5567E-12  0.4313E-12  0.3421E-12
  0.2771E-12  0.2283E-12  0.1909E-12  0.1616E-12  0.1196E-12
  0.9173E-13  0.5213E-13  0.3280E-13  0.2220E-13  0.1586E-13
  0.1180E-13  0.9124E-14  0.3305E-14  0.1600E-14  0.9137E-15
  0.5446E-15  0.3464E-15  0.2549E-15  0.1478E-15  0.4687E-16
  0.2154E-27  0.1468E-09  0.1465E-09  0.1459E-09  0.1448E-09
  0.1433E-09  0.1413E-09  0.1390E-09  0.1333E-09  0.1263E-09
  0.1162E-09  0.1050E-09  0.9329E-10  0.8156E-10  0.5959E-10
  0.4137E-10  0.2764E-10  0.1810E-10  0.7926E-11  0.4056E-11
  0.2546E-11  0.1825E-11  0.1378E-11  0.1059E-11  0.8260E-12
  0.6562E-12  0.5315E-12  0.4379E-12  0.3661E-12  0.3100E-12
  0.2294E-12  0.1759E-12  0.9996E-13  0.6291E-13  0.4257E-13
  0.3041E-13  0.2262E-13  0.1750E-13  0.6337E-14  0.3069E-14
  0.1752E-14  0.1045E-14  0.6653E-15  0.4884E-15  0.2825E-15
  0.8958E-16  0.4039E-27  0.2358E-09  0.2355E-09  0.2345E-09
  0.2328E-09  0.2305E-09  0.2276E-09  0.2241E-09  0.2153E-09
  0.2047E-09  0.1892E-09  0.1720E-09  0.1538E-09  0.1356E-09
  0.1009E-09  0.7165E-10  0.4907E-10  0.3293E-10  0.1498E-10
  0.7684E-11  0.4711E-11  0.3338E-11  0.2555E-11  0.2006E-11
  0.1585E-11  0.1264E-11  0.1024E-11  0.8439E-12  0.7055E-12
  0.5974E-12  0.4420E-12  0.3390E-12  0.1926E-12  0.1212E-12
  0.8202E-13  0.5859E-13  0.4359E-13  0.3371E-13  0.1221E-13
  0.5913E-14  0.3375E-14  0.2015E-14  0.1284E-14  0.9402E-15
  0.5424E-15  0.1720E-15  0.7600E-27  0.3793E-09  0.3788E-09
  0.3773E-09  0.3748E-09  0.3713E-09  0.3668E-09  0.3615E-09
  0.3483E-09  0.3321E-09  0.3084E-09  0.2821E-09  0.2541E-09
  0.2257E-09  0.1713E-09  0.1244E-09  0.8733E-10  0.6012E-10
  0.2849E-10  0.1478E-10  0.8886E-11  0.6134E-11  0.4656E-11
  0.3704E-11  0.2991E-11  0.2425E-11  0.1979E-11  0.1633E-11
  0.1366E-11  0.1156E-11  0.8555E-12  0.6561E-12  0.3727E-12
  0.2345E-12  0.1587E-12  0.1134E-12  0.8434E-13  0.6523E-13
  0.2363E-13  0.1144E-13  0.6531E-14  0.3902E-14  0.2489E-14
  0.1818E-14  0.1046E-14  0.3317E-15  0.1435E-26  0.6107E-09
  0.6099E-09  0.6077E-09  0.6038E-09  0.5986E-09  0.5919E-09
  0.5839E-09  0.5639E-09  0.5394E-09  0.5034E-09  0.4632E-09
  0.4203E-09  0.3764E-09  0.2912E-09  0.2163E-09  0.1557E-09
  0.1099E-09  0.5437E-10  0.2874E-10  0.1712E-10  0.1154E-10
  0.8626E-11  0.6910E-11  0.5693E-11  0.4690E-11  0.3849E-11
  0.3178E-11  0.2657E-11  0.2249E-11  0.1664E-11  0.1276E-11
  0.7249E-12  0.4561E-12  0.3086E-12  0.2205E-12  0.1640E-12
  0.1268E-12  0.4594E-13  0.2225E-13  0.1270E-13  0.7592E-14
  0.4848E-14  0.3531E-14  0.2027E-14  0.6427E-15  0.2719E-26
  0.9847E-09  0.9835E-09  0.9801E-09  0.9744E-09  0.9666E-09
  0.9565E-09  0.9444E-09  0.9144E-09  0.8774E-09  0.8230E-09
  0.7618E-09  0.6962E-09  0.6286E-09  0.4957E-09  0.3764E-09
  0.2776E-09  0.2010E-09  0.1039E-09  0.5631E-10  0.3360E-10
  0.2227E-10  0.1625E-10  0.1278E-10  0.1052E-10  0.8798E-11
  0.7371E-11  0.6173E-11  0.5189E-11  0.4399E-11  0.3255E-11
  0.2496E-11  0.1418E-11  0.8920E-12  0.6036E-12  0.4311E-12
  0.3207E-12  0.2481E-12  0.8984E-13  0.4350E-13  0.2483E-13
  0.1486E-13  0.9497E-14  0.6900E-14  0.3949E-14  0.1253E-14
  0.5172E-26  0.1591E-08  0.1590E-08  0.1584E-08  0.1576E-08
  0.1564E-08  0.1549E-08  0.1531E-08  0.1486E-08  0.1431E-08
  0.1349E-08  0.1256E-08  0.1156E-08  0.1052E-08  0.8455E-09
  0.6563E-09  0.4958E-09  0.3679E-09  0.1988E-09  0.1108E-09
  0.6669E-10  0.4379E-10  0.3118E-10  0.2382E-10  0.1928E-10
  0.1626E-10  0.1396E-10  0.1196E-10  0.1018E-10  0.8657E-11
  0.6408E-11  0.4913E-11  0.2791E-11  0.1756E-11  0.1188E-11
  0.8486E-12  0.6313E-12  0.4883E-12  0.1768E-12  0.8563E-13
  0.4888E-13  0.2927E-13  0.1873E-13  0.1357E-13  0.7745E-14
  0.2456E-14  0.9888E-26  0.2579E-08  0.2577E-08  0.2569E-08
  0.2556E-08  0.2539E-08  0.2517E-08  0.2490E-08  0.2423E-08
  0.2340E-08  0.2216E-08  0.2077E-08  0.1925E-08  0.1766E-08
  0.1446E-08  0.1147E-08  0.8872E-09  0.6742E-09  0.3808E-09
  0.2190E-09  0.1337E-09  0.8772E-10  0.6165E-10  0.4607E-10
  0.3640E-10  0.3023E-10  0.2604E-10  0.2273E-10  0.1976E-10
  0.1705E-10  0.1271E-10  0.9747E-11  0.5537E-11  0.3483E-11
  0.2357E-11  0.1683E-11  0.1252E-11  0.9686E-12  0.3508E-12
  0.1698E-12  0.9696E-13  0.5811E-13  0.3721E-13  0.2689E-13
  0.1531E-13  0.4855E-14  0.1902E-25  0.4199E-08  0.4195E-08
  0.4184E-08  0.4165E-08  0.4140E-08  0.4106E-08  0.4066E-08
  0.3967E-08  0.3843E-08  0.3659E-08  0.3448E-08  0.3218E-08
  0.2976E-08  0.2482E-08  0.2011E-08  0.1591E-08  0.1238E-08
  0.7308E-09  0.4349E-09  0.2704E-09  0.1784E-09  0.1247E-09
  0.9196E-10  0.7113E-10  0.5769E-10  0.4899E-10  0.4307E-10
  0.3831E-10  0.3378E-10  0.2553E-10  0.1955E-10  0.1110E-10
  0.6981E-11  0.4723E-11  0.3373E-11  0.2509E-11  0.1941E-11
  0.7030E-12  0.3404E-12  0.1943E-12  0.1165E-12  0.7472E-13
  0.5384E-13  0.3055E-13  0.9691E-14  0.3687E-25  0.6882E-08
  0.6877E-08  0.6860E-08  0.6832E-08  0.6794E-08  0.6745E-08
  0.6686E-08  0.6538E-08  0.6353E-08  0.6078E-08  0.5762E-08
  0.5414E-08  0.5046E-08  0.4284E-08  0.3542E-08  0.2865E-08
  0.2281E-08  0.1407E-08  0.8677E-09  0.5516E-09  0.3674E-09
  0.2572E-09  0.1886E-09  0.1440E-09  0.1145E-09  0.9480E-10
  0.8160E-10  0.7204E-10  0.6412E-10  0.5063E-10  0.3967E-10
  0.2254E-10  0.1418E-10  0.9591E-11  0.6851E-11  0.5096E-11
  0.3942E-11  0.1428E-11  0.6912E-12  0.3946E-12  0.2369E-12
  0.1520E-12  0.1092E-12  0.6180E-13  0.1960E-13  0.7217E-25
  0.1140E-07  0.1139E-07  0.1136E-07  0.1132E-07  0.1127E-07
  0.1119E-07  0.1110E-07  0.1089E-07  0.1061E-07  0.1020E-07
  0.9724E-08  0.9198E-08  0.8637E-08  0.7459E-08  0.6289E-08
  0.5197E-08  0.4230E-08  0.2726E-08  0.1744E-08  0.1137E-08
  0.7684E-09  0.5411E-09  0.3966E-09  0.3012E-09  0.2364E-09
  0.1916E-09  0.1602E-09  0.1375E-09  0.1204E-09  0.9686E-10
  0.8005E-10  0.4670E-10  0.2933E-10  0.1984E-10  0.1417E-10
  0.1054E-10  0.8154E-11  0.2953E-11  0.1430E-11  0.8161E-12
  0.4905E-12  0.3151E-12  0.2257E-12  0.1273E-12  0.4038E-13
  0.1433E-24  0.1913E-07  0.1912E-07  0.1908E-07  0.1902E-07
  0.1893E-07  0.1883E-07  0.1870E-07  0.1837E-07  0.1796E-07
  0.1734E-07  0.1662E-07  0.1583E-07  0.1497E-07  0.1314E-07
  0.1129E-07  0.9526E-08  0.7921E-08  0.5329E-08  0.3542E-08
  0.2379E-08  0.1637E-08  0.1163E-08  0.8553E-09  0.6490E-09
  0.5068E-09  0.4063E-09  0.3339E-09  0.2804E-09  0.2401E-09
  0.1869E-09  0.1548E-09  0.9763E-10  0.6210E-10  0.4201E-10
  0.3001E-10  0.2232E-10  0.1727E-10  0.6253E-11  0.3027E-11
  0.1728E-11  0.1039E-11  0.6687E-12  0.4775E-12  0.2684E-12
  0.8513E-13  0.2895E-24  0.3260E-07  0.3258E-07  0.3253E-07
  0.3244E-07  0.3231E-07  0.3215E-07  0.3195E-07  0.3147E-07
  0.3085E-07  0.2992E-07  0.2884E-07  0.2762E-07  0.2630E-07
  0.2346E-07  0.2053E-07  0.1766E-07  0.1499E-07  0.1052E-07
  0.7272E-08  0.5042E-08  0.3548E-08  0.2554E-08  0.1889E-08
  0.1437E-08  0.1121E-08  0.8952E-09  0.7297E-09  0.6059E-09
  0.5115E-09  0.3837E-09  0.3098E-09  0.2113E-09  0.1351E-09
  0.9125E-10  0.6517E-10  0.4848E-10  0.3750E-10  0.1358E-10
  0.6574E-11  0.3753E-11  0.2260E-11  0.1456E-11  0.1036E-11
  0.5802E-12  0.1841E-12  0.5965E-24  0.5652E-07  0.5649E-07
  0.5641E-07  0.5627E-07  0.5609E-07  0.5584E-07  0.5555E-07
  0.5482E-07  0.5390E-07  0.5249E-07  0.5085E-07  0.4899E-07
  0.4697E-07  0.4254E-07  0.3786E-07  0.3319E-07  0.2874E-07
  0.2100E-07  0.1508E-07  0.1080E-07  0.7801E-08  0.5718E-08
  0.4274E-08  0.3267E-08  0.2554E-08  0.2039E-08  0.1658E-08
  0.1371E-08  0.1149E-08  0.8430E-09  0.6587E-09  0.4324E-09
  0.2980E-09  0.2039E-09  0.1456E-09  0.1083E-09  0.8379E-10
  0.3035E-10  0.1469E-10  0.8385E-11  0.5054E-11  0.3260E-11
  0.2312E-11  0.1290E-11  0.4093E-12  0.1256E-23  0.9968E-07
  0.9964E-07  0.9953E-07  0.9932E-07  0.9904E-07  0.9868E-07
  0.9825E-07  0.9715E-07  0.9577E-07  0.9366E-07  0.9116E-07
  0.8833E-07  0.8521E-07  0.7829E-07  0.7083E-07  0.6320E-07
  0.5575E-07  0.4231E-07  0.3153E-07  0.2336E-07  0.1735E-07
  0.1300E-07  0.9865E-08  0.7609E-08  0.5975E-08  0.4780E-08
  0.3890E-08  0.3213E-08  0.2690E-08  0.1953E-08  0.1485E-08
  0.9064E-09  0.6836E-09  0.4695E-09  0.3346E-09  0.2489E-09
  0.1925E-09  0.6974E-10  0.3375E-10  0.1927E-10  0.1163E-10
  0.7511E-11  0.5307E-11  0.2950E-11  0.9358E-12  0.2701E-23
  0.1791E-06  0.1791E-06  0.1789E-06  0.1786E-06  0.1782E-06
  0.1777E-06  0.1770E-06  0.1754E-06  0.1733E-06  0.1701E-06
  0.1663E-06  0.1620E-06  0.1572E-06  0.1464E-06  0.1344E-06
  0.1219E-06  0.1095E-06  0.8613E-07  0.6653E-07  0.5099E-07
  0.3901E-07  0.2996E-07  0.2319E-07  0.1814E-07  0.1437E-07
  0.1155E-07  0.9417E-08  0.7788E-08  0.6524E-08  0.4730E-08
  0.3565E-08  0.2045E-08  0.1482E-08  0.1115E-08  0.7961E-09
  0.5909E-09  0.4571E-09  0.1656E-09  0.8012E-10  0.4573E-10
  0.2764E-10  0.1788E-10  0.1258E-10  0.6964E-11  0.2210E-11
  0.5942E-23  0.3290E-06  0.3289E-06  0.3286E-06  0.3282E-06
  0.3275E-06  0.3267E-06  0.3258E-06  0.3233E-06  0.3202E-06
  0.3154E-06  0.3097E-06  0.3031E-06  0.2957E-06  0.2787E-06
  0.2596E-06  0.2392E-06  0.2182E-06  0.1777E-06  0.1422E-06
  0.1127E-06  0.8894E-07  0.7020E-07  0.5560E-07  0.4432E-07
  0.3561E-07  0.2888E-07  0.2367E-07  0.1962E-07  0.1645E-07
  0.1195E-07  0.9008E-08  0.4983E-08  0.3288E-08  0.2489E-08
  0.1971E-08  0.1463E-08  0.1129E-08  0.4091E-09  0.1980E-09
  0.1130E-09  0.6838E-10  0.4430E-10  0.3105E-10  0.1711E-10
  0.5430E-11  0.1343E-22  0.6205E-06  0.6203E-06  0.6200E-06
  0.6193E-06  0.6184E-06  0.6172E-06  0.6157E-06  0.6121E-06
  0.6075E-06  0.6003E-06  0.5916E-06  0.5816E-06  0.5702E-06
  0.5437E-06  0.5132E-06  0.4797E-06  0.4446E-06  0.3742E-06
  0.3095E-06  0.2534E-06  0.2064E-06  0.1677E-06  0.1363E-06
  0.1110E-06  0.9083E-07  0.7478E-07  0.6198E-07  0.5176E-07
  0.4357E-07  0.3171E-07  0.2393E-07  0.1311E-07  0.8205E-08
  0.5773E-08  0.4608E-08  0.3832E-08  0.3002E-08  0.1063E-08
  0.5142E-09  0.2935E-09  0.1779E-09  0.1154E-09  0.8055E-10
  0.4417E-10  0.1402E-10  0.3144E-22  0.1219E-05  0.1219E-05
  0.1218E-05  0.1217E-05  0.1216E-05  0.1214E-05  0.1212E-05
  0.1206E-05  0.1200E-05  0.1189E-05  0.1176E-05  0.1161E-05
  0.1143E-05  0.1102E-05  0.1053E-05  0.9982E-06  0.9390E-06
  0.8158E-06  0.6965E-06  0.5885E-06  0.4942E-06  0.4138E-06
  0.3459E-06  0.2890E-06  0.2417E-06  0.2027E-06  0.1707E-06
  0.1445E-06  0.1229E-06  0.9053E-07  0.6853E-07  0.3764E-07
  0.2308E-07  0.1549E-07  0.1149E-07  0.9394E-08  0.7418E-08
  0.2958E-08  0.1436E-08  0.8196E-09  0.4975E-09  0.3235E-09
  0.2247E-09  0.1226E-09  0.3890E-10  0.7738E-22  0.2517E-05
  0.2517E-05  0.2516E-05  0.2514E-05  0.2513E-05  0.2510E-05
  0.2507E-05  0.2499E-05  0.2489E-05  0.2474E-05  0.2454E-05
  0.2431E-05  0.2405E-05  0.2341E-05  0.2263E-05  0.2172E-05
  0.2072E-05  0.1855E-05  0.1633E-05  0.1423E-05  0.1231E-05
  0.1061E-05  0.9131E-06  0.7845E-06  0.6734E-06  0.5779E-06
  0.4964E-06  0.4274E-06  0.3690E-06  0.2783E-06  0.2138E-06
  0.1181E-06  0.7236E-07  0.4776E-07  0.3389E-07  0.2573E-07
  0.2012E-07  0.8995E-08  0.4384E-08  0.2502E-08  0.1521E-08
  0.9913E-09  0.6849E-09  0.3714E-09  0.1179E-09  0.2029E-21
  0.5516E-05  0.5515E-05  0.5514E-05  0.5512E-05  0.5509E-05
  0.5506E-05  0.5502E-05  0.5491E-05  0.5477E-05  0.5454E-05
  0.5427E-05  0.5393E-05  0.5354E-05  0.5256E-05  0.5133E-05
  0.4984E-05  0.4815E-05  0.4431E-05  0.4019E-05  0.3609E-05
  0.3215E-05  0.2850E-05  0.2519E-05  0.2223E-05  0.1960E-05
  0.1728E-05  0.1521E-05  0.1339E-05  0.1179E-05  0.9175E-06
  0.7207E-06  0.4131E-06  0.2529E-06  0.1667E-06  0.1172E-06
  0.8628E-07  0.6616E-07  0.3200E-07  0.1489E-07  0.8486E-08
  0.5170E-08  0.3377E-08  0.2320E-08  0.1250E-08  0.3969E-09
  0.5747E-21  0.1292E-04  0.1292E-04  0.1291E-04  0.1291E-04
  0.1291E-04  0.1290E-04  0.1290E-04  0.1288E-04  0.1287E-04
  0.1283E-04  0.1280E-04  0.1275E-04  0.1270E-04  0.1255E-04
  0.1236E-04  0.1212E-04  0.1184E-04  0.1117E-04  0.1040E-04
  0.9603E-05  0.8801E-05  0.8022E-05  0.7279E-05  0.6585E-05
  0.5948E-05  0.5370E-05  0.4848E-05  0.4375E-05  0.3946E-05
  0.3205E-05  0.2604E-05  0.1574E-05  0.9986E-06  0.6596E-06
  0.4604E-06  0.3378E-06  0.2574E-06  0.1029E-06  0.5995E-07
  0.3238E-07  0.1974E-07  0.1292E-07  0.8824E-08  0.4722E-08
  0.1500E-08  0.1763E-20  0.3232E-04  0.3231E-04  0.3231E-04
  0.3231E-04  0.3231E-04  0.3230E-04  0.3229E-04  0.3228E-04
  0.3226E-04  0.3222E-04  0.3217E-04  0.3211E-04  0.3204E-04
  0.3184E-04  0.3157E-04  0.3121E-04  0.3076E-04  0.2962E-04
  0.2821E-04  0.2665E-04  0.2502E-04  0.2338E-04  0.2176E-04
  0.2019E-04  0.1867E-04  0.1722E-04  0.1586E-04  0.1460E-04
  0.1345E-04  0.1141E-04  0.9673E-05  0.6355E-05  0.4223E-05
  0.2894E-05  0.2045E-05  0.1485E-05  0.1125E-05  0.3956E-06
  0.2111E-06  0.1468E-06  0.8388E-07  0.5495E-07  0.3729E-07
  0.1981E-07  0.6293E-08  0.5836E-20  0.8897E-04  0.8897E-04
  0.8897E-04  0.8896E-04  0.8896E-04  0.8895E-04  0.8894E-04
  0.8892E-04  0.8891E-04  0.8885E-04  0.8880E-04  0.8873E-04
  0.8866E-04  0.8841E-04  0.8806E-04  0.8755E-04  0.8690E-04
  0.8507E-04  0.8256E-04  0.7953E-04  0.7614E-04  0.7259E-04
  0.6898E-04  0.6539E-04  0.6184E-04  0.5836E-04  0.5495E-04
  0.5163E-04  0.4843E-04  0.4248E-04  0.3727E-04  0.2691E-04
  0.1929E-04  0.1387E-04  0.1010E-04  0.7569E-05  0.5815E-05
  0.1980E-05  0.9318E-06  0.5880E-06  0.4451E-06  0.2928E-06
  0.1831E-06  0.9623E-07  0.3057E-07  0.2161E-19  0.2734E-03
  0.2734E-03  0.2734E-03  0.2733E-03  0.2733E-03  0.2733E-03
  0.2733E-03  0.2733E-03  0.2733E-03  0.2732E-03  0.2732E-03
  0.2731E-03  0.2730E-03  0.2727E-03  0.2724E-03  0.2717E-03
  0.2709E-03  0.2682E-03  0.2641E-03  0.2584E-03  0.2513E-03
  0.2434E-03  0.2349E-03  0.2262E-03  0.2174E-03  0.2087E-03
  0.2000E-03  0.1915E-03  0.1830E-03  0.1664E-03  0.1505E-03
  0.1162E-03  0.8993E-04  0.6917E-04  0.5306E-04  0.4100E-04
  0.3216E-04  0.1131E-04  0.5284E-05  0.2975E-05  0.1994E-05
  0.1353E-05  0.1089E-05  0.5301E-06  0.1684E-06  0.8898E-19
  0.9369E-03  0.9368E-03  0.9369E-03  0.9368E-03  0.9368E-03
  0.9368E-03  0.9368E-03  0.9367E-03  0.9368E-03  0.9366E-03
  0.9366E-03  0.9365E-03  0.9365E-03  0.9361E-03  0.9357E-03
  0.9348E-03  0.9338E-03  0.9304E-03  0.9243E-03  0.9146E-03
  0.9005E-03  0.8827E-03  0.8620E-03  0.8397E-03  0.8164E-03
  0.7929E-03  0.7690E-03  0.7452E-03  0.7213E-03  0.6741E-03
  0.6271E-03  0.5145E-03  0.4185E-03  0.3415E-03  0.2771E-03
  0.2241E-03  0.1821E-03  0.7035E-04  0.3274E-04  0.1815E-04
  0.1107E-04  0.7309E-05  0.5320E-05  0.3359E-05  0.1002E-05
  0.4008E-18  0.3584E-02  0.3584E-02  0.3584E-02  0.3584E-02
  0.3584E-02  0.3584E-02  0.3584E-02  0.3584E-02  0.3584E-02
  0.3584E-02  0.3584E-02  0.3583E-02  0.3583E-02  0.3582E-02
  0.3582E-02  0.3580E-02  0.3578E-02  0.3574E-02  0.3567E-02
  0.3553E-02  0.3527E-02  0.3490E-02  0.3439E-02  0.3379E-02
  0.3313E-02  0.3243E-02  0.3172E-02  0.3099E-02  0.3025E-02
  0.2876E-02  0.2727E-02  0.2359E-02  0.2000E-02  0.1688E-02
  0.1430E-02  0.1207E-02  0.1018E-02  0.4357E-03  0.2099E-03
  0.1165E-03  0.7039E-04  0.4577E-04  0.3016E-04  0.1722E-04
  0.6564E-05  0.1940E-17  0.1486E-01  0.1486E-01  0.1486E-01
  0.1486E-01  0.1486E-01  0.1486E-01  0.1486E-01  0.1486E-01
  0.1486E-01  0.1486E-01  0.1486E-01  0.1486E-01  0.1485E-01
  0.1485E-01  0.1485E-01  0.1484E-01  0.1484E-01  0.1483E-01
  0.1482E-01  0.1481E-01  0.1477E-01  0.1470E-01  0.1459E-01
  0.1444E-01  0.1425E-01  0.1404E-01  0.1381E-01  0.1357E-01
  0.1332E-01  0.1282E-01  0.1231E-01  0.1102E-01  0.9737E-02
  0.8476E-02  0.7331E-02  0.6374E-02  0.5545E-02  0.2656E-02
  0.1349E-02  0.7457E-03  0.4514E-03  0.2950E-03  0.1899E-03
  0.9632E-04  0.3404E-04  0.9895E-17  0.5867E-01  0.5866E-01
  0.5867E-01  0.5866E-01  0.5866E-01  0.5866E-01  0.5866E-01
  0.5866E-01  0.5867E-01  0.5866E-01  0.5866E-01  0.5865E-01
  0.5865E-01  0.5863E-01  0.5862E-01  0.5860E-01  0.5858E-01
  0.5854E-01  0.5852E-01  0.5851E-01  0.5848E-01  0.5842E-01
  0.5826E-01  0.5800E-01  0.5761E-01  0.5710E-01  0.5648E-01
  0.5580E-01  0.5506E-01  0.5352E-01  0.5192E-01  0.4778E-01
  0.4353E-01  0.3935E-01  0.3528E-01  0.3139E-01  0.2785E-01
  0.1539E-01  0.8394E-02  0.4866E-02  0.2940E-02  0.1901E-02
  0.1226E-02  0.6027E-03  0.1900E-03  0.5461E-16  0.1812E+00
  0.1812E+00  0.1812E+00  0.1812E+00  0.1812E+00  0.1812E+00
  0.1812E+00  0.1812E+00  0.1812E+00  0.1812E+00  0.1812E+00
  0.1811E+00  0.1811E+00  0.1811E+00  0.1811E+00  0.1810E+00
  0.1809E+00  0.1808E+00  0.1807E+00  0.1806E+00  0.1806E+00
  0.1805E+00  0.1804E+00  0.1802E+00  0.1797E+00  0.1791E+00
  0.1781E+00  0.1770E+00  0.1756E+00  0.1723E+00  0.1687E+00
  0.1590E+00  0.1487E+00  0.1382E+00  0.1276E+00  0.1173E+00
  0.1075E+00  0.6752E-01  0.4217E-01  0.2651E-01  0.1691E-01
  0.1133E-01  0.7217E-02  0.3504E-02  0.1093E-02  0.3016E-15
  0.4366E+00  0.4366E+00  0.4366E+00  0.4365E+00  0.4366E+00
  0.4365E+00  0.4365E+00  0.4365E+00  0.4366E+00  0.4365E+00
  0.4365E+00  0.4365E+00  0.4365E+00  0.4364E+00  0.4364E+00
  0.4362E+00  0.4361E+00  0.4357E+00  0.4355E+00  0.4352E+00
  0.4351E+00  0.4349E+00  0.4347E+00  0.4345E+00  0.4341E+00
  0.4335E+00  0.4326E+00  0.4314E+00  0.4298E+00  0.4255E+00
  0.4200E+00  0.4031E+00  0.3846E+00  0.3649E+00  0.3448E+00
  0.3244E+00  0.3041E+00  0.2150E+00  0.1486E+00  0.1033E+00
  0.7127E-01  0.5000E-01  0.3294E-01  0.1653E-01  0.5112E-02
  0.1425E-14  0.8671E+00  0.8671E+00  0.8671E+00  0.8670E+00
  0.8671E+00  0.8671E+00  0.8671E+00  0.8671E+00  0.8671E+00
  0.8670E+00  0.8671E+00  0.8670E+00  0.8670E+00  0.8669E+00
  0.8668E+00  0.8665E+00  0.8662E+00  0.8657E+00  0.8651E+00
  0.8647E+00  0.8643E+00  0.8640E+00  0.8636E+00  0.8631E+00
  0.8626E+00  0.8619E+00  0.8609E+00  0.8598E+00  0.8583E+00
  0.8540E+00  0.8479E+00  0.8259E+00  0.7986E+00  0.7692E+00
  0.7384E+00  0.7064E+00  0.6738E+00  0.5187E+00  0.3900E+00
  0.2915E+00  0.2168E+00  0.1618E+00  0.1115E+00  0.5896E-01
  0.1905E-01  0.5473E-14  0.1539E+01  0.1539E+01  0.1539E+01
  0.1539E+01  0.1539E+01  0.1539E+01  0.1539E+01  0.1539E+01
  0.1539E+01  0.1539E+01  0.1539E+01  0.1539E+01  0.1539E+01
  0.1539E+01  0.1539E+01  0.1538E+01  0.1538E+01  0.1537E+01
  0.1536E+01  0.1536E+01  0.1535E+01  0.1534E+01  0.1534E+01
  0.1533E+01  0.1532E+01  0.1531E+01  0.1530E+01  0.1528E+01
  0.1527E+01  0.1522E+01  0.1516E+01  0.1493E+01  0.1459E+01
  0.1419E+01  0.1377E+01  0.1333E+01  0.1288E+01  0.1057E+01
  0.8468E+00  0.6722E+00  0.5269E+00  0.4157E+00  0.2998E+00
  0.1706E+00  0.5735E-01  0.1766E-13  0.2549E+01  0.2549E+01
  0.2549E+01  0.2549E+01  0.2549E+01  0.2549E+01  0.2549E+01
  0.2549E+01  0.2549E+01  0.2549E+01  0.2549E+01  0.2549E+01
  0.2549E+01  0.2548E+01  0.2548E+01  0.2548E+01  0.2547E+01
  0.2546E+01  0.2544E+01  0.2543E+01  0.2542E+01  0.2541E+01
  0.2540E+01  0.2539E+01  0.2538E+01  0.2537E+01  0.2535E+01
  0.2533E+01  0.2531E+01  0.2526E+01  0.2520E+01  0.2496E+01
  0.2459E+01  0.2410E+01  0.2356E+01  0.2299E+01  0.2240E+01
  0.1931E+01  0.1622E+01  0.1351E+01  0.1108E+01  0.9085E+00
  0.6806E+00  0.4166E+00  0.1471E+00  0.4946E-13  0.4035E+01
  0.4035E+01  0.4035E+01  0.4034E+01  0.4035E+01  0.4034E+01
  0.4034E+01  0.4035E+01  0.4035E+01  0.4035E+01  0.4035E+01
  0.4035E+01  0.4035E+01  0.4034E+01  0.4034E+01  0.4033E+01
  0.4033E+01  0.4031E+01  0.4029E+01  0.4027E+01  0.4026E+01
  0.4024E+01  0.4023E+01  0.4021E+01  0.4020E+01  0.4018E+01
  0.4016E+01  0.4014E+01  0.4011E+01  0.4005E+01  0.3998E+01
  0.3973E+01  0.3936E+01  0.3882E+01  0.3816E+01  0.3744E+01
  0.3670E+01  0.3277E+01  0.2862E+01  0.2469E+01  0.2101E+01
  0.1780E+01  0.1374E+01  0.8932E+00  0.3320E+00  0.1240E-12
