                        3167.   5.23   0.20   0.09
    50   0.0   0.0    1.0000  0.0001
  46
      8467.258      8467.268      8467.278      8467.288      8467.298
      8467.308      8467.318      8467.338      8467.358      8467.383
      8467.408      8467.433      8467.458      8467.508      8467.558
      8467.608      8467.658      8467.758      8467.858      8467.958
      8468.058      8468.158      8468.258      8468.358      8468.458
      8468.558      8468.658      8468.758      8468.858      8469.058
      8469.258      8469.758      8470.258      8470.758      8471.258
      8471.758      8472.258      8474.758      8477.258      8479.758
      8482.258      8484.758      8487.258      8492.258      8497.258
      8502.258
 -0.1574E-13 -0.1573E-13 -0.1569E-13 -0.1563E-13 -0.1555E-13
 -0.1543E-13 -0.1530E-13 -0.1494E-13 -0.1447E-13 -0.1372E-13
 -0.1280E-13 -0.1175E-13 -0.1059E-13 -0.8142E-14 -0.5867E-14
 -0.4026E-14 -0.2698E-14 -0.1252E-14 -0.6673E-15 -0.4080E-15
 -0.2744E-15 -0.1967E-15 -0.1473E-15 -0.1140E-15 -0.9048E-16
 -0.7332E-16 -0.6044E-16 -0.5056E-16 -0.4283E-16 -0.3171E-16
 -0.2433E-16 -0.1383E-16 -0.8710E-17 -0.5895E-17 -0.4212E-17
 -0.3134E-17 -0.2423E-17 -0.8777E-18 -0.4252E-18 -0.2427E-18
 -0.1437E-18 -0.9067E-19 -0.6824E-19 -0.4045E-19 -0.1282E-19
 -0.5033E-31  0.2269E-13  0.2261E-13  0.2238E-13  0.2200E-13
  0.2148E-13  0.2083E-13  0.2006E-13  0.1820E-13  0.1603E-13
  0.1308E-13  0.1009E-13  0.7281E-14  0.4807E-14  0.1185E-14
 -0.7151E-15 -0.1379E-14 -0.1386E-14 -0.8877E-15 -0.5109E-15
 -0.3157E-15 -0.2125E-15 -0.1522E-15 -0.1140E-15 -0.8816E-16
 -0.6998E-16 -0.5670E-16 -0.4674E-16 -0.3910E-16 -0.3312E-16
 -0.2452E-16 -0.1881E-16 -0.1070E-16 -0.6734E-17 -0.4557E-17
 -0.3256E-17 -0.2423E-17 -0.1873E-17 -0.6785E-18 -0.3287E-18
 -0.1877E-18 -0.1112E-18 -0.7022E-19 -0.5270E-19 -0.3115E-19
 -0.9876E-20 -0.3708E-31  0.8286E-13  0.8265E-13  0.8201E-13
  0.8095E-13  0.7950E-13  0.7767E-13  0.7549E-13  0.7022E-13
  0.6397E-13  0.5528E-13  0.4624E-13  0.3741E-13  0.2927E-13
  0.1614E-13  0.7645E-14  0.2988E-14  0.8263E-15 -0.2392E-15
 -0.2225E-15 -0.1442E-15 -0.9711E-16 -0.6944E-16 -0.5194E-16
 -0.4015E-16 -0.3185E-16 -0.2580E-16 -0.2126E-16 -0.1778E-16
 -0.1506E-16 -0.1115E-16 -0.8550E-17 -0.4859E-17 -0.3059E-17
 -0.2070E-17 -0.1479E-17 -0.1100E-17 -0.8508E-18 -0.3081E-18
 -0.1493E-18 -0.8521E-19 -0.5068E-19 -0.3215E-19 -0.2382E-19
 -0.1390E-19 -0.4407E-20 -0.1283E-31  0.1781E-12  0.1777E-12
  0.1764E-12  0.1743E-12  0.1714E-12  0.1677E-12  0.1634E-12
  0.1528E-12  0.1402E-12  0.1226E-12  0.1041E-12  0.8580E-13
  0.6874E-13  0.4056E-13  0.2151E-13  0.1037E-13  0.4655E-14
  0.9388E-15  0.3136E-15  0.1759E-15  0.1181E-15  0.8491E-16
  0.6373E-16  0.4938E-16  0.3924E-16  0.3182E-16  0.2625E-16
  0.2197E-16  0.1862E-16  0.1379E-16  0.1059E-16  0.6020E-17
  0.3792E-17  0.2567E-17  0.1834E-17  0.1365E-17  0.1055E-17
  0.3822E-18  0.1852E-18  0.1057E-18  0.6220E-19  0.3891E-19
  0.2998E-19  0.1816E-19  0.5758E-20  0.3199E-31  0.3298E-12
  0.3291E-12  0.3268E-12  0.3231E-12  0.3179E-12  0.3114E-12
  0.3037E-12  0.2848E-12  0.2623E-12  0.2307E-12  0.1973E-12
  0.1642E-12  0.1331E-12  0.8091E-13  0.4482E-13  0.2307E-13
  0.1141E-13  0.3117E-14  0.1321E-14  0.7782E-15  0.5229E-15
  0.3751E-15  0.2811E-15  0.2176E-15  0.1728E-15  0.1401E-15
  0.1155E-15  0.9664E-16  0.8188E-16  0.6063E-16  0.4653E-16
  0.2645E-16  0.1666E-16  0.1128E-16  0.8057E-17  0.5994E-17
  0.4635E-17  0.1679E-17  0.8133E-18  0.4644E-18  0.2743E-18
  0.1726E-18  0.1309E-18  0.7821E-19  0.2480E-19  0.1154E-30
  0.5722E-12  0.5709E-12  0.5672E-12  0.5609E-12  0.5522E-12
  0.5413E-12  0.5283E-12  0.4965E-12  0.4585E-12  0.4050E-12
  0.3484E-12  0.2919E-12  0.2384E-12  0.1480E-12  0.8434E-13
  0.4511E-13  0.2347E-13  0.7187E-14  0.3228E-14  0.1915E-14
  0.1286E-14  0.9219E-15  0.6907E-15  0.5346E-15  0.4245E-15
  0.3440E-15  0.2836E-15  0.2373E-15  0.2010E-15  0.1489E-15
  0.1142E-15  0.6494E-16  0.4089E-16  0.2768E-16  0.1978E-16
  0.1471E-16  0.1138E-16  0.4120E-17  0.1996E-17  0.1140E-17
  0.6741E-18  0.4246E-18  0.3209E-18  0.1909E-18  0.6054E-19
  0.2711E-30  0.9600E-12  0.9579E-12  0.9517E-12  0.9415E-12
  0.9274E-12  0.9095E-12  0.8882E-12  0.8363E-12  0.7741E-12
  0.6863E-12  0.5930E-12  0.4995E-12  0.4106E-12  0.2589E-12
  0.1505E-12  0.8254E-13  0.4422E-13  0.1439E-13  0.6719E-14
  0.4047E-14  0.2727E-14  0.1955E-14  0.1465E-14  0.1134E-14
  0.8999E-15  0.7293E-15  0.6012E-15  0.5030E-15  0.4261E-15
  0.3155E-15  0.2421E-15  0.1376E-15  0.8665E-16  0.5865E-16
  0.4191E-16  0.3118E-16  0.2411E-16  0.8732E-17  0.4230E-17
  0.2415E-17  0.1430E-17  0.9014E-18  0.6794E-18  0.4032E-18
  0.1279E-18  0.5604E-30  0.1581E-11  0.1578E-11  0.1568E-11
  0.1551E-11  0.1529E-11  0.1500E-11  0.1466E-11  0.1383E-11
  0.1283E-11  0.1141E-11  0.9900E-12  0.8381E-12  0.6929E-12
  0.4430E-12  0.2621E-12  0.1466E-12  0.8035E-13  0.2737E-13
  0.1320E-13  0.8065E-14  0.5455E-14  0.3914E-14  0.2931E-14
  0.2268E-14  0.1800E-14  0.1459E-14  0.1203E-14  0.1006E-14
  0.8523E-15  0.6310E-15  0.4842E-15  0.2752E-15  0.1733E-15
  0.1173E-15  0.8380E-16  0.6235E-16  0.4821E-16  0.1746E-16
  0.8459E-17  0.4830E-17  0.2861E-17  0.1805E-17  0.1358E-17
  0.8039E-18  0.2549E-18  0.1099E-29  0.2578E-11  0.2573E-11
  0.2557E-11  0.2531E-11  0.2495E-11  0.2450E-11  0.2396E-11
  0.2263E-11  0.2104E-11  0.1879E-11  0.1637E-11  0.1393E-11
  0.1159E-11  0.7520E-12  0.4532E-12  0.2592E-12  0.1456E-12
  0.5186E-13  0.2558E-13  0.1573E-13  0.1065E-13  0.7637E-14
  0.5718E-14  0.4424E-14  0.3512E-14  0.2845E-14  0.2346E-14
  0.1962E-14  0.1662E-14  0.1230E-14  0.9441E-15  0.5367E-15
  0.3379E-15  0.2287E-15  0.1634E-15  0.1216E-15  0.9400E-16
  0.3405E-16  0.1649E-16  0.9416E-17  0.5581E-17  0.3525E-17
  0.2645E-17  0.1563E-17  0.4955E-18  0.2108E-29  0.4180E-11
  0.4172E-11  0.4147E-11  0.4106E-11  0.4050E-11  0.3979E-11
  0.3894E-11  0.3686E-11  0.3435E-11  0.3078E-11  0.2695E-11
  0.2306E-11  0.1930E-11  0.1271E-11  0.7807E-12  0.4561E-12
  0.2619E-12  0.9674E-13  0.4856E-13  0.3015E-13  0.2051E-13
  0.1473E-13  0.1103E-13  0.8532E-14  0.6771E-14  0.5486E-14
  0.4522E-14  0.3783E-14  0.3204E-14  0.2372E-14  0.1820E-14
  0.1034E-14  0.6513E-15  0.4408E-15  0.3149E-15  0.2343E-15
  0.1812E-15  0.6562E-16  0.3179E-16  0.1815E-16  0.1076E-16
  0.6804E-17  0.5093E-17  0.3003E-17  0.9521E-18  0.3997E-29
  0.6751E-11  0.6738E-11  0.6700E-11  0.6636E-11  0.6549E-11
  0.6437E-11  0.6305E-11  0.5979E-11  0.5586E-11  0.5025E-11
  0.4420E-11  0.3804E-11  0.3205E-11  0.2146E-11  0.1343E-11
  0.8023E-12  0.4713E-12  0.1804E-12  0.9205E-13  0.5761E-13
  0.3932E-13  0.2825E-13  0.2115E-13  0.1636E-13  0.1298E-13
  0.1052E-13  0.8668E-14  0.7250E-14  0.6141E-14  0.4546E-14
  0.3488E-14  0.1982E-14  0.1248E-14  0.8447E-15  0.6035E-15
  0.4490E-15  0.3472E-15  0.1257E-15  0.6091E-16  0.3478E-16
  0.2064E-16  0.1306E-16  0.9752E-17  0.5737E-17  0.1819E-17
  0.7533E-29  0.1088E-10  0.1086E-10  0.1080E-10  0.1070E-10
  0.1057E-10  0.1039E-10  0.1019E-10  0.9682E-11  0.9069E-11
  0.8193E-11  0.7244E-11  0.6271E-11  0.5321E-11  0.3622E-11
  0.2313E-11  0.1412E-11  0.8467E-12  0.3321E-12  0.1700E-12
  0.1075E-12  0.7449E-13  0.5395E-13  0.4048E-13  0.3132E-13
  0.2485E-13  0.2013E-13  0.1659E-13  0.1388E-13  0.1175E-13
  0.8700E-14  0.6675E-14  0.3794E-14  0.2388E-14  0.1616E-14
  0.1155E-14  0.8591E-15  0.6644E-15  0.2406E-15  0.1165E-15
  0.6654E-16  0.3952E-16  0.2502E-16  0.1864E-16  0.1094E-16
  0.3470E-17  0.1416E-28  0.1751E-10  0.1748E-10  0.1739E-10
  0.1724E-10  0.1703E-10  0.1676E-10  0.1644E-10  0.1566E-10
  0.1471E-10  0.1334E-10  0.1186E-10  0.1033E-10  0.8831E-11
  0.6117E-11  0.3987E-11  0.2488E-11  0.1524E-11  0.6119E-12
  0.3137E-12  0.2004E-12  0.1410E-12  0.1030E-12  0.7746E-13
  0.5994E-13  0.4755E-13  0.3852E-13  0.3175E-13  0.2655E-13
  0.2249E-13  0.1664E-13  0.1277E-13  0.7257E-14  0.4568E-14
  0.3092E-14  0.2209E-14  0.1643E-14  0.1271E-14  0.4602E-15
  0.2229E-15  0.1273E-15  0.7563E-16  0.4793E-16  0.3563E-16
  0.2086E-16  0.6616E-17  0.2658E-28  0.2814E-10  0.2810E-10
  0.2796E-10  0.2772E-10  0.2740E-10  0.2699E-10  0.2650E-10
  0.2529E-10  0.2383E-10  0.2171E-10  0.1941E-10  0.1702E-10
  0.1466E-10  0.1034E-10  0.6883E-11  0.4398E-11  0.2756E-11
  0.1139E-11  0.5836E-12  0.3732E-12  0.2656E-12  0.1961E-12
  0.1481E-12  0.1148E-12  0.9105E-13  0.7375E-13  0.6078E-13
  0.5083E-13  0.4305E-13  0.3186E-13  0.2444E-13  0.1389E-13
  0.8743E-14  0.5917E-14  0.4227E-14  0.3145E-14  0.2432E-14
  0.8808E-15  0.4266E-15  0.2436E-15  0.1449E-15  0.9188E-16
  0.6813E-16  0.3980E-16  0.1262E-16  0.4988E-28  0.4516E-10
  0.4509E-10  0.4488E-10  0.4452E-10  0.4403E-10  0.4340E-10
  0.4265E-10  0.4080E-10  0.3855E-10  0.3530E-10  0.3173E-10
  0.2801E-10  0.2431E-10  0.1746E-10  0.1188E-10  0.7776E-11
  0.4990E-11  0.2131E-11  0.1098E-11  0.7013E-12  0.5031E-12
  0.3744E-12  0.2837E-12  0.2199E-12  0.1745E-12  0.1413E-12
  0.1164E-12  0.9736E-13  0.8245E-13  0.6102E-13  0.4681E-13
  0.2660E-13  0.1674E-13  0.1133E-13  0.8095E-14  0.6022E-14
  0.4657E-14  0.1687E-14  0.8170E-15  0.4664E-15  0.2776E-15
  0.1762E-15  0.1304E-15  0.7597E-16  0.2409E-16  0.9362E-28
  0.7231E-10  0.7220E-10  0.7188E-10  0.7133E-10  0.7059E-10
  0.6964E-10  0.6850E-10  0.6568E-10  0.6225E-10  0.5727E-10
  0.5177E-10  0.4602E-10  0.4025E-10  0.2946E-10  0.2050E-10
  0.1375E-10  0.9041E-11  0.4002E-11  0.2065E-11  0.1299E-11
  0.9308E-12  0.7021E-12  0.5393E-12  0.4205E-12  0.3342E-12
  0.2707E-12  0.2230E-12  0.1865E-12  0.1579E-12  0.1169E-12
  0.8964E-13  0.5094E-13  0.3206E-13  0.2170E-13  0.1550E-13
  0.1153E-13  0.8918E-14  0.3230E-14  0.1564E-14  0.8931E-15
  0.5319E-15  0.3380E-15  0.2494E-15  0.1450E-15  0.4598E-16
  0.1755E-27  0.1157E-09  0.1155E-09  0.1150E-09  0.1142E-09
  0.1131E-09  0.1116E-09  0.1099E-09  0.1056E-09  0.1004E-09
  0.9284E-10  0.8444E-10  0.7558E-10  0.6665E-10  0.4972E-10
  0.3539E-10  0.2433E-10  0.1641E-10  0.7542E-11  0.3899E-11
  0.2397E-11  0.1697E-11  0.1298E-11  0.1018E-11  0.8037E-12
  0.6411E-12  0.5195E-12  0.4281E-12  0.3579E-12  0.3031E-12
  0.2243E-12  0.1720E-12  0.9775E-13  0.6152E-13  0.4163E-13
  0.2974E-13  0.2213E-13  0.1711E-13  0.6197E-14  0.3001E-14
  0.1713E-14  0.1021E-14  0.6495E-15  0.4781E-15  0.2773E-15
  0.8792E-16  0.3294E-27  0.1852E-09  0.1849E-09  0.1842E-09
  0.1830E-09  0.1813E-09  0.1791E-09  0.1765E-09  0.1701E-09
  0.1622E-09  0.1507E-09  0.1379E-09  0.1243E-09  0.1105E-09
  0.8409E-10  0.6125E-10  0.4318E-10  0.2987E-10  0.1430E-10
  0.7478E-11  0.4512E-11  0.3114E-11  0.2361E-11  0.1877E-11
  0.1515E-11  0.1227E-11  0.1000E-11  0.8254E-12  0.6902E-12
  0.5845E-12  0.4325E-12  0.3317E-12  0.1885E-12  0.1186E-12
  0.8026E-13  0.5734E-13  0.4266E-13  0.3299E-13  0.1195E-13
  0.5786E-14  0.3303E-14  0.1970E-14  0.1254E-14  0.9210E-15
  0.5327E-15  0.1689E-15  0.6203E-27  0.2965E-09  0.2961E-09
  0.2950E-09  0.2932E-09  0.2907E-09  0.2874E-09  0.2835E-09
  0.2739E-09  0.2621E-09  0.2447E-09  0.2253E-09  0.2046E-09
  0.1834E-09  0.1423E-09  0.1060E-09  0.7661E-10  0.5435E-10
  0.2716E-10  0.1447E-10  0.8648E-11  0.5815E-11  0.4313E-11
  0.3430E-11  0.2824E-11  0.2338E-11  0.1929E-11  0.1597E-11
  0.1336E-11  0.1131E-11  0.8370E-12  0.6419E-12  0.3647E-12
  0.2295E-12  0.1553E-12  0.1109E-12  0.8253E-13  0.6383E-13
  0.2312E-13  0.1120E-13  0.6391E-14  0.3815E-14  0.2431E-14
  0.1780E-14  0.1027E-14  0.3257E-15  0.1171E-26  0.4751E-09
  0.4745E-09  0.4729E-09  0.4702E-09  0.4664E-09  0.4616E-09
  0.4558E-09  0.4414E-09  0.4237E-09  0.3977E-09  0.3683E-09
  0.3369E-09  0.3045E-09  0.2408E-09  0.1835E-09  0.1359E-09
  0.9886E-10  0.5160E-10  0.2818E-10  0.1687E-10  0.1116E-10
  0.8070E-11  0.6292E-11  0.5174E-11  0.4354E-11  0.3671E-11
  0.3084E-11  0.2595E-11  0.2200E-11  0.1628E-11  0.1248E-11
  0.7092E-12  0.4463E-12  0.3020E-12  0.2157E-12  0.1605E-12
  0.1241E-12  0.4495E-13  0.2177E-13  0.1243E-13  0.7424E-14
  0.4735E-14  0.3459E-14  0.1990E-14  0.6312E-15  0.2217E-26
  0.7626E-09  0.7618E-09  0.7594E-09  0.7553E-09  0.7498E-09
  0.7426E-09  0.7341E-09  0.7127E-09  0.6863E-09  0.6473E-09
  0.6033E-09  0.5557E-09  0.5064E-09  0.4081E-09  0.3179E-09
  0.2412E-09  0.1798E-09  0.9810E-10  0.5513E-10  0.3333E-10
  0.2189E-10  0.1552E-10  0.1179E-10  0.9524E-11  0.8049E-11
  0.6931E-11  0.5945E-11  0.5057E-11  0.4301E-11  0.3184E-11
  0.2442E-11  0.1387E-11  0.8728E-12  0.5906E-12  0.4219E-12
  0.3138E-12  0.2427E-12  0.8791E-13  0.4257E-13  0.2430E-13
  0.1453E-13  0.9277E-14  0.6758E-14  0.3878E-14  0.1230E-14
  0.4219E-26  0.1227E-08  0.1226E-08  0.1222E-08  0.1216E-08
  0.1208E-08  0.1198E-08  0.1185E-08  0.1153E-08  0.1114E-08
  0.1056E-08  0.9903E-09  0.9187E-09  0.8439E-09  0.6929E-09
  0.5515E-09  0.4283E-09  0.3270E-09  0.1864E-09  0.1081E-09
  0.6631E-10  0.4358E-10  0.3058E-10  0.2278E-10  0.1796E-10
  0.1493E-10  0.1287E-10  0.1125E-10  0.9782E-11  0.8435E-11
  0.6271E-11  0.4806E-11  0.2730E-11  0.1718E-11  0.1162E-11
  0.8303E-12  0.6177E-12  0.4777E-12  0.1730E-12  0.8378E-13
  0.4783E-13  0.2862E-13  0.1829E-13  0.1329E-13  0.7604E-14
  0.2412E-14  0.8072E-26  0.1981E-08  0.1979E-08  0.1974E-08
  0.1965E-08  0.1953E-08  0.1937E-08  0.1919E-08  0.1872E-08
  0.1814E-08  0.1728E-08  0.1630E-08  0.1523E-08  0.1410E-08
  0.1179E-08  0.9579E-09  0.7609E-09  0.5945E-09  0.3541E-09
  0.2123E-09  0.1327E-09  0.8776E-10  0.6138E-10  0.4519E-10
  0.3490E-10  0.2822E-10  0.2378E-10  0.2063E-10  0.1817E-10
  0.1605E-10  0.1238E-10  0.9540E-11  0.5418E-11  0.3409E-11
  0.2306E-11  0.1647E-11  0.1226E-11  0.9479E-12  0.3433E-12
  0.1662E-12  0.9489E-13  0.5683E-13  0.3636E-13  0.2634E-13
  0.1503E-13  0.4768E-14  0.1553E-25  0.3211E-08  0.3209E-08
  0.3201E-08  0.3188E-08  0.3170E-08  0.3148E-08  0.3120E-08
  0.3052E-08  0.2967E-08  0.2840E-08  0.2694E-08  0.2533E-08
  0.2363E-08  0.2011E-08  0.1667E-08  0.1354E-08  0.1082E-08
  0.6727E-09  0.4179E-09  0.2671E-09  0.1784E-09  0.1251E-09
  0.9167E-10  0.6996E-10  0.5544E-10  0.4549E-10  0.3854E-10
  0.3359E-10  0.2996E-10  0.2424E-10  0.1911E-10  0.1086E-10
  0.6834E-11  0.4624E-11  0.3303E-11  0.2457E-11  0.1900E-11
  0.6883E-12  0.3333E-12  0.1902E-12  0.1140E-12  0.7303E-13
  0.5276E-13  0.3002E-13  0.9521E-14  0.3011E-25  0.5242E-08
  0.5238E-08  0.5227E-08  0.5208E-08  0.5183E-08  0.5149E-08
  0.5109E-08  0.5009E-08  0.4884E-08  0.4697E-08  0.4480E-08
  0.4241E-08  0.3985E-08  0.3448E-08  0.2915E-08  0.2416E-08
  0.1972E-08  0.1280E-08  0.8244E-09  0.5406E-09  0.3664E-09
  0.2584E-09  0.1894E-09  0.1439E-09  0.1128E-09  0.9105E-10
  0.7553E-10  0.6438E-10  0.5639E-10  0.4583E-10  0.3793E-10
  0.2211E-10  0.1389E-10  0.9397E-11  0.6712E-11  0.4993E-11
  0.3862E-11  0.1399E-11  0.6772E-12  0.3866E-12  0.2319E-12
  0.1487E-12  0.1071E-12  0.6076E-13  0.1927E-13  0.5896E-25
  0.8640E-08  0.8635E-08  0.8619E-08  0.8591E-08  0.8554E-08
  0.8505E-08  0.8447E-08  0.8300E-08  0.8116E-08  0.7839E-08
  0.7518E-08  0.7160E-08  0.6776E-08  0.5958E-08  0.5129E-08
  0.4336E-08  0.3615E-08  0.2446E-08  0.1636E-08  0.1104E-08
  0.7619E-09  0.5422E-09  0.3989E-09  0.3029E-09  0.2365E-09
  0.1893E-09  0.1550E-09  0.1298E-09  0.1111E-09  0.8685E-10
  0.7192E-10  0.4519E-10  0.2873E-10  0.1944E-10  0.1389E-10
  0.1033E-10  0.7989E-11  0.2894E-11  0.1401E-11  0.7997E-12
  0.4802E-12  0.3083E-12  0.2214E-12  0.1252E-12  0.3970E-13
  0.1170E-24  0.1443E-07  0.1442E-07  0.1440E-07  0.1436E-07
  0.1430E-07  0.1423E-07  0.1414E-07  0.1393E-07  0.1366E-07
  0.1325E-07  0.1277E-07  0.1223E-07  0.1166E-07  0.1041E-07
  0.9117E-08  0.7855E-08  0.6682E-08  0.4709E-08  0.3270E-08
  0.2276E-08  0.1606E-08  0.1158E-08  0.8576E-09  0.6527E-09
  0.5096E-09  0.4068E-09  0.3312E-09  0.2746E-09  0.2318E-09
  0.1743E-09  0.1405E-09  0.9521E-10  0.6088E-10  0.4112E-10
  0.2937E-10  0.2185E-10  0.1690E-10  0.6120E-11  0.2963E-11
  0.1691E-11  0.1017E-11  0.6534E-12  0.4677E-12  0.2635E-12
  0.8360E-13  0.2363E-24  0.2450E-07  0.2449E-07  0.2445E-07
  0.2439E-07  0.2431E-07  0.2421E-07  0.2408E-07  0.2376E-07
  0.2336E-07  0.2276E-07  0.2205E-07  0.2124E-07  0.2037E-07
  0.1846E-07  0.1644E-07  0.1443E-07  0.1251E-07  0.9164E-08
  0.6603E-08  0.4745E-08  0.3434E-08  0.2521E-08  0.1887E-08
  0.1443E-08  0.1129E-08  0.9014E-09  0.7328E-09  0.6052E-09
  0.5075E-09  0.3728E-09  0.2913E-09  0.1903E-09  0.1307E-09
  0.8936E-10  0.6382E-10  0.4748E-10  0.3672E-10  0.1330E-10
  0.6439E-11  0.3675E-11  0.2212E-11  0.1423E-11  0.1015E-11
  0.5701E-12  0.1808E-12  0.4874E-24  0.4231E-07  0.4229E-07
  0.4224E-07  0.4215E-07  0.4204E-07  0.4188E-07  0.4170E-07
  0.4123E-07  0.4064E-07  0.3974E-07  0.3868E-07  0.3748E-07
  0.3615E-07  0.3322E-07  0.3006E-07  0.2683E-07  0.2368E-07
  0.1800E-07  0.1344E-07  0.9979E-08  0.7425E-08  0.5571E-08
  0.4232E-08  0.3266E-08  0.2566E-08  0.2053E-08  0.1670E-08
  0.1380E-08  0.1155E-08  0.8391E-09  0.6386E-09  0.3886E-09
  0.2911E-09  0.1999E-09  0.1425E-09  0.1060E-09  0.8202E-10
  0.2971E-10  0.1438E-10  0.8208E-11  0.4945E-11  0.3186E-11
  0.2265E-11  0.1267E-11  0.4019E-12  0.1027E-23  0.7431E-07
  0.7429E-07  0.7421E-07  0.7408E-07  0.7391E-07  0.7369E-07
  0.7341E-07  0.7273E-07  0.7186E-07  0.7052E-07  0.6894E-07
  0.6713E-07  0.6513E-07  0.6061E-07  0.5565E-07  0.5046E-07
  0.4528E-07  0.3564E-07  0.2755E-07  0.2113E-07  0.1618E-07
  0.1244E-07  0.9629E-08  0.7535E-08  0.5970E-08  0.4798E-08
  0.3912E-08  0.3235E-08  0.2710E-08  0.1965E-08  0.1482E-08
  0.8497E-09  0.6136E-09  0.4592E-09  0.3280E-09  0.2435E-09
  0.1884E-09  0.6823E-10  0.3303E-10  0.1885E-10  0.1137E-10
  0.7337E-11  0.5196E-11  0.2895E-11  0.9185E-12  0.2207E-23
  0.1331E-06  0.1331E-06  0.1330E-06  0.1328E-06  0.1325E-06
  0.1322E-06  0.1318E-06  0.1308E-06  0.1295E-06  0.1275E-06
  0.1252E-06  0.1224E-06  0.1194E-06  0.1124E-06  0.1046E-06
  0.9628E-07  0.8777E-07  0.7139E-07  0.5705E-07  0.4518E-07
  0.3564E-07  0.2811E-07  0.2225E-07  0.1772E-07  0.1423E-07
  0.1154E-07  0.9450E-08  0.7833E-08  0.6569E-08  0.4771E-08
  0.3595E-08  0.1989E-08  0.1315E-08  0.9916E-09  0.7798E-09
  0.5798E-09  0.4476E-09  0.1621E-09  0.7846E-10  0.4479E-10
  0.2705E-10  0.1748E-10  0.1233E-10  0.6841E-11  0.2171E-11
  0.4856E-23  0.2437E-06  0.2437E-06  0.2435E-06  0.2433E-06
  0.2429E-06  0.2424E-06  0.2418E-06  0.2403E-06  0.2385E-06
  0.2355E-06  0.2320E-06  0.2279E-06  0.2233E-06  0.2126E-06
  0.2003E-06  0.1869E-06  0.1729E-06  0.1451E-06  0.1196E-06
  0.9770E-07  0.7938E-07  0.6434E-07  0.5216E-07  0.4241E-07
  0.3464E-07  0.2847E-07  0.2356E-07  0.1966E-07  0.1653E-07
  0.1203E-07  0.9079E-08  0.4978E-08  0.3122E-08  0.2200E-08
  0.1749E-08  0.1438E-08  0.1110E-08  0.4007E-09  0.1939E-09
  0.1107E-09  0.6693E-10  0.4333E-10  0.3044E-10  0.1681E-10
  0.5335E-11  0.1098E-22  0.4585E-06  0.4584E-06  0.4582E-06
  0.4578E-06  0.4572E-06  0.4565E-06  0.4557E-06  0.4535E-06
  0.4508E-06  0.4465E-06  0.4412E-06  0.4351E-06  0.4282E-06
  0.4118E-06  0.3926E-06  0.3711E-06  0.3481E-06  0.3008E-06
  0.2555E-06  0.2149E-06  0.1797E-06  0.1497E-06  0.1246E-06
  0.1037E-06  0.8637E-07  0.7221E-07  0.6063E-07  0.5118E-07
  0.4344E-07  0.3189E-07  0.2412E-07  0.1326E-07  0.8149E-08
  0.5483E-08  0.4073E-08  0.3362E-08  0.2892E-08  0.1042E-08
  0.5038E-09  0.2876E-09  0.1742E-09  0.1129E-09  0.7898E-10
  0.4341E-10  0.1378E-10  0.2574E-22  0.8981E-06  0.8980E-06
  0.8977E-06  0.8970E-06  0.8963E-06  0.8953E-06  0.8940E-06
  0.8910E-06  0.8870E-06  0.8807E-06  0.8730E-06  0.8640E-06
  0.8536E-06  0.8285E-06  0.7984E-06  0.7638E-06  0.7259E-06
  0.6450E-06  0.5639E-06  0.4878E-06  0.4193E-06  0.3592E-06
  0.3070E-06  0.2620E-06  0.2235E-06  0.1907E-06  0.1629E-06
  0.1396E-06  0.1201E-06  0.9001E-07  0.6885E-07  0.3798E-07
  0.2328E-07  0.1541E-07  0.1093E-07  0.8408E-08  0.7129E-08
  0.2897E-08  0.1407E-08  0.8031E-09  0.4871E-09  0.3165E-09
  0.2203E-09  0.1204E-09  0.3822E-10  0.6339E-22  0.1849E-05
  0.1849E-05  0.1849E-05  0.1848E-05  0.1847E-05  0.1845E-05
  0.1844E-05  0.1839E-05  0.1834E-05  0.1825E-05  0.1814E-05
  0.1801E-05  0.1785E-05  0.1747E-05  0.1700E-05  0.1644E-05
  0.1582E-05  0.1442E-05  0.1296E-05  0.1153E-05  0.1018E-05
  0.8949E-06  0.7847E-06  0.6872E-06  0.6011E-06  0.5254E-06
  0.4589E-06  0.4009E-06  0.3506E-06  0.2699E-06  0.2106E-06
  0.1188E-06  0.7282E-07  0.4823E-07  0.3369E-07  0.2490E-07
  0.1975E-07  0.9133E-08  0.4295E-08  0.2448E-08  0.1488E-08
  0.9686E-09  0.6706E-09  0.3645E-09  0.1157E-09  0.1663E-21
  0.4052E-05  0.4051E-05  0.4051E-05  0.4049E-05  0.4048E-05
  0.4046E-05  0.4044E-05  0.4038E-05  0.4031E-05  0.4018E-05
  0.4003E-05  0.3984E-05  0.3962E-05  0.3906E-05  0.3833E-05
  0.3744E-05  0.3640E-05  0.3399E-05  0.3135E-05  0.2865E-05
  0.2599E-05  0.2345E-05  0.2107E-05  0.1889E-05  0.1692E-05
  0.1515E-05  0.1356E-05  0.1212E-05  0.1083E-05  0.8652E-06
  0.6944E-06  0.4111E-06  0.2559E-06  0.1686E-06  0.1180E-06
  0.8659E-07  0.6660E-07  0.2683E-07  0.1522E-07  0.8340E-08
  0.5072E-08  0.3310E-08  0.2278E-08  0.1230E-08  0.3906E-09
  0.4717E-21  0.9485E-05  0.9485E-05  0.9485E-05  0.9482E-05
  0.9481E-05  0.9478E-05  0.9476E-05  0.9469E-05  0.9460E-05
  0.9443E-05  0.9423E-05  0.9398E-05  0.9369E-05  0.9288E-05
  0.9181E-05  0.9041E-05  0.8873E-05  0.8462E-05  0.7982E-05
  0.7469E-05  0.6946E-05  0.6428E-05  0.5923E-05  0.5439E-05
  0.4979E-05  0.4552E-05  0.4158E-05  0.3800E-05  0.3472E-05
  0.2896E-05  0.2413E-05  0.1530E-05  0.9936E-06  0.6699E-06
  0.4672E-06  0.3402E-06  0.2602E-06  0.9203E-07  0.4989E-07
  0.3352E-07  0.1940E-07  0.1268E-07  0.8672E-08  0.4651E-08
  0.1477E-08  0.1450E-20  0.2374E-04  0.2374E-04  0.2374E-04
  0.2373E-04  0.2373E-04  0.2373E-04  0.2373E-04  0.2372E-04
  0.2371E-04  0.2369E-04  0.2366E-04  0.2363E-04  0.2360E-04
  0.2349E-04  0.2335E-04  0.2315E-04  0.2289E-04  0.2222E-04
  0.2136E-04  0.2038E-04  0.1934E-04  0.1828E-04  0.1722E-04
  0.1617E-04  0.1515E-04  0.1416E-04  0.1320E-04  0.1228E-04
  0.1142E-04  0.9869E-05  0.8540E-05  0.5918E-05  0.4087E-05
  0.2855E-05  0.2057E-05  0.1516E-05  0.1149E-05  0.3903E-06
  0.1869E-06  0.1206E-06  0.8811E-07  0.5409E-07  0.3670E-07
  0.1954E-07  0.6204E-08  0.4814E-20  0.6538E-04  0.6538E-04
  0.6538E-04  0.6538E-04  0.6538E-04  0.6537E-04  0.6537E-04
  0.6536E-04  0.6536E-04  0.6533E-04  0.6530E-04  0.6527E-04
  0.6524E-04  0.6511E-04  0.6494E-04  0.6467E-04  0.6432E-04
  0.6330E-04  0.6183E-04  0.5999E-04  0.5788E-04  0.5564E-04
  0.5333E-04  0.5101E-04  0.4869E-04  0.4640E-04  0.4414E-04
  0.4192E-04  0.3973E-04  0.3554E-04  0.3168E-04  0.2377E-04
  0.1777E-04  0.1323E-04  0.9898E-05  0.7475E-05  0.5832E-05
  0.1986E-05  0.9240E-06  0.5235E-06  0.3586E-06  0.2874E-06
  0.1937E-06  0.9499E-07  0.3017E-07  0.1789E-19  0.2009E-03
  0.2009E-03  0.2009E-03  0.2009E-03  0.2009E-03  0.2009E-03
  0.2009E-03  0.2009E-03  0.2009E-03  0.2008E-03  0.2008E-03
  0.2008E-03  0.2008E-03  0.2006E-03  0.2004E-03  0.2001E-03
  0.1997E-03  0.1983E-03  0.1960E-03  0.1928E-03  0.1886E-03
  0.1837E-03  0.1784E-03  0.1729E-03  0.1674E-03  0.1618E-03
  0.1561E-03  0.1506E-03  0.1450E-03  0.1340E-03  0.1232E-03
  0.9838E-04  0.7852E-04  0.6256E-04  0.4959E-04  0.3924E-04
  0.3144E-04  0.1151E-04  0.5356E-05  0.2956E-05  0.1807E-05
  0.1305E-05  0.8950E-06  0.5227E-06  0.1662E-06  0.7378E-19
  0.6887E-03  0.6887E-03  0.6887E-03  0.6887E-03  0.6887E-03
  0.6886E-03  0.6886E-03  0.6886E-03  0.6887E-03  0.6885E-03
  0.6885E-03  0.6884E-03  0.6884E-03  0.6882E-03  0.6879E-03
  0.6874E-03  0.6869E-03  0.6852E-03  0.6822E-03  0.6771E-03
  0.6693E-03  0.6590E-03  0.6465E-03  0.6329E-03  0.6185E-03
  0.6037E-03  0.5887E-03  0.5735E-03  0.5582E-03  0.5276E-03
  0.4972E-03  0.4225E-03  0.3525E-03  0.2942E-03  0.2458E-03
  0.2045E-03  0.1703E-03  0.7011E-04  0.3313E-04  0.1849E-04
  0.1108E-04  0.7272E-05  0.4837E-05  0.3311E-05  0.9887E-06
  0.3345E-18  0.2637E-02  0.2636E-02  0.2637E-02  0.2636E-02
  0.2636E-02  0.2636E-02  0.2636E-02  0.2636E-02  0.2637E-02
  0.2636E-02  0.2636E-02  0.2636E-02  0.2636E-02  0.2635E-02
  0.2634E-02  0.2633E-02  0.2632E-02  0.2630E-02  0.2626E-02
  0.2620E-02  0.2607E-02  0.2587E-02  0.2558E-02  0.2523E-02
  0.2483E-02  0.2441E-02  0.2397E-02  0.2351E-02  0.2305E-02
  0.2211E-02  0.2116E-02  0.1878E-02  0.1642E-02  0.1415E-02
  0.1219E-02  0.1053E-02  0.9089E-03  0.4228E-03  0.2131E-03
  0.1177E-03  0.7185E-04  0.4654E-04  0.3005E-04  0.1688E-04
  0.6478E-05  0.1628E-17  0.1094E-01  0.1094E-01  0.1094E-01
  0.1094E-01  0.1094E-01  0.1094E-01  0.1094E-01  0.1094E-01
  0.1094E-01  0.1094E-01  0.1094E-01  0.1094E-01  0.1094E-01
  0.1093E-01  0.1093E-01  0.1092E-01  0.1092E-01  0.1091E-01
  0.1091E-01  0.1090E-01  0.1089E-01  0.1086E-01  0.1080E-01
  0.1071E-01  0.1060E-01  0.1048E-01  0.1034E-01  0.1020E-01
  0.1005E-01  0.9734E-02  0.9412E-02  0.8586E-02  0.7764E-02
  0.6944E-02  0.6134E-02  0.5397E-02  0.4770E-02  0.2516E-02
  0.1332E-02  0.7615E-03  0.4565E-03  0.3000E-03  0.1925E-03
  0.9669E-04  0.3322E-04  0.8325E-17  0.4325E-01  0.4325E-01
  0.4325E-01  0.4324E-01  0.4325E-01  0.4324E-01  0.4324E-01
  0.4324E-01  0.4325E-01  0.4324E-01  0.4324E-01  0.4324E-01
  0.4324E-01  0.4323E-01  0.4322E-01  0.4320E-01  0.4318E-01
  0.4315E-01  0.4313E-01  0.4312E-01  0.4310E-01  0.4307E-01
  0.4300E-01  0.4287E-01  0.4266E-01  0.4237E-01  0.4201E-01
  0.4161E-01  0.4118E-01  0.4025E-01  0.3928E-01  0.3669E-01
  0.3398E-01  0.3126E-01  0.2857E-01  0.2596E-01  0.2346E-01
  0.1393E-01  0.8127E-02  0.4840E-02  0.3009E-02  0.1950E-02
  0.1236E-02  0.6111E-03  0.1910E-03  0.4630E-16  0.1340E+00
  0.1340E+00  0.1340E+00  0.1340E+00  0.1340E+00  0.1340E+00
  0.1340E+00  0.1340E+00  0.1340E+00  0.1340E+00  0.1340E+00
  0.1340E+00  0.1340E+00  0.1340E+00  0.1339E+00  0.1339E+00
  0.1338E+00  0.1338E+00  0.1337E+00  0.1336E+00  0.1336E+00
  0.1335E+00  0.1334E+00  0.1333E+00  0.1331E+00  0.1327E+00
  0.1322E+00  0.1315E+00  0.1307E+00  0.1288E+00  0.1266E+00
  0.1207E+00  0.1143E+00  0.1077E+00  0.1009E+00  0.9404E-01
  0.8730E-01  0.5840E-01  0.3868E-01  0.2548E-01  0.1676E-01
  0.1140E-01  0.7384E-02  0.3568E-02  0.1116E-02  0.2592E-15
  0.3245E+00  0.3245E+00  0.3245E+00  0.3245E+00  0.3245E+00
  0.3245E+00  0.3245E+00  0.3245E+00  0.3246E+00  0.3245E+00
  0.3245E+00  0.3245E+00  0.3245E+00  0.3244E+00  0.3244E+00
  0.3243E+00  0.3242E+00  0.3240E+00  0.3238E+00  0.3236E+00
  0.3235E+00  0.3233E+00  0.3232E+00  0.3230E+00  0.3227E+00
  0.3224E+00  0.3218E+00  0.3211E+00  0.3202E+00  0.3177E+00
  0.3143E+00  0.3041E+00  0.2928E+00  0.2808E+00  0.2680E+00
  0.2550E+00  0.2417E+00  0.1796E+00  0.1302E+00  0.9447E-01
  0.6765E-01  0.4890E-01  0.3279E-01  0.1683E-01  0.5276E-02
  0.1245E-14  0.6491E+00  0.6491E+00  0.6491E+00  0.6490E+00
  0.6491E+00  0.6490E+00  0.6491E+00  0.6491E+00  0.6491E+00
  0.6490E+00  0.6491E+00  0.6490E+00  0.6491E+00  0.6489E+00
  0.6489E+00  0.6487E+00  0.6485E+00  0.6482E+00  0.6477E+00
  0.6474E+00  0.6471E+00  0.6469E+00  0.6466E+00  0.6463E+00
  0.6458E+00  0.6454E+00  0.6447E+00  0.6440E+00  0.6430E+00
  0.6403E+00  0.6365E+00  0.6230E+00  0.6063E+00  0.5883E+00
  0.5692E+00  0.5493E+00  0.5284E+00  0.4239E+00  0.3318E+00
  0.2572E+00  0.1973E+00  0.1520E+00  0.1073E+00  0.5908E-01
  0.1935E-01  0.4819E-14  0.1161E+01  0.1161E+01  0.1161E+01
  0.1161E+01  0.1161E+01  0.1161E+01  0.1161E+01  0.1161E+01
  0.1161E+01  0.1161E+01  0.1161E+01  0.1161E+01  0.1161E+01
  0.1161E+01  0.1161E+01  0.1160E+01  0.1160E+01  0.1160E+01
  0.1159E+01  0.1158E+01  0.1158E+01  0.1157E+01  0.1157E+01
  0.1156E+01  0.1156E+01  0.1155E+01  0.1154E+01  0.1153E+01
  0.1152E+01  0.1149E+01  0.1145E+01  0.1130E+01  0.1109E+01
  0.1084E+01  0.1058E+01  0.1031E+01  0.1002E+01  0.8514E+00
  0.7050E+00  0.5777E+00  0.4662E+00  0.3764E+00  0.2784E+00
  0.1658E+00  0.5726E-01  0.1553E-13  0.1937E+01  0.1937E+01
  0.1937E+01  0.1937E+01  0.1937E+01  0.1937E+01  0.1937E+01
  0.1937E+01  0.1937E+01  0.1937E+01  0.1937E+01  0.1937E+01
  0.1937E+01  0.1936E+01  0.1936E+01  0.1936E+01  0.1936E+01
  0.1935E+01  0.1934E+01  0.1933E+01  0.1932E+01  0.1931E+01
  0.1931E+01  0.1930E+01  0.1929E+01  0.1928E+01  0.1927E+01
  0.1926E+01  0.1925E+01  0.1921E+01  0.1917E+01  0.1901E+01
  0.1876E+01  0.1845E+01  0.1811E+01  0.1775E+01  0.1738E+01
  0.1540E+01  0.1332E+01  0.1137E+01  0.9575E+00  0.8037E+00
  0.6139E+00  0.3919E+00  0.1431E+00  0.4314E-13  0.3090E+01
  0.3090E+01  0.3089E+01  0.3089E+01  0.3089E+01  0.3089E+01
  0.3089E+01  0.3090E+01  0.3090E+01  0.3089E+01  0.3090E+01
  0.3090E+01  0.3090E+01  0.3089E+01  0.3089E+01  0.3089E+01
  0.3088E+01  0.3087E+01  0.3086E+01  0.3085E+01  0.3083E+01
  0.3083E+01  0.3081E+01  0.3080E+01  0.3079E+01  0.3078E+01
  0.3077E+01  0.3075E+01  0.3073E+01  0.3069E+01  0.3064E+01
  0.3047E+01  0.3021E+01  0.2985E+01  0.2942E+01  0.2896E+01
  0.2848E+01  0.2597E+01  0.2327E+01  0.2052E+01  0.1784E+01
  0.1546E+01  0.1215E+01  0.8177E+00  0.3141E+00  0.1070E-12
