                        3167.   5.23   0.20   0.09
    50   0.0   0.0    1.0000  0.0001
  46
      8437.959      8437.969      8437.979      8437.989      8437.999
      8438.009      8438.019      8438.039      8438.059      8438.084
      8438.109      8438.134      8438.159      8438.209      8438.259
      8438.309      8438.359      8438.459      8438.559      8438.659
      8438.759      8438.859      8438.959      8439.059      8439.159
      8439.259      8439.359      8439.459      8439.559      8439.759
      8439.959      8440.459      8440.959      8441.459      8441.959
      8442.459      8442.959      8445.459      8447.959      8450.459
      8452.959      8455.459      8457.959      8462.959      8467.959
      8472.959
 -0.8697E-14 -0.8695E-14 -0.8691E-14 -0.8681E-14 -0.8667E-14
 -0.8645E-14 -0.8617E-14 -0.8529E-14 -0.8391E-14 -0.8130E-14
 -0.7761E-14 -0.7282E-14 -0.6709E-14 -0.5384E-14 -0.4055E-14
 -0.2928E-14 -0.2084E-14 -0.1097E-14 -0.6325E-15 -0.3965E-15
 -0.2679E-15 -0.1921E-15 -0.1439E-15 -0.1114E-15 -0.8843E-16
 -0.7167E-16 -0.5909E-16 -0.4943E-16 -0.4188E-16 -0.3101E-16
 -0.2379E-16 -0.1353E-16 -0.8516E-17 -0.5764E-17 -0.4119E-17
 -0.3064E-17 -0.2370E-17 -0.8582E-18 -0.4158E-18 -0.2374E-18
 -0.1405E-18 -0.8852E-19 -0.6679E-19 -0.3968E-19 -0.1258E-19
 -0.4008E-31  0.2305E-13  0.2297E-13  0.2276E-13  0.2241E-13
  0.2193E-13  0.2132E-13  0.2061E-13  0.1888E-13  0.1685E-13
  0.1407E-13  0.1123E-13  0.8526E-14  0.6106E-14  0.2422E-14
  0.2916E-15 -0.6662E-15 -0.9410E-15 -0.7610E-15 -0.4815E-15
 -0.3062E-15 -0.2072E-15 -0.1485E-15 -0.1112E-15 -0.8606E-16
 -0.6832E-16 -0.5536E-16 -0.4564E-16 -0.3818E-16 -0.3234E-16
 -0.2395E-16 -0.1837E-16 -0.1045E-16 -0.6576E-17 -0.4451E-17
 -0.3180E-17 -0.2366E-17 -0.1830E-17 -0.6627E-18 -0.3210E-18
 -0.1833E-18 -0.1085E-18 -0.6848E-19 -0.5151E-19 -0.3052E-19
 -0.9675E-20 -0.2913E-31  0.7254E-13  0.7235E-13  0.7181E-13
  0.7090E-13  0.6966E-13  0.6810E-13  0.6624E-13  0.6172E-13
  0.5637E-13  0.4892E-13  0.4114E-13  0.3351E-13  0.2645E-13
  0.1496E-13  0.7381E-14  0.3099E-14  0.1012E-14 -0.1543E-15
 -0.2023E-15 -0.1388E-15 -0.9440E-16 -0.6759E-16 -0.5056E-16
 -0.3909E-16 -0.3102E-16 -0.2512E-16 -0.2071E-16 -0.1732E-16
 -0.1467E-16 -0.1086E-16 -0.8328E-17 -0.4733E-17 -0.2980E-17
 -0.2016E-17 -0.1441E-17 -0.1072E-17 -0.8289E-18 -0.3002E-18
 -0.1454E-18 -0.8301E-19 -0.4934E-19 -0.3127E-19 -0.2322E-19
 -0.1358E-19 -0.4306E-20 -0.9132E-32  0.1509E-12  0.1506E-12
  0.1495E-12  0.1477E-12  0.1453E-12  0.1423E-12  0.1387E-12
  0.1298E-12  0.1193E-12  0.1046E-12  0.8911E-13  0.7380E-13
  0.5944E-13  0.3558E-13  0.1926E-13  0.9553E-14  0.4448E-14
  0.9630E-15  0.3198E-15  0.1745E-15  0.1164E-15  0.8364E-16
  0.6278E-16  0.4865E-16  0.3867E-16  0.3136E-16  0.2587E-16
  0.2165E-16  0.1835E-16  0.1359E-16  0.1043E-16  0.5933E-17
  0.3737E-17  0.2530E-17  0.1808E-17  0.1345E-17  0.1040E-17
  0.3767E-18  0.1825E-18  0.1042E-18  0.6127E-19  0.3830E-19
  0.2958E-19  0.1796E-19  0.5694E-20  0.2798E-31  0.2757E-12
  0.2750E-12  0.2732E-12  0.2701E-12  0.2659E-12  0.2605E-12
  0.2542E-12  0.2386E-12  0.2201E-12  0.1941E-12  0.1665E-12
  0.1391E-12  0.1133E-12  0.6976E-13  0.3934E-13  0.2074E-13
  0.1057E-13  0.3045E-14  0.1305E-14  0.7645E-15  0.5129E-15
  0.3680E-15  0.2758E-15  0.2136E-15  0.1696E-15  0.1375E-15
  0.1134E-15  0.9487E-16  0.8038E-16  0.5953E-16  0.4568E-16
  0.2597E-16  0.1636E-16  0.1107E-16  0.7912E-17  0.5886E-17
  0.4551E-17  0.1648E-17  0.7987E-18  0.4560E-18  0.2692E-18
  0.1692E-18  0.1287E-18  0.7704E-19  0.2443E-19  0.9713E-31
  0.4744E-12  0.4733E-12  0.4702E-12  0.4651E-12  0.4581E-12
  0.4491E-12  0.4385E-12  0.4126E-12  0.3816E-12  0.3379E-12
  0.2914E-12  0.2450E-12  0.2010E-12  0.1261E-12  0.7288E-13
  0.3966E-13  0.2106E-13  0.6722E-14  0.3105E-14  0.1868E-14
  0.1260E-14  0.9039E-15  0.6774E-15  0.5243E-15  0.4164E-15
  0.3375E-15  0.2783E-15  0.2328E-15  0.1972E-15  0.1461E-15
  0.1121E-15  0.6372E-16  0.4012E-16  0.2716E-16  0.1941E-16
  0.1444E-16  0.1116E-16  0.4043E-17  0.1959E-17  0.1118E-17
  0.6610E-18  0.4160E-18  0.3152E-18  0.1880E-18  0.5960E-19
  0.2255E-30  0.7919E-12  0.7902E-12  0.7852E-12  0.7769E-12
  0.7655E-12  0.7510E-12  0.7338E-12  0.6917E-12  0.6412E-12
  0.5698E-12  0.4938E-12  0.4175E-12  0.3446E-12  0.2195E-12
  0.1294E-12  0.7210E-13  0.3937E-13  0.1336E-13  0.6447E-14
  0.3946E-14  0.2672E-14  0.1918E-14  0.1437E-14  0.1112E-14
  0.8833E-15  0.7159E-15  0.5902E-15  0.4938E-15  0.4183E-15
  0.3097E-15  0.2377E-15  0.1351E-15  0.8508E-16  0.5759E-16
  0.4115E-16  0.3061E-16  0.2367E-16  0.8574E-17  0.4154E-17
  0.2372E-17  0.1403E-17  0.8837E-18  0.6677E-18  0.3972E-18
  0.1259E-18  0.4645E-30  0.1299E-11  0.1297E-11  0.1289E-11
  0.1275E-11  0.1257E-11  0.1234E-11  0.1207E-11  0.1140E-11
  0.1059E-11  0.9447E-12  0.8225E-12  0.6991E-12  0.5808E-12
  0.3759E-12  0.2260E-12  0.1290E-12  0.7238E-13  0.2587E-13
  0.1281E-13  0.7896E-14  0.5351E-14  0.3841E-14  0.2877E-14
  0.2227E-14  0.1768E-14  0.1433E-14  0.1181E-14  0.9880E-15
  0.8370E-15  0.6197E-15  0.4755E-15  0.2703E-15  0.1702E-15
  0.1152E-15  0.8232E-16  0.6125E-16  0.4736E-16  0.1715E-16
  0.8309E-17  0.4744E-17  0.2808E-17  0.1771E-17  0.1335E-17
  0.7922E-18  0.2512E-18  0.9114E-30  0.2111E-11  0.2107E-11
  0.2094E-11  0.2074E-11  0.2045E-11  0.2009E-11  0.1966E-11
  0.1860E-11  0.1733E-11  0.1552E-11  0.1357E-11  0.1160E-11
  0.9703E-12  0.6380E-12  0.3911E-12  0.2283E-12  0.1312E-12
  0.4874E-13  0.2461E-13  0.1532E-13  0.1043E-13  0.7493E-14
  0.5613E-14  0.4343E-14  0.3448E-14  0.2794E-14  0.2303E-14
  0.1927E-14  0.1632E-14  0.1208E-14  0.9272E-15  0.5271E-15
  0.3319E-15  0.2246E-15  0.1605E-15  0.1194E-15  0.9233E-16
  0.3344E-16  0.1620E-16  0.9249E-17  0.5478E-17  0.3457E-17
  0.2600E-17  0.1540E-17  0.4882E-18  0.1746E-29  0.3410E-11
  0.3403E-11  0.3384E-11  0.3351E-11  0.3307E-11  0.3250E-11
  0.3183E-11  0.3018E-11  0.2818E-11  0.2534E-11  0.2228E-11
  0.1916E-11  0.1613E-11  0.1078E-11  0.6745E-12  0.4028E-12
  0.2369E-12  0.9132E-13  0.4690E-13  0.2941E-13  0.2009E-13
  0.1444E-13  0.1081E-13  0.8367E-14  0.6641E-14  0.5382E-14
  0.4436E-14  0.3711E-14  0.3143E-14  0.2327E-14  0.1786E-14
  0.1015E-14  0.6390E-15  0.4325E-15  0.3090E-15  0.2299E-15
  0.1778E-15  0.6439E-16  0.3119E-16  0.1781E-16  0.1055E-16
  0.6666E-17  0.5002E-17  0.2956E-17  0.9372E-18  0.3308E-29
  0.5491E-11  0.5480E-11  0.5450E-11  0.5400E-11  0.5332E-11
  0.5244E-11  0.5139E-11  0.4883E-11  0.4573E-11  0.4129E-11
  0.3649E-11  0.3157E-11  0.2678E-11  0.1821E-11  0.1163E-11
  0.7100E-12  0.4267E-12  0.1686E-12  0.8685E-13  0.5504E-13
  0.3814E-13  0.2763E-13  0.2074E-13  0.1605E-13  0.1274E-13
  0.1032E-13  0.8507E-14  0.7115E-14  0.6027E-14  0.4462E-14
  0.3423E-14  0.1946E-14  0.1225E-14  0.8292E-15  0.5924E-15
  0.4407E-15  0.3408E-15  0.1234E-15  0.5979E-16  0.3414E-16
  0.2025E-16  0.1280E-16  0.9581E-17  0.5649E-17  0.1791E-17
  0.6232E-29  0.8822E-11  0.8806E-11  0.8760E-11  0.8683E-11
  0.8577E-11  0.8442E-11  0.8281E-11  0.7885E-11  0.7405E-11
  0.6716E-11  0.5968E-11  0.5197E-11  0.4441E-11  0.3074E-11
  0.2004E-11  0.1252E-11  0.7688E-12  0.3110E-12  0.1604E-12
  0.1027E-12  0.7226E-13  0.5278E-13  0.3970E-13  0.3073E-13
  0.2438E-13  0.1976E-13  0.1628E-13  0.1362E-13  0.1154E-13
  0.8539E-14  0.6551E-14  0.3724E-14  0.2344E-14  0.1587E-14
  0.1134E-14  0.8434E-15  0.6522E-15  0.2362E-15  0.1144E-15
  0.6532E-16  0.3877E-16  0.2453E-16  0.1832E-16  0.1078E-16
  0.3417E-17  0.1171E-28  0.1414E-10  0.1412E-10  0.1405E-10
  0.1393E-10  0.1377E-10  0.1356E-10  0.1332E-10  0.1271E-10
  0.1197E-10  0.1091E-10  0.9746E-11  0.8545E-11  0.7358E-11
  0.5189E-11  0.3458E-11  0.2213E-11  0.1390E-11  0.5789E-12
  0.2989E-12  0.1918E-12  0.1365E-12  0.1006E-12  0.7592E-13
  0.5878E-13  0.4665E-13  0.3779E-13  0.3114E-13  0.2605E-13
  0.2206E-13  0.1633E-13  0.1253E-13  0.7121E-14  0.4482E-14
  0.3034E-14  0.2167E-14  0.1613E-14  0.1247E-14  0.4516E-15
  0.2188E-15  0.1249E-15  0.7417E-16  0.4697E-16  0.3499E-16
  0.2054E-16  0.6512E-17  0.2198E-28  0.2265E-10  0.2261E-10
  0.2250E-10  0.2233E-10  0.2208E-10  0.2176E-10  0.2139E-10
  0.2046E-10  0.1933E-10  0.1770E-10  0.1591E-10  0.1404E-10
  0.1219E-10  0.8758E-11  0.5967E-11  0.3913E-11  0.2517E-11
  0.1080E-11  0.5539E-12  0.3497E-12  0.2501E-12  0.1879E-12
  0.1441E-12  0.1123E-12  0.8930E-13  0.7235E-13  0.5963E-13
  0.4987E-13  0.4224E-13  0.3126E-13  0.2398E-13  0.1363E-13
  0.8580E-14  0.5807E-14  0.4149E-14  0.3086E-14  0.2387E-14
  0.8645E-15  0.4187E-15  0.2391E-15  0.1421E-15  0.9004E-16
  0.6692E-16  0.3918E-16  0.1242E-16  0.4123E-28  0.3622E-10
  0.3616E-10  0.3600E-10  0.3573E-10  0.3535E-10  0.3488E-10
  0.3431E-10  0.3290E-10  0.3118E-10  0.2868E-10  0.2594E-10
  0.2306E-10  0.2017E-10  0.1478E-10  0.1030E-10  0.6923E-11
  0.4566E-11  0.2030E-11  0.1040E-11  0.6444E-12  0.4598E-12
  0.3511E-12  0.2736E-12  0.2149E-12  0.1711E-12  0.1387E-12
  0.1143E-12  0.9555E-13  0.8093E-13  0.5990E-13  0.4595E-13
  0.2611E-13  0.1644E-13  0.1112E-13  0.7947E-14  0.5912E-14
  0.4572E-14  0.1656E-14  0.8020E-15  0.4579E-15  0.2723E-15
  0.1728E-15  0.1281E-15  0.7481E-16  0.2372E-16  0.7737E-28
  0.5778E-10  0.5770E-10  0.5745E-10  0.5704E-10  0.5648E-10
  0.5576E-10  0.5490E-10  0.5278E-10  0.5018E-10  0.4640E-10
  0.4221E-10  0.3779E-10  0.3334E-10  0.2490E-10  0.1776E-10
  0.1224E-10  0.8283E-11  0.3830E-11  0.1979E-11  0.1208E-11
  0.8535E-12  0.6564E-12  0.5183E-12  0.4105E-12  0.3277E-12
  0.2657E-12  0.2189E-12  0.1831E-12  0.1550E-12  0.1147E-12
  0.8801E-13  0.5002E-13  0.3148E-13  0.2130E-13  0.1522E-13
  0.1132E-13  0.8757E-14  0.3172E-14  0.1536E-14  0.8770E-15
  0.5219E-15  0.3314E-15  0.2451E-15  0.1428E-15  0.4528E-16
  0.1452E-27  0.9206E-10  0.9194E-10  0.9157E-10  0.9096E-10
  0.9012E-10  0.8905E-10  0.8777E-10  0.8458E-10  0.8068E-10
  0.7497E-10  0.6862E-10  0.6189E-10  0.5506E-10  0.4194E-10
  0.3061E-10  0.2165E-10  0.1503E-10  0.7243E-11  0.3797E-11
  0.2285E-11  0.1575E-11  0.1197E-11  0.9545E-12  0.7711E-12
  0.6246E-12  0.5093E-12  0.4202E-12  0.3514E-12  0.2976E-12
  0.2202E-12  0.1689E-12  0.9600E-13  0.6042E-13  0.4089E-13
  0.2921E-13  0.2173E-13  0.1681E-13  0.6087E-14  0.2948E-14
  0.1683E-14  0.1002E-14  0.6370E-15  0.4700E-15  0.2731E-15
  0.8662E-16  0.2725E-27  0.1467E-09  0.1466E-09  0.1460E-09
  0.1451E-09  0.1439E-09  0.1423E-09  0.1404E-09  0.1356E-09
  0.1298E-09  0.1212E-09  0.1116E-09  0.1014E-09  0.9097E-10
  0.7068E-10  0.5278E-10  0.3827E-10  0.2724E-10  0.1371E-10
  0.7338E-11  0.4389E-11  0.2950E-11  0.2189E-11  0.1742E-11
  0.1434E-11  0.1187E-11  0.9784E-12  0.8099E-12  0.6776E-12
  0.5738E-12  0.4246E-12  0.3257E-12  0.1851E-12  0.1165E-12
  0.7882E-13  0.5631E-13  0.4189E-13  0.3240E-13  0.1173E-13
  0.5682E-14  0.3244E-14  0.1934E-14  0.1230E-14  0.9051E-15
  0.5247E-15  0.1664E-15  0.5130E-27  0.2339E-09  0.2336E-09
  0.2328E-09  0.2315E-09  0.2296E-09  0.2273E-09  0.2244E-09
  0.2174E-09  0.2087E-09  0.1959E-09  0.1816E-09  0.1662E-09
  0.1503E-09  0.1190E-09  0.9093E-10  0.6756E-10  0.4931E-10
  0.2592E-10  0.1423E-10  0.8543E-11  0.5654E-11  0.4089E-11
  0.3187E-11  0.2618E-11  0.2201E-11  0.1854E-11  0.1557E-11
  0.1310E-11  0.1110E-11  0.8217E-12  0.6302E-12  0.3581E-12
  0.2253E-12  0.1525E-12  0.1089E-12  0.8104E-13  0.6267E-13
  0.2270E-13  0.1099E-13  0.6276E-14  0.3744E-14  0.2384E-14
  0.1749E-14  0.1012E-14  0.3208E-15  0.9681E-27  0.3732E-09
  0.3728E-09  0.3717E-09  0.3697E-09  0.3670E-09  0.3635E-09
  0.3593E-09  0.3489E-09  0.3361E-09  0.3171E-09  0.2957E-09
  0.2725E-09  0.2485E-09  0.2007E-09  0.1567E-09  0.1193E-09
  0.8921E-10  0.4901E-10  0.2770E-10  0.1680E-10  0.1105E-10
  0.7834E-11  0.5948E-11  0.4800E-11  0.4052E-11  0.3488E-11
  0.2990E-11  0.2542E-11  0.2161E-11  0.1598E-11  0.1226E-11
  0.6963E-12  0.4382E-12  0.2965E-12  0.2118E-12  0.1576E-12
  0.1219E-12  0.4414E-13  0.2137E-13  0.1220E-13  0.7285E-14
  0.4643E-14  0.3399E-14  0.1960E-14  0.6216E-15  0.1835E-26
  0.5968E-09  0.5962E-09  0.5945E-09  0.5916E-09  0.5877E-09
  0.5826E-09  0.5764E-09  0.5612E-09  0.5422E-09  0.5142E-09
  0.4824E-09  0.4478E-09  0.4116E-09  0.3386E-09  0.2702E-09
  0.2105E-09  0.1612E-09  0.9253E-10  0.5398E-10  0.3324E-10
  0.2189E-10  0.1537E-10  0.1144E-10  0.9003E-11  0.7444E-11
  0.6374E-11  0.5538E-11  0.4818E-11  0.4175E-11  0.3126E-11
  0.2398E-11  0.1362E-11  0.8571E-12  0.5800E-12  0.4143E-12
  0.3082E-12  0.2384E-12  0.8633E-13  0.4181E-13  0.2387E-13
  0.1426E-13  0.9097E-14  0.6641E-14  0.3820E-14  0.1211E-14
  0.3493E-26  0.9564E-09  0.9555E-09  0.9531E-09  0.9488E-09
  0.9430E-09  0.9356E-09  0.9267E-09  0.9044E-09  0.8766E-09
  0.8354E-09  0.7883E-09  0.7368E-09  0.6826E-09  0.5718E-09
  0.4658E-09  0.3710E-09  0.2908E-09  0.1743E-09  0.1052E-09
  0.6600E-10  0.4373E-10  0.3062E-10  0.2254E-10  0.1737E-10
  0.1398E-10  0.1168E-10  0.1006E-10  0.8862E-11  0.7876E-11
  0.6123E-11  0.4720E-11  0.2681E-11  0.1687E-11  0.1142E-11
  0.8155E-12  0.6066E-12  0.4692E-12  0.1699E-12  0.8229E-13
  0.4698E-13  0.2809E-13  0.1794E-13  0.1306E-13  0.7491E-14
  0.2376E-14  0.6682E-26  0.1537E-08  0.1536E-08  0.1532E-08
  0.1526E-08  0.1518E-08  0.1507E-08  0.1494E-08  0.1461E-08
  0.1421E-08  0.1360E-08  0.1291E-08  0.1215E-08  0.1134E-08
  0.9665E-09  0.8030E-09  0.6535E-09  0.5237E-09  0.3277E-09
  0.2047E-09  0.1314E-09  0.8798E-10  0.6174E-10  0.4527E-10
  0.3453E-10  0.2730E-10  0.2230E-10  0.1881E-10  0.1638E-10
  0.1464E-10  0.1188E-10  0.9360E-11  0.5320E-11  0.3347E-11
  0.2265E-11  0.1618E-11  0.1204E-11  0.9308E-12  0.3371E-12
  0.1632E-12  0.9319E-13  0.5577E-13  0.3565E-13  0.2589E-13
  0.1480E-13  0.4695E-14  0.1286E-25  0.2482E-08  0.2481E-08
  0.2475E-08  0.2466E-08  0.2454E-08  0.2439E-08  0.2420E-08
  0.2373E-08  0.2314E-08  0.2226E-08  0.2124E-08  0.2011E-08
  0.1891E-08  0.1638E-08  0.1387E-08  0.1152E-08  0.9431E-09
  0.6153E-09  0.3984E-09  0.2624E-09  0.1783E-09  0.1259E-09
  0.9235E-10  0.7013E-10  0.5492E-10  0.4423E-10  0.3660E-10
  0.3118E-10  0.2733E-10  0.2221E-10  0.1835E-10  0.1069E-10
  0.6715E-11  0.4543E-11  0.3245E-11  0.2414E-11  0.1867E-11
  0.6763E-12  0.3274E-12  0.1869E-12  0.1120E-12  0.7165E-13
  0.5187E-13  0.2958E-13  0.9382E-14  0.2493E-25  0.4036E-08
  0.4034E-08  0.4027E-08  0.4014E-08  0.3996E-08  0.3974E-08
  0.3946E-08  0.3878E-08  0.3792E-08  0.3664E-08  0.3515E-08
  0.3348E-08  0.3170E-08  0.2790E-08  0.2405E-08  0.2037E-08
  0.1701E-08  0.1156E-08  0.7767E-09  0.5261E-09  0.3641E-09
  0.2595E-09  0.1910E-09  0.1451E-09  0.1133E-09  0.9058E-10
  0.7409E-10  0.6199E-10  0.5310E-10  0.4149E-10  0.3430E-10
  0.2148E-10  0.1365E-10  0.9237E-11  0.6598E-11  0.4908E-11
  0.3796E-11  0.1375E-11  0.6657E-12  0.3800E-12  0.2278E-12
  0.1460E-12  0.1054E-12  0.5990E-13  0.1900E-13  0.4882E-25
  0.6624E-08  0.6620E-08  0.6610E-08  0.6591E-08  0.6566E-08
  0.6533E-08  0.6494E-08  0.6395E-08  0.6270E-08  0.6083E-08
  0.5864E-08  0.5619E-08  0.5354E-08  0.4784E-08  0.4194E-08
  0.3618E-08  0.3082E-08  0.2179E-08  0.1518E-08  0.1060E-08
  0.7496E-09  0.5413E-09  0.4012E-09  0.3055E-09  0.2386E-09
  0.1904E-09  0.1549E-09  0.1285E-09  0.1085E-09  0.8156E-10
  0.6565E-10  0.4422E-10  0.2826E-10  0.1909E-10  0.1364E-10
  0.1014E-10  0.7847E-11  0.2842E-11  0.1376E-11  0.7854E-12
  0.4713E-12  0.3023E-12  0.2176E-12  0.1233E-12  0.3910E-13
  0.9687E-25  0.1102E-07  0.1102E-07  0.1100E-07  0.1098E-07
  0.1094E-07  0.1089E-07  0.1084E-07  0.1069E-07  0.1051E-07
  0.1024E-07  0.9919E-08  0.9558E-08  0.9164E-08  0.8306E-08
  0.7401E-08  0.6497E-08  0.5637E-08  0.4139E-08  0.2989E-08
  0.2153E-08  0.1561E-08  0.1147E-08  0.8593E-09  0.6576E-09
  0.5146E-09  0.4109E-09  0.3339E-09  0.2758E-09  0.2313E-09
  0.1700E-09  0.1328E-09  0.8640E-10  0.5911E-10  0.4041E-10
  0.2886E-10  0.2147E-10  0.1661E-10  0.6015E-11  0.2912E-11
  0.1662E-11  0.9985E-12  0.6413E-12  0.4599E-12  0.2597E-12
  0.8239E-13  0.1958E-24  0.1866E-07  0.1865E-07  0.1863E-07
  0.1859E-07  0.1854E-07  0.1847E-07  0.1838E-07  0.1818E-07
  0.1791E-07  0.1752E-07  0.1705E-07  0.1651E-07  0.1593E-07
  0.1463E-07  0.1324E-07  0.1181E-07  0.1043E-07  0.7935E-08
  0.5932E-08  0.4410E-08  0.3285E-08  0.2466E-08  0.1874E-08
  0.1447E-08  0.1137E-08  0.9098E-09  0.7402E-09  0.6114E-09
  0.5119E-09  0.3720E-09  0.2832E-09  0.1721E-09  0.1281E-09
  0.8793E-10  0.6271E-10  0.4665E-10  0.3608E-10  0.1307E-10
  0.6326E-11  0.3611E-11  0.2172E-11  0.1397E-11  0.9982E-12
  0.5616E-12  0.1782E-12  0.4041E-24  0.3210E-07  0.3209E-07
  0.3205E-07  0.3200E-07  0.3192E-07  0.3182E-07  0.3170E-07
  0.3140E-07  0.3102E-07  0.3044E-07  0.2975E-07  0.2896E-07
  0.2808E-07  0.2612E-07  0.2397E-07  0.2172E-07  0.1949E-07
  0.1534E-07  0.1186E-07  0.9097E-08  0.6969E-08  0.5356E-08
  0.4147E-08  0.3245E-08  0.2571E-08  0.2066E-08  0.1684E-08
  0.1393E-08  0.1167E-08  0.8461E-09  0.6381E-09  0.3661E-09
  0.2635E-09  0.1962E-09  0.1402E-09  0.1041E-09  0.8054E-10
  0.2917E-10  0.1412E-10  0.8061E-11  0.4853E-11  0.3125E-11
  0.2226E-11  0.1248E-11  0.3958E-12  0.8508E-24  0.5621E-07
  0.5619E-07  0.5615E-07  0.5606E-07  0.5596E-07  0.5581E-07
  0.5564E-07  0.5520E-07  0.5465E-07  0.5379E-07  0.5278E-07
  0.5160E-07  0.5030E-07  0.4732E-07  0.4399E-07  0.4044E-07
  0.3683E-07  0.2991E-07  0.2388E-07  0.1890E-07  0.1489E-07
  0.1174E-07  0.9284E-08  0.7390E-08  0.5930E-08  0.4805E-08
  0.3935E-08  0.3261E-08  0.2735E-08  0.1986E-08  0.1496E-08
  0.8277E-09  0.5481E-09  0.4120E-09  0.3221E-09  0.2397E-09
  0.1851E-09  0.6704E-10  0.3245E-10  0.1852E-10  0.1116E-10
  0.7199E-11  0.5108E-11  0.2852E-11  0.9049E-12  0.1828E-23
  0.1004E-06  0.1004E-06  0.1003E-06  0.1002E-06  0.1000E-06
  0.9984E-07  0.9959E-07  0.9896E-07  0.9815E-07  0.9690E-07
  0.9540E-07  0.9366E-07  0.9171E-07  0.8719E-07  0.8203E-07
  0.7641E-07  0.7058E-07  0.5906E-07  0.4859E-07  0.3960E-07
  0.3211E-07  0.2597E-07  0.2102E-07  0.1706E-07  0.1391E-07
  0.1142E-07  0.9440E-08  0.7868E-08  0.6616E-08  0.4814E-08
  0.3631E-08  0.1990E-08  0.1250E-08  0.8825E-09  0.6993E-09
  0.5709E-09  0.4409E-09  0.1593E-09  0.7710E-10  0.4401E-10
  0.2656E-10  0.1715E-10  0.1212E-10  0.6740E-11  0.2138E-11
  0.4025E-23  0.1834E-06  0.1834E-06  0.1833E-06  0.1831E-06
  0.1829E-06  0.1826E-06  0.1822E-06  0.1813E-06  0.1801E-06
  0.1783E-06  0.1761E-06  0.1735E-06  0.1706E-06  0.1638E-06
  0.1558E-06  0.1470E-06  0.1376E-06  0.1184E-06  0.1002E-06
  0.8395E-07  0.6993E-07  0.5808E-07  0.4815E-07  0.3993E-07
  0.3318E-07  0.2767E-07  0.2318E-07  0.1953E-07  0.1655E-07
  0.1212E-07  0.9160E-08  0.5034E-08  0.3096E-08  0.2089E-08
  0.1556E-08  0.1280E-08  0.1091E-08  0.3940E-09  0.1906E-09
  0.1088E-09  0.6574E-10  0.4252E-10  0.2993E-10  0.1656E-10
  0.5256E-11  0.9113E-23  0.3445E-06  0.3444E-06  0.3443E-06
  0.3440E-06  0.3437E-06  0.3433E-06  0.3428E-06  0.3415E-06
  0.3398E-06  0.3371E-06  0.3340E-06  0.3302E-06  0.3259E-06
  0.3156E-06  0.3033E-06  0.2893E-06  0.2742E-06  0.2422E-06
  0.2106E-06  0.1812E-06  0.1549E-06  0.1320E-06  0.1122E-06
  0.9528E-07  0.8085E-07  0.6868E-07  0.5846E-07  0.4994E-07
  0.4283E-07  0.3193E-07  0.2433E-07  0.1342E-07  0.8216E-08
  0.5442E-08  0.3880E-08  0.3002E-08  0.2537E-08  0.1021E-08
  0.4958E-09  0.2830E-09  0.1713E-09  0.1110E-09  0.7776E-10
  0.4283E-10  0.1359E-10  0.2136E-22  0.6731E-06  0.6730E-06
  0.6728E-06  0.6725E-06  0.6720E-06  0.6714E-06  0.6707E-06
  0.6689E-06  0.6665E-06  0.6627E-06  0.6581E-06  0.6527E-06
  0.6464E-06  0.6309E-06  0.6120E-06  0.5899E-06  0.5654E-06
  0.5119E-06  0.4567E-06  0.4033E-06  0.3536E-06  0.3087E-06
  0.2689E-06  0.2338E-06  0.2031E-06  0.1763E-06  0.1530E-06
  0.1329E-06  0.1156E-06  0.8830E-07  0.6849E-07  0.3831E-07
  0.2348E-07  0.1553E-07  0.1089E-07  0.8074E-08  0.6407E-08
  0.2916E-08  0.1384E-08  0.7895E-09  0.4786E-09  0.3107E-09
  0.2166E-09  0.1187E-09  0.3766E-10  0.5265E-22  0.1385E-05
  0.1385E-05  0.1385E-05  0.1384E-05  0.1383E-05  0.1383E-05
  0.1382E-05  0.1379E-05  0.1376E-05  0.1371E-05  0.1364E-05
  0.1357E-05  0.1348E-05  0.1325E-05  0.1296E-05  0.1261E-05
  0.1221E-05  0.1130E-05  0.1033E-05  0.9360E-06  0.8413E-06
  0.7522E-06  0.6703E-06  0.5964E-06  0.5301E-06  0.4708E-06
  0.4178E-06  0.3705E-06  0.3285E-06  0.2587E-06  0.2054E-06
  0.1195E-06  0.7369E-07  0.4873E-07  0.3416E-07  0.2493E-07
  0.1920E-07  0.7887E-08  0.4213E-08  0.2411E-08  0.1464E-08
  0.9528E-09  0.6608E-09  0.3598E-09  0.1142E-09  0.1383E-21
  0.3031E-05  0.3030E-05  0.3030E-05  0.3029E-05  0.3029E-05
  0.3028E-05  0.3026E-05  0.3023E-05  0.3019E-05  0.3012E-05
  0.3003E-05  0.2993E-05  0.2980E-05  0.2947E-05  0.2904E-05
  0.2849E-05  0.2784E-05  0.2631E-05  0.2458E-05  0.2279E-05
  0.2099E-05  0.1924E-05  0.1755E-05  0.1595E-05  0.1448E-05
  0.1313E-05  0.1190E-05  0.1079E-05  0.9772E-06  0.8005E-06
  0.6560E-06  0.4029E-06  0.2575E-06  0.1710E-06  0.1193E-06
  0.8730E-07  0.6681E-07  0.2407E-07  0.1496E-07  0.8212E-08
  0.4991E-08  0.3255E-08  0.2244E-08  0.1214E-08  0.3854E-09
  0.3929E-21  0.7089E-05  0.7088E-05  0.7088E-05  0.7087E-05
  0.7086E-05  0.7085E-05  0.7083E-05  0.7080E-05  0.7075E-05
  0.7066E-05  0.7055E-05  0.7041E-05  0.7025E-05  0.6979E-05
  0.6917E-05  0.6834E-05  0.6732E-05  0.6476E-05  0.6170E-05
  0.5836E-05  0.5491E-05  0.5144E-05  0.4801E-05  0.4467E-05
  0.4142E-05  0.3832E-05  0.3539E-05  0.3266E-05  0.3014E-05
  0.2568E-05  0.2187E-05  0.1453E-05  0.9741E-06  0.6703E-06
  0.4752E-06  0.3457E-06  0.2623E-06  0.9021E-07  0.4872E-07
  0.3300E-07  0.1909E-07  0.1247E-07  0.8542E-08  0.4589E-08
  0.1457E-08  0.1210E-20  0.1773E-04  0.1773E-04  0.1773E-04
  0.1773E-04  0.1773E-04  0.1773E-04  0.1772E-04  0.1772E-04
  0.1772E-04  0.1770E-04  0.1769E-04  0.1768E-04  0.1766E-04
  0.1760E-04  0.1752E-04  0.1740E-04  0.1726E-04  0.1685E-04
  0.1632E-04  0.1570E-04  0.1502E-04  0.1433E-04  0.1363E-04
  0.1293E-04  0.1224E-04  0.1156E-04  0.1089E-04  0.1025E-04
  0.9619E-05  0.8452E-05  0.7424E-05  0.5377E-05  0.3868E-05
  0.2789E-05  0.2032E-05  0.1522E-05  0.1170E-05  0.3956E-06
  0.1871E-06  0.1176E-06  0.8668E-07  0.5688E-07  0.3622E-07
  0.1927E-07  0.6119E-08  0.4034E-20  0.4895E-04  0.4894E-04
  0.4894E-04  0.4894E-04  0.4894E-04  0.4894E-04  0.4894E-04
  0.4893E-04  0.4893E-04  0.4891E-04  0.4890E-04  0.4888E-04
  0.4887E-04  0.4880E-04  0.4871E-04  0.4856E-04  0.4836E-04
  0.4777E-04  0.4690E-04  0.4577E-04  0.4444E-04  0.4301E-04
  0.4151E-04  0.3999E-04  0.3846E-04  0.3693E-04  0.3541E-04
  0.3391E-04  0.3242E-04  0.2953E-04  0.2675E-04  0.2067E-04
  0.1605E-04  0.1238E-04  0.9514E-05  0.7363E-05  0.5768E-05
  0.2020E-05  0.9412E-06  0.5272E-06  0.3503E-06  0.2361E-06
  0.1908E-06  0.9406E-07  0.2987E-07  0.1504E-19  0.1504E-03
  0.1504E-03  0.1504E-03  0.1504E-03  0.1504E-03  0.1504E-03
  0.1504E-03  0.1504E-03  0.1504E-03  0.1504E-03  0.1503E-03
  0.1503E-03  0.1503E-03  0.1502E-03  0.1501E-03  0.1499E-03
  0.1497E-03  0.1489E-03  0.1477E-03  0.1458E-03  0.1432E-03
  0.1402E-03  0.1369E-03  0.1333E-03  0.1297E-03  0.1261E-03
  0.1224E-03  0.1187E-03  0.1150E-03  0.1077E-03  0.1005E-03
  0.8307E-04  0.6766E-04  0.5548E-04  0.4530E-04  0.3686E-04
  0.3007E-04  0.1170E-04  0.5402E-05  0.3004E-05  0.1817E-05
  0.1181E-05  0.8678E-06  0.5542E-06  0.1643E-06  0.6240E-19
  0.5162E-03  0.5162E-03  0.5162E-03  0.5161E-03  0.5162E-03
  0.5161E-03  0.5161E-03  0.5161E-03  0.5162E-03  0.5161E-03
  0.5161E-03  0.5160E-03  0.5160E-03  0.5158E-03  0.5157E-03
  0.5153E-03  0.5150E-03  0.5140E-03  0.5124E-03  0.5096E-03
  0.5051E-03  0.4989E-03  0.4914E-03  0.4830E-03  0.4739E-03
  0.4645E-03  0.4548E-03  0.4450E-03  0.4351E-03  0.4150E-03
  0.3949E-03  0.3453E-03  0.2966E-03  0.2517E-03  0.2146E-03
  0.1830E-03  0.1557E-03  0.6861E-04  0.3370E-04  0.1865E-04
  0.1129E-04  0.7283E-05  0.4821E-05  0.2724E-05  0.1040E-05
  0.2821E-18  0.1979E-02  0.1979E-02  0.1979E-02  0.1979E-02
  0.1979E-02  0.1979E-02  0.1979E-02  0.1979E-02  0.1979E-02
  0.1978E-02  0.1979E-02  0.1978E-02  0.1978E-02  0.1978E-02
  0.1977E-02  0.1976E-02  0.1976E-02  0.1974E-02  0.1972E-02
  0.1968E-02  0.1961E-02  0.1950E-02  0.1933E-02  0.1912E-02
  0.1888E-02  0.1862E-02  0.1834E-02  0.1805E-02  0.1776E-02
  0.1716E-02  0.1654E-02  0.1497E-02  0.1342E-02  0.1186E-02
  0.1037E-02  0.9080E-03  0.7985E-03  0.4052E-03  0.2127E-03
  0.1198E-03  0.7254E-04  0.4747E-04  0.3073E-04  0.1550E-04
  0.5367E-05  0.1370E-17  0.8214E-02  0.8213E-02  0.8214E-02
  0.8213E-02  0.8213E-02  0.8213E-02  0.8213E-02  0.8213E-02
  0.8214E-02  0.8212E-02  0.8213E-02  0.8212E-02  0.8212E-02
  0.8210E-02  0.8208E-02  0.8204E-02  0.8201E-02  0.8195E-02
  0.8190E-02  0.8186E-02  0.8177E-02  0.8159E-02  0.8126E-02
  0.8077E-02  0.8012E-02  0.7937E-02  0.7854E-02  0.7766E-02
  0.7673E-02  0.7477E-02  0.7273E-02  0.6742E-02  0.6193E-02
  0.5653E-02  0.5109E-02  0.4574E-02  0.4084E-02  0.2334E-02
  0.1306E-02  0.7696E-03  0.4665E-03  0.3033E-03  0.1970E-03
  0.9728E-04  0.3047E-04  0.7107E-17  0.3253E-01  0.3253E-01
  0.3253E-01  0.3253E-01  0.3253E-01  0.3253E-01  0.3253E-01
  0.3253E-01  0.3253E-01  0.3253E-01  0.3253E-01  0.3253E-01
  0.3253E-01  0.3252E-01  0.3251E-01  0.3250E-01  0.3249E-01
  0.3246E-01  0.3244E-01  0.3243E-01  0.3241E-01  0.3239E-01
  0.3235E-01  0.3227E-01  0.3214E-01  0.3197E-01  0.3176E-01
  0.3151E-01  0.3125E-01  0.3069E-01  0.3009E-01  0.2846E-01
  0.2671E-01  0.2491E-01  0.2311E-01  0.2133E-01  0.1960E-01
  0.1237E-01  0.7718E-02  0.4796E-02  0.3038E-02  0.2007E-02
  0.1273E-02  0.6245E-03  0.1938E-03  0.4000E-16  0.1011E+00
  0.1011E+00  0.1011E+00  0.1011E+00  0.1011E+00  0.1011E+00
  0.1011E+00  0.1011E+00  0.1011E+00  0.1011E+00  0.1011E+00
  0.1011E+00  0.1011E+00  0.1011E+00  0.1011E+00  0.1010E+00
  0.1010E+00  0.1009E+00  0.1009E+00  0.1008E+00  0.1008E+00
  0.1007E+00  0.1007E+00  0.1006E+00  0.1004E+00  0.1002E+00
  0.9985E-01  0.9944E-01  0.9894E-01  0.9775E-01  0.9643E-01
  0.9279E-01  0.8875E-01  0.8446E-01  0.8004E-01  0.7550E-01
  0.7096E-01  0.5036E-01  0.3483E-01  0.2408E-01  0.1643E-01
  0.1133E-01  0.7466E-02  0.3690E-02  0.1133E-02  0.2268E-15
  0.2463E+00  0.2462E+00  0.2462E+00  0.2462E+00  0.2462E+00
  0.2462E+00  0.2462E+00  0.2462E+00  0.2463E+00  0.2462E+00
  0.2462E+00  0.2462E+00  0.2462E+00  0.2462E+00  0.2462E+00
  0.2461E+00  0.2460E+00  0.2459E+00  0.2457E+00  0.2456E+00
  0.2455E+00  0.2454E+00  0.2452E+00  0.2451E+00  0.2449E+00
  0.2446E+00  0.2442E+00  0.2438E+00  0.2431E+00  0.2415E+00
  0.2394E+00  0.2330E+00  0.2259E+00  0.2183E+00  0.2102E+00
  0.2017E+00  0.1930E+00  0.1501E+00  0.1137E+00  0.8515E-01
  0.6326E-01  0.4697E-01  0.3234E-01  0.1696E-01  0.5432E-02
  0.1103E-14  0.4961E+00  0.4961E+00  0.4961E+00  0.4961E+00
  0.4961E+00  0.4961E+00  0.4961E+00  0.4961E+00  0.4962E+00
  0.4961E+00  0.4961E+00  0.4961E+00  0.4961E+00  0.4960E+00
  0.4960E+00  0.4959E+00  0.4958E+00  0.4955E+00  0.4952E+00
  0.4950E+00  0.4948E+00  0.4946E+00  0.4943E+00  0.4941E+00
  0.4938E+00  0.4934E+00  0.4929E+00  0.4924E+00  0.4917E+00
  0.4898E+00  0.4872E+00  0.4783E+00  0.4677E+00  0.4563E+00
  0.4442E+00  0.4314E+00  0.4180E+00  0.3480E+00  0.2820E+00
  0.2259E+00  0.1776E+00  0.1405E+00  0.1018E+00  0.5821E-01
  0.1951E-01  0.4280E-14  0.8943E+00  0.8943E+00  0.8943E+00
  0.8942E+00  0.8943E+00  0.8942E+00  0.8942E+00  0.8943E+00
  0.8944E+00  0.8942E+00  0.8943E+00  0.8943E+00  0.8943E+00
  0.8942E+00  0.8942E+00  0.8939E+00  0.8938E+00  0.8934E+00
  0.8929E+00  0.8925E+00  0.8921E+00  0.8918E+00  0.8914E+00
  0.8911E+00  0.8906E+00  0.8902E+00  0.8895E+00  0.8889E+00
  0.8880E+00  0.8859E+00  0.8831E+00  0.8725E+00  0.8579E+00
  0.8420E+00  0.8253E+00  0.8079E+00  0.7896E+00  0.6905E+00
  0.5886E+00  0.4959E+00  0.4099E+00  0.3386E+00  0.2554E+00
  0.1585E+00  0.5641E-01  0.1372E-13  0.1504E+01  0.1504E+01
  0.1504E+01  0.1504E+01  0.1504E+01  0.1504E+01  0.1504E+01
  0.1504E+01  0.1504E+01  0.1504E+01  0.1504E+01  0.1504E+01
  0.1504E+01  0.1504E+01  0.1504E+01  0.1503E+01  0.1503E+01
  0.1502E+01  0.1502E+01  0.1501E+01  0.1501E+01  0.1500E+01
  0.1499E+01  0.1499E+01  0.1498E+01  0.1498E+01  0.1497E+01
  0.1496E+01  0.1495E+01  0.1493E+01  0.1489E+01  0.1478E+01
  0.1460E+01  0.1439E+01  0.1416E+01  0.1393E+01  0.1369E+01
  0.1239E+01  0.1099E+01  0.9607E+00  0.8259E+00  0.7077E+00
  0.5512E+00  0.3637E+00  0.1372E+00  0.3776E-13  0.2418E+01
  0.2418E+01  0.2418E+01  0.2418E+01  0.2418E+01  0.2418E+01
  0.2418E+01  0.2418E+01  0.2418E+01  0.2418E+01  0.2418E+01
  0.2418E+01  0.2418E+01  0.2418E+01  0.2418E+01  0.2418E+01
  0.2417E+01  0.2416E+01  0.2415E+01  0.2415E+01  0.2414E+01
  0.2413E+01  0.2412E+01  0.2412E+01  0.2411E+01  0.2410E+01
  0.2409E+01  0.2408E+01  0.2407E+01  0.2404E+01  0.2400E+01
  0.2388E+01  0.2369E+01  0.2342E+01  0.2311E+01  0.2280E+01
  0.2249E+01  0.2084E+01  0.1904E+01  0.1715E+01  0.1518E+01
  0.1339E+01  0.1072E+01  0.7436E+00  0.2936E+00  0.9283E-13
