                        3167.   5.23   0.20   0.09
    50   0.0   0.0    1.0000  0.0001
  46
      8413.322      8413.332      8413.342      8413.352      8413.362
      8413.372      8413.382      8413.402      8413.422      8413.447
      8413.472      8413.497      8413.522      8413.572      8413.622
      8413.672      8413.722      8413.822      8413.922      8414.022
      8414.122      8414.222      8414.322      8414.422      8414.522
      8414.622      8414.722      8414.822      8414.922      8415.122
      8415.322      8415.822      8416.322      8416.822      8417.322
      8417.822      8418.322      8420.822      8423.322      8425.822
      8428.322      8430.822      8433.322      8438.322      8443.322
      8448.322
 -0.3495E-14 -0.3502E-14 -0.3525E-14 -0.3561E-14 -0.3610E-14
 -0.3670E-14 -0.3738E-14 -0.3889E-14 -0.4043E-14 -0.4204E-14
 -0.4297E-14 -0.4299E-14 -0.4200E-14 -0.3735E-14 -0.3069E-14
 -0.2389E-14 -0.1809E-14 -0.1028E-14 -0.6076E-15 -0.3826E-15
 -0.2588E-15 -0.1856E-15 -0.1391E-15 -0.1076E-15 -0.8547E-16
 -0.6927E-16 -0.5712E-16 -0.4778E-16 -0.4048E-16 -0.2998E-16
 -0.2300E-16 -0.1308E-16 -0.8234E-17 -0.5573E-17 -0.3982E-17
 -0.2963E-17 -0.2291E-17 -0.8297E-18 -0.4020E-18 -0.2295E-18
 -0.1357E-18 -0.8549E-19 -0.6462E-19 -0.3845E-19 -0.1219E-19
 -0.3250E-31  0.2296E-13  0.2289E-13  0.2269E-13  0.2236E-13
  0.2190E-13  0.2132E-13  0.2064E-13  0.1900E-13  0.1706E-13
  0.1439E-13  0.1165E-13  0.9014E-14  0.6631E-14  0.2926E-14
  0.6902E-15 -0.3954E-15 -0.7767E-15 -0.7079E-15 -0.4602E-15
 -0.2942E-15 -0.1992E-15 -0.1428E-15 -0.1070E-15 -0.8279E-16
 -0.6573E-16 -0.5327E-16 -0.4392E-16 -0.3674E-16 -0.3112E-16
 -0.2304E-16 -0.1768E-16 -0.1005E-16 -0.6329E-17 -0.4284E-17
 -0.3061E-17 -0.2277E-17 -0.1761E-17 -0.6378E-18 -0.3090E-18
 -0.1764E-18 -0.1044E-18 -0.6583E-19 -0.4961E-19 -0.2943E-19
 -0.9333E-20 -0.2333E-31  0.6420E-13  0.6404E-13  0.6357E-13
  0.6278E-13  0.6170E-13  0.6034E-13  0.5872E-13  0.5478E-13
  0.5011E-13  0.4359E-13  0.3678E-13  0.3008E-13  0.2385E-13
  0.1365E-13  0.6843E-14  0.2938E-14  0.9960E-15 -0.1278E-15
 -0.1868E-15 -0.1295E-15 -0.8825E-16 -0.6320E-16 -0.4728E-16
 -0.3656E-16 -0.2901E-16 -0.2350E-16 -0.1937E-16 -0.1620E-16
 -0.1372E-16 -0.1015E-16 -0.7790E-17 -0.4427E-17 -0.2787E-17
 -0.1886E-17 -0.1348E-17 -0.1002E-17 -0.7753E-18 -0.2808E-18
 -0.1360E-18 -0.7765E-19 -0.4614E-19 -0.2924E-19 -0.2172E-19
 -0.1271E-19 -0.4030E-20 -0.6552E-32  0.1295E-12  0.1291E-12
  0.1283E-12  0.1268E-12  0.1247E-12  0.1222E-12  0.1191E-12
  0.1116E-12  0.1027E-12  0.9026E-13  0.7711E-13  0.6407E-13
  0.5182E-13  0.3134E-13  0.1720E-13  0.8693E-14  0.4143E-14
  0.9492E-15  0.3263E-15  0.1788E-15  0.1192E-15  0.8568E-16
  0.6432E-16  0.4985E-16  0.3962E-16  0.3213E-16  0.2651E-16
  0.2219E-16  0.1880E-16  0.1393E-16  0.1069E-16  0.6081E-17
  0.3830E-17  0.2593E-17  0.1853E-17  0.1379E-17  0.1066E-17
  0.3861E-18  0.1871E-18  0.1068E-18  0.6277E-19  0.3922E-19
  0.3034E-19  0.1845E-19  0.5848E-20  0.2463E-31  0.2330E-12
  0.2325E-12  0.2309E-12  0.2284E-12  0.2249E-12  0.2204E-12
  0.2151E-12  0.2022E-12  0.1867E-12  0.1650E-12  0.1420E-12
  0.1190E-12  0.9723E-13  0.6042E-13  0.3447E-13  0.1842E-13
  0.9533E-14  0.2848E-14  0.1263E-14  0.7542E-15  0.5090E-15
  0.3656E-15  0.2741E-15  0.2123E-15  0.1686E-15  0.1367E-15
  0.1127E-15  0.9430E-16  0.7991E-16  0.5918E-16  0.4542E-16
  0.2582E-16  0.1626E-16  0.1101E-16  0.7866E-17  0.5852E-17
  0.4525E-17  0.1639E-17  0.7941E-18  0.4534E-18  0.2675E-18
  0.1680E-18  0.1281E-18  0.7681E-19  0.2435E-19  0.8242E-31
  0.3978E-12  0.3969E-12  0.3944E-12  0.3901E-12  0.3843E-12
  0.3770E-12  0.3682E-12  0.3469E-12  0.3213E-12  0.2851E-12
  0.2466E-12  0.2081E-12  0.1713E-12  0.1085E-12  0.6346E-13
  0.3503E-13  0.1891E-13  0.6266E-14  0.2997E-14  0.1835E-14
  0.1244E-14  0.8939E-15  0.6701E-15  0.5187E-15  0.4120E-15
  0.3339E-15  0.2754E-15  0.2304E-15  0.1952E-15  0.1445E-15
  0.1109E-15  0.6306E-16  0.3971E-16  0.2688E-16  0.1921E-16
  0.1429E-16  0.1105E-16  0.4002E-17  0.1939E-17  0.1107E-17
  0.6539E-18  0.4112E-18  0.3122E-18  0.1866E-18  0.5915E-19
  0.1899E-30  0.6601E-12  0.6587E-12  0.6546E-12  0.6478E-12
  0.6385E-12  0.6267E-12  0.6127E-12  0.5782E-12  0.5370E-12
  0.4785E-12  0.4160E-12  0.3531E-12  0.2928E-12  0.1888E-12
  0.1129E-12  0.6412E-13  0.3578E-13  0.1270E-13  0.6293E-14
  0.3885E-14  0.2635E-14  0.1893E-14  0.1418E-14  0.1098E-14
  0.8718E-15  0.7066E-15  0.5826E-15  0.4874E-15  0.4129E-15
  0.3058E-15  0.2346E-15  0.1334E-15  0.8400E-16  0.5686E-16
  0.4063E-16  0.3023E-16  0.2337E-16  0.8465E-17  0.4101E-17
  0.2342E-17  0.1384E-17  0.8713E-18  0.6597E-18  0.3932E-18
  0.1247E-18  0.3905E-30  0.1078E-11  0.1076E-11  0.1070E-11
  0.1059E-11  0.1044E-11  0.1025E-11  0.1003E-11  0.9488E-12
  0.8834E-12  0.7904E-12  0.6907E-12  0.5897E-12  0.4925E-12
  0.3229E-12  0.1973E-12  0.1148E-12  0.6583E-13  0.2445E-13
  0.1239E-13  0.7726E-14  0.5264E-14  0.3785E-14  0.2836E-14
  0.2195E-14  0.1743E-14  0.1413E-14  0.1165E-14  0.9743E-15
  0.8254E-15  0.6112E-15  0.4690E-15  0.2666E-15  0.1679E-15
  0.1136E-15  0.8119E-16  0.6041E-16  0.4671E-16  0.1692E-16
  0.8196E-17  0.4679E-17  0.2768E-17  0.1744E-17  0.1317E-17
  0.7834E-18  0.2484E-18  0.7648E-30  0.1745E-11  0.1741E-11
  0.1731E-11  0.1715E-11  0.1692E-11  0.1663E-11  0.1628E-11
  0.1543E-11  0.1440E-11  0.1294E-11  0.1137E-11  0.9766E-12
  0.8215E-12  0.5480E-12  0.3420E-12  0.2039E-12  0.1198E-12
  0.4632E-13  0.2389E-13  0.1501E-13  0.1026E-13  0.7378E-14
  0.5528E-14  0.4278E-14  0.3396E-14  0.2752E-14  0.2269E-14
  0.1898E-14  0.1608E-14  0.1191E-14  0.9135E-15  0.5194E-15
  0.3270E-15  0.2213E-15  0.1581E-15  0.1177E-15  0.9098E-16
  0.3295E-16  0.1596E-16  0.9114E-17  0.5395E-17  0.3402E-17
  0.2564E-17  0.1521E-17  0.4824E-18  0.1465E-29  0.2810E-11
  0.2804E-11  0.2789E-11  0.2763E-11  0.2728E-11  0.2683E-11
  0.2629E-11  0.2497E-11  0.2337E-11  0.2109E-11  0.1863E-11
  0.1611E-11  0.1365E-11  0.9268E-12  0.5908E-12  0.3605E-12
  0.2167E-12  0.8595E-13  0.4448E-13  0.2824E-13  0.1958E-13
  0.1419E-13  0.1065E-13  0.8245E-14  0.6545E-14  0.5304E-14
  0.4372E-14  0.3657E-14  0.3098E-14  0.2294E-14  0.1760E-14
  0.1001E-14  0.6299E-15  0.4264E-15  0.3046E-15  0.2267E-15
  0.1753E-15  0.6348E-16  0.3075E-16  0.1756E-16  0.1040E-16
  0.6563E-17  0.4935E-17  0.2922E-17  0.9264E-18  0.2773E-29
  0.4510E-11  0.4502E-11  0.4478E-11  0.4438E-11  0.4384E-11
  0.4315E-11  0.4232E-11  0.4028E-11  0.3782E-11  0.3429E-11
  0.3045E-11  0.2650E-11  0.2263E-11  0.1565E-11  0.1020E-11
  0.6369E-12  0.3913E-12  0.1590E-12  0.8238E-13  0.5283E-13
  0.3718E-13  0.2716E-13  0.2043E-13  0.1581E-13  0.1255E-13
  0.1017E-13  0.8384E-14  0.7013E-14  0.5941E-14  0.4398E-14
  0.3375E-14  0.1918E-14  0.1208E-14  0.8174E-15  0.5840E-15
  0.4345E-15  0.3360E-15  0.1217E-15  0.5895E-16  0.3366E-16
  0.1995E-16  0.1260E-16  0.9452E-17  0.5584E-17  0.1771E-17
  0.5225E-29  0.7218E-11  0.7206E-11  0.7170E-11  0.7110E-11
  0.7026E-11  0.6921E-11  0.6794E-11  0.6483E-11  0.6105E-11
  0.5561E-11  0.4967E-11  0.4353E-11  0.3747E-11  0.2641E-11
  0.1759E-11  0.1126E-11  0.7084E-12  0.2964E-12  0.1537E-12
  0.9877E-13  0.7031E-13  0.5181E-13  0.3908E-13  0.3027E-13
  0.2402E-13  0.1946E-13  0.1604E-13  0.1342E-13  0.1137E-13
  0.8414E-14  0.6455E-14  0.3670E-14  0.2310E-14  0.1564E-14
  0.1117E-14  0.8311E-15  0.6427E-15  0.2328E-15  0.1128E-15
  0.6438E-16  0.3818E-16  0.2414E-16  0.1806E-16  0.1065E-16
  0.3376E-17  0.9818E-29  0.1153E-10  0.1151E-10  0.1146E-10
  0.1137E-10  0.1124E-10  0.1108E-10  0.1089E-10  0.1042E-10
  0.9838E-11  0.9005E-11  0.8092E-11  0.7142E-11  0.6197E-11
  0.4451E-11  0.3033E-11  0.1990E-11  0.1283E-11  0.5531E-12
  0.2848E-12  0.1800E-12  0.1287E-12  0.9668E-13  0.7412E-13
  0.5779E-13  0.4594E-13  0.3723E-13  0.3069E-13  0.2567E-13
  0.2174E-13  0.1609E-13  0.1235E-13  0.7018E-14  0.4418E-14
  0.2990E-14  0.2136E-14  0.1589E-14  0.1229E-14  0.4451E-15
  0.2156E-15  0.1231E-15  0.7307E-16  0.4624E-16  0.3452E-16
  0.2030E-16  0.6435E-17  0.1841E-28  0.1840E-10  0.1837E-10
  0.1829E-10  0.1815E-10  0.1796E-10  0.1771E-10  0.1742E-10
  0.1671E-10  0.1583E-10  0.1456E-10  0.1317E-10  0.1170E-10
  0.1024E-10  0.7500E-11  0.5230E-11  0.3519E-11  0.2325E-11
  0.1039E-11  0.5347E-12  0.3317E-12  0.2366E-12  0.1806E-12
  0.1406E-12  0.1104E-12  0.8792E-13  0.7126E-13  0.5873E-13
  0.4912E-13  0.4160E-13  0.3080E-13  0.2362E-13  0.1343E-13
  0.8453E-14  0.5721E-14  0.4087E-14  0.3041E-14  0.2351E-14
  0.8517E-15  0.4125E-15  0.2355E-15  0.1399E-15  0.8860E-16
  0.6598E-16  0.3870E-16  0.1227E-16  0.3454E-28  0.2931E-10
  0.2926E-10  0.2914E-10  0.2893E-10  0.2865E-10  0.2828E-10
  0.2785E-10  0.2677E-10  0.2545E-10  0.2353E-10  0.2140E-10
  0.1917E-10  0.1691E-10  0.1263E-10  0.9019E-11  0.6227E-11
  0.4222E-11  0.1963E-11  0.1018E-11  0.6226E-12  0.4396E-12
  0.3378E-12  0.2665E-12  0.2110E-12  0.1684E-12  0.1366E-12
  0.1125E-12  0.9412E-13  0.7971E-13  0.5900E-13  0.4526E-13
  0.2572E-13  0.1619E-13  0.1096E-13  0.7829E-14  0.5825E-14
  0.4504E-14  0.1631E-14  0.7902E-15  0.4511E-15  0.2681E-15
  0.1700E-15  0.1263E-15  0.7389E-16  0.2343E-16  0.6485E-28
  0.4659E-10  0.4653E-10  0.4634E-10  0.4603E-10  0.4561E-10
  0.4507E-10  0.4442E-10  0.4281E-10  0.4083E-10  0.3794E-10
  0.3473E-10  0.3133E-10  0.2788E-10  0.2125E-10  0.1553E-10
  0.1100E-10  0.7652E-11  0.3708E-11  0.1952E-11  0.1177E-11
  0.8109E-12  0.6158E-12  0.4906E-12  0.3960E-12  0.3207E-12
  0.2614E-12  0.2157E-12  0.1804E-12  0.1528E-12  0.1131E-12
  0.8674E-13  0.4930E-13  0.3103E-13  0.2100E-13  0.1500E-13
  0.1116E-13  0.8632E-14  0.3126E-14  0.1514E-14  0.8645E-15
  0.5142E-15  0.3263E-15  0.2418E-15  0.1411E-15  0.4475E-16
  0.1217E-27  0.7393E-10  0.7383E-10  0.7356E-10  0.7310E-10
  0.7248E-10  0.7167E-10  0.7071E-10  0.6832E-10  0.6538E-10
  0.6107E-10  0.5625E-10  0.5112E-10  0.4586E-10  0.3566E-10
  0.2667E-10  0.1937E-10  0.1382E-10  0.6992E-11  0.3758E-11
  0.2253E-11  0.1515E-11  0.1123E-11  0.8927E-12  0.7341E-12
  0.6068E-12  0.5001E-12  0.4139E-12  0.3463E-12  0.2933E-12
  0.2171E-12  0.1665E-12  0.9462E-13  0.5955E-13  0.4030E-13
  0.2879E-13  0.2142E-13  0.1657E-13  0.6000E-14  0.2906E-14
  0.1659E-14  0.9875E-15  0.6272E-15  0.4636E-15  0.2699E-15
  0.8560E-16  0.2284E-27  0.1173E-09  0.1172E-09  0.1168E-09
  0.1161E-09  0.1152E-09  0.1140E-09  0.1126E-09  0.1091E-09
  0.1047E-09  0.9834E-10  0.9114E-10  0.8343E-10  0.7548E-10
  0.5985E-10  0.4578E-10  0.3408E-10  0.2493E-10  0.1317E-10
  0.7265E-11  0.4372E-11  0.2896E-11  0.2093E-11  0.1629E-11
  0.1337E-11  0.1123E-11  0.9449E-12  0.7929E-12  0.6669E-12
  0.5654E-12  0.4185E-12  0.3210E-12  0.1824E-12  0.1148E-12
  0.7769E-13  0.5550E-13  0.4129E-13  0.3193E-13  0.1157E-13
  0.5601E-14  0.3198E-14  0.1905E-14  0.1211E-14  0.8927E-15
  0.5185E-15  0.1644E-15  0.4299E-27  0.1863E-09  0.1862E-09
  0.1856E-09  0.1846E-09  0.1832E-09  0.1815E-09  0.1794E-09
  0.1742E-09  0.1678E-09  0.1584E-09  0.1477E-09  0.1362E-09
  0.1242E-09  0.1004E-09  0.7854E-10  0.5989E-10  0.4490E-10
  0.2478E-10  0.1407E-10  0.8555E-11  0.5632E-11  0.3994E-11
  0.3030E-11  0.2442E-11  0.2059E-11  0.1770E-11  0.1517E-11
  0.1289E-11  0.1095E-11  0.8100E-12  0.6212E-12  0.3530E-12
  0.2221E-12  0.1503E-12  0.1074E-12  0.7989E-13  0.6179E-13
  0.2238E-13  0.1084E-13  0.6187E-14  0.3689E-14  0.2347E-14
  0.1726E-14  0.9998E-15  0.3171E-15  0.8119E-27  0.2963E-09
  0.2960E-09  0.2952E-09  0.2937E-09  0.2918E-09  0.2892E-09
  0.2862E-09  0.2787E-09  0.2693E-09  0.2554E-09  0.2396E-09
  0.2225E-09  0.2046E-09  0.1685E-09  0.1347E-09  0.1051E-09
  0.8068E-10  0.4653E-10  0.2726E-10  0.1684E-10  0.1110E-10
  0.7799E-11  0.5805E-11  0.4563E-11  0.3769E-11  0.3222E-11
  0.2796E-11  0.2430E-11  0.2105E-11  0.1575E-11  0.1208E-11
  0.6866E-12  0.4321E-12  0.2924E-12  0.2089E-12  0.1554E-12
  0.1202E-12  0.4353E-13  0.2108E-13  0.1203E-13  0.7180E-14
  0.4573E-14  0.3354E-14  0.1938E-14  0.6145E-15  0.1539E-26
  0.4719E-09  0.4715E-09  0.4703E-09  0.4682E-09  0.4654E-09
  0.4617E-09  0.4573E-09  0.4463E-09  0.4327E-09  0.4124E-09
  0.3892E-09  0.3639E-09  0.3373E-09  0.2828E-09  0.2307E-09
  0.1841E-09  0.1446E-09  0.8709E-10  0.5276E-10  0.3321E-10
  0.2204E-10  0.1545E-10  0.1137E-10  0.8762E-11  0.7042E-11
  0.5876E-11  0.5055E-11  0.4448E-11  0.3949E-11  0.3067E-11
  0.2364E-11  0.1343E-11  0.8451E-12  0.5719E-12  0.4085E-12
  0.3039E-12  0.2350E-12  0.8513E-13  0.4123E-13  0.2353E-13
  0.1405E-13  0.8959E-14  0.6553E-14  0.3776E-14  0.1197E-14
  0.2931E-26  0.7531E-09  0.7525E-09  0.7508E-09  0.7477E-09
  0.7437E-09  0.7384E-09  0.7320E-09  0.7162E-09  0.6964E-09
  0.6669E-09  0.6330E-09  0.5958E-09  0.5563E-09  0.4746E-09
  0.3949E-09  0.3218E-09  0.2584E-09  0.1623E-09  0.1018E-09
  0.6554E-10  0.4398E-10  0.3089E-10  0.2266E-10  0.1728E-10
  0.1366E-10  0.1115E-10  0.9391E-11  0.8169E-11  0.7294E-11
  0.5904E-11  0.4649E-11  0.2643E-11  0.1663E-11  0.1125E-11
  0.8039E-12  0.5980E-12  0.4625E-12  0.1675E-12  0.8111E-13
  0.4631E-13  0.2767E-13  0.1766E-13  0.1288E-13  0.7402E-14
  0.2348E-14  0.5605E-26  0.1206E-08  0.1205E-08  0.1203E-08
  0.1198E-08  0.1192E-08  0.1185E-08  0.1176E-08  0.1153E-08
  0.1124E-08  0.1081E-08  0.1032E-08  0.9776E-09  0.9194E-09
  0.7973E-09  0.6758E-09  0.5620E-09  0.4607E-09  0.3017E-09
  0.1961E-09  0.1295E-09  0.8819E-10  0.6234E-10  0.4575E-10
  0.3475E-10  0.2721E-10  0.2191E-10  0.1811E-10  0.1542E-10
  0.1350E-10  0.1095E-10  0.9025E-11  0.5253E-11  0.3301E-11
  0.2233E-11  0.1595E-11  0.1187E-11  0.9179E-12  0.3325E-12
  0.1610E-12  0.9190E-13  0.5497E-13  0.3512E-13  0.2554E-13
  0.1464E-13  0.4642E-14  0.1079E-25  0.1941E-08  0.1939E-08
  0.1936E-08  0.1930E-08  0.1921E-08  0.1910E-08  0.1897E-08
  0.1864E-08  0.1823E-08  0.1762E-08  0.1690E-08  0.1610E-08
  0.1525E-08  0.1343E-08  0.1158E-08  0.9820E-09  0.8213E-09
  0.5599E-09  0.3773E-09  0.2562E-09  0.1777E-09  0.1268E-09
  0.9340E-10  0.7096E-10  0.5540E-10  0.4430E-10  0.3622E-10
  0.3029E-10  0.2593E-10  0.2023E-10  0.1669E-10  0.1043E-10
  0.6624E-11  0.4482E-11  0.3202E-11  0.2382E-11  0.1842E-11
  0.6672E-12  0.3230E-12  0.1844E-12  0.1104E-12  0.7061E-13
  0.5121E-13  0.2925E-13  0.9278E-14  0.2091E-25  0.3143E-08
  0.3142E-08  0.3137E-08  0.3128E-08  0.3116E-08  0.3100E-08
  0.3081E-08  0.3035E-08  0.2975E-08  0.2886E-08  0.2783E-08
  0.2666E-08  0.2541E-08  0.2271E-08  0.1992E-08  0.1719E-08
  0.1466E-08  0.1039E-08  0.7254E-09  0.5074E-09  0.3595E-09
  0.2599E-09  0.1927E-09  0.1468E-09  0.1147E-09  0.9152E-10
  0.7448E-10  0.6174E-10  0.5213E-10  0.3917E-10  0.3148E-10
  0.2109E-10  0.1348E-10  0.9108E-11  0.6506E-11  0.4840E-11
  0.3743E-11  0.1356E-11  0.6564E-12  0.3747E-12  0.2245E-12
  0.1438E-12  0.1040E-12  0.5920E-13  0.1878E-13  0.4096E-25
  0.5144E-08  0.5142E-08  0.5134E-08  0.5122E-08  0.5105E-08
  0.5083E-08  0.5056E-08  0.4989E-08  0.4904E-08  0.4776E-08
  0.4626E-08  0.4457E-08  0.4273E-08  0.3872E-08  0.3450E-08
  0.3030E-08  0.2630E-08  0.1933E-08  0.1398E-08  0.1008E-08
  0.7317E-09  0.5382E-09  0.4033E-09  0.3088E-09  0.2416E-09
  0.1929E-09  0.1568E-09  0.1295E-09  0.1086E-09  0.7983E-10
  0.6234E-10  0.4044E-10  0.2758E-10  0.1884E-10  0.1346E-10
  0.1001E-10  0.7743E-11  0.2804E-11  0.1358E-11  0.7751E-12
  0.4649E-12  0.2980E-12  0.2148E-12  0.1219E-12  0.3868E-13
  0.8135E-25  0.8535E-08  0.8532E-08  0.8522E-08  0.8503E-08
  0.8479E-08  0.8448E-08  0.8409E-08  0.8314E-08  0.8192E-08
  0.8009E-08  0.7792E-08  0.7546E-08  0.7276E-08  0.6681E-08
  0.6042E-08  0.5391E-08  0.4758E-08  0.3621E-08  0.2708E-08
  0.2014E-08  0.1501E-08  0.1127E-08  0.8569E-09  0.6615E-09
  0.5199E-09  0.4159E-09  0.3384E-09  0.2795E-09  0.2340E-09
  0.1701E-09  0.1295E-09  0.7861E-10  0.5816E-10  0.3992E-10
  0.2848E-10  0.2118E-10  0.1638E-10  0.5934E-11  0.2873E-11
  0.1640E-11  0.9846E-12  0.6319E-12  0.4540E-12  0.2569E-12
  0.8148E-13  0.1645E-24  0.1439E-07  0.1439E-07  0.1437E-07
  0.1435E-07  0.1431E-07  0.1427E-07  0.1421E-07  0.1408E-07
  0.1390E-07  0.1364E-07  0.1332E-07  0.1297E-07  0.1257E-07
  0.1168E-07  0.1071E-07  0.9700E-08  0.8697E-08  0.6837E-08
  0.5284E-08  0.4052E-08  0.3103E-08  0.2384E-08  0.1845E-08
  0.1443E-08  0.1143E-08  0.9186E-09  0.7488E-09  0.6191E-09
  0.5186E-09  0.3760E-09  0.2836E-09  0.1628E-09  0.1169E-09
  0.8663E-10  0.6193E-10  0.4600E-10  0.3558E-10  0.1289E-10
  0.6238E-11  0.3561E-11  0.2140E-11  0.1376E-11  0.9849E-12
  0.5552E-12  0.1761E-12  0.3393E-24  0.2470E-07  0.2469E-07
  0.2467E-07  0.2463E-07  0.2458E-07  0.2452E-07  0.2444E-07
  0.2425E-07  0.2399E-07  0.2361E-07  0.2315E-07  0.2263E-07
  0.2204E-07  0.2072E-07  0.1924E-07  0.1767E-07  0.1607E-07
  0.1303E-07  0.1039E-07  0.8211E-08  0.6465E-08  0.5089E-08
  0.4021E-08  0.3198E-08  0.2564E-08  0.2076E-08  0.1700E-08
  0.1408E-08  0.1181E-08  0.8574E-09  0.6458E-09  0.3575E-09
  0.2370E-09  0.1776E-09  0.1382E-09  0.1029E-09  0.7946E-10
  0.2878E-10  0.1393E-10  0.7952E-11  0.4785E-11  0.3080E-11
  0.2197E-11  0.1234E-11  0.3913E-12  0.7143E-24  0.4313E-07
  0.4313E-07  0.4310E-07  0.4304E-07  0.4297E-07  0.4288E-07
  0.4277E-07  0.4249E-07  0.4213E-07  0.4157E-07  0.4091E-07
  0.4014E-07  0.3927E-07  0.3729E-07  0.3503E-07  0.3258E-07
  0.3005E-07  0.2508E-07  0.2059E-07  0.1674E-07  0.1355E-07
  0.1094E-07  0.8834E-08  0.7158E-08  0.5829E-08  0.4779E-08
  0.3946E-08  0.3286E-08  0.2763E-08  0.2010E-08  0.1516E-08
  0.8307E-09  0.5226E-09  0.3692E-09  0.2918E-09  0.2367E-09
  0.1830E-09  0.6613E-10  0.3201E-10  0.1827E-10  0.1101E-10
  0.7094E-11  0.5042E-11  0.2820E-11  0.8945E-12  0.1535E-23
  0.7687E-07  0.7686E-07  0.7682E-07  0.7674E-07  0.7664E-07
  0.7651E-07  0.7635E-07  0.7595E-07  0.7543E-07  0.7463E-07
  0.7367E-07  0.7254E-07  0.7127E-07  0.6830E-07  0.6486E-07
  0.6105E-07  0.5704E-07  0.4890E-07  0.4125E-07  0.3446E-07
  0.2861E-07  0.2369E-07  0.1958E-07  0.1619E-07  0.1342E-07
  0.1117E-07  0.9339E-08  0.7856E-08  0.6649E-08  0.4864E-08
  0.3673E-08  0.2017E-08  0.1240E-08  0.8387E-09  0.6265E-09
  0.5137E-09  0.4345E-09  0.1572E-09  0.7605E-10  0.4341E-10
  0.2618E-10  0.1690E-10  0.1196E-10  0.6663E-11  0.2114E-11
  0.3382E-23  0.1402E-06  0.1402E-06  0.1401E-06  0.1400E-06
  0.1399E-06  0.1397E-06  0.1395E-06  0.1389E-06  0.1381E-06
  0.1370E-06  0.1356E-06  0.1340E-06  0.1321E-06  0.1277E-06
  0.1224E-06  0.1165E-06  0.1101E-06  0.9683E-07  0.8379E-07
  0.7177E-07  0.6110E-07  0.5185E-07  0.4389E-07  0.3711E-07
  0.3137E-07  0.2655E-07  0.2253E-07  0.1920E-07  0.1643E-07
  0.1220E-07  0.9266E-08  0.5103E-08  0.3119E-08  0.2068E-08
  0.1481E-08  0.1150E-08  0.9696E-09  0.3877E-09  0.1882E-09
  0.1074E-09  0.6488E-10  0.4194E-10  0.2957E-10  0.1639E-10
  0.5201E-11  0.7659E-23  0.2629E-06  0.2629E-06  0.2628E-06
  0.2626E-06  0.2624E-06  0.2621E-06  0.2618E-06  0.2610E-06
  0.2600E-06  0.2583E-06  0.2564E-06  0.2540E-06  0.2513E-06
  0.2447E-06  0.2367E-06  0.2275E-06  0.2174E-06  0.1956E-06
  0.1735E-06  0.1523E-06  0.1327E-06  0.1153E-06  0.9985E-07
  0.8636E-07  0.7459E-07  0.6440E-07  0.5561E-07  0.4811E-07
  0.4171E-07  0.3166E-07  0.2442E-07  0.1357E-07  0.8313E-08
  0.5478E-08  0.3851E-08  0.2874E-08  0.2293E-08  0.1005E-08
  0.4896E-09  0.2795E-09  0.1691E-09  0.1095E-09  0.7683E-10
  0.4238E-10  0.1345E-10  0.1797E-22  0.5127E-06  0.5126E-06
  0.5125E-06  0.5123E-06  0.5120E-06  0.5117E-06  0.5112E-06
  0.5101E-06  0.5087E-06  0.5064E-06  0.5036E-06  0.5002E-06
  0.4963E-06  0.4866E-06  0.4745E-06  0.4602E-06  0.4441E-06
  0.4082E-06  0.3705E-06  0.3330E-06  0.2971E-06  0.2637E-06
  0.2335E-06  0.2063E-06  0.1822E-06  0.1607E-06  0.1416E-06
  0.1247E-06  0.1099E-06  0.8563E-07  0.6736E-07  0.3864E-07
  0.2373E-07  0.1569E-07  0.1098E-07  0.8054E-08  0.6232E-08
  0.2876E-08  0.1366E-08  0.7791E-09  0.4721E-09  0.3063E-09
  0.2139E-09  0.1174E-09  0.3724E-10  0.4435E-22  0.1053E-05
  0.1053E-05  0.1053E-05  0.1053E-05  0.1053E-05  0.1052E-05
  0.1052E-05  0.1050E-05  0.1048E-05  0.1045E-05  0.1041E-05
  0.1037E-05  0.1031E-05  0.1017E-05  0.9990E-06  0.9766E-06
  0.9507E-06  0.8910E-06  0.8259E-06  0.7593E-06  0.6933E-06
  0.6295E-06  0.5692E-06  0.5133E-06  0.4623E-06  0.4162E-06
  0.3745E-06  0.3367E-06  0.3025E-06  0.2440E-06  0.1972E-06
  0.1186E-06  0.7453E-07  0.4928E-07  0.3450E-07  0.2527E-07
  0.1926E-07  0.7756E-08  0.4300E-08  0.2382E-08  0.1445E-08
  0.9394E-09  0.6524E-09  0.3558E-09  0.1129E-09  0.1167E-21
  0.2304E-05  0.2304E-05  0.2304E-05  0.2303E-05  0.2303E-05
  0.2302E-05  0.2302E-05  0.2300E-05  0.2298E-05  0.2293E-05
  0.2288E-05  0.2282E-05  0.2275E-05  0.2255E-05  0.2228E-05
  0.2194E-05  0.2152E-05  0.2053E-05  0.1939E-05  0.1819E-05
  0.1697E-05  0.1575E-05  0.1456E-05  0.1342E-05  0.1232E-05
  0.1130E-05  0.1035E-05  0.9485E-06  0.8689E-06  0.7284E-06
  0.6098E-06  0.3910E-06  0.2559E-06  0.1734E-06  0.1213E-06
  0.8837E-07  0.6736E-07  0.2397E-07  0.1281E-07  0.8434E-08
  0.4931E-08  0.3210E-08  0.2216E-08  0.1201E-08  0.3813E-09
  0.3315E-21  0.5395E-05  0.5395E-05  0.5395E-05  0.5394E-05
  0.5393E-05  0.5393E-05  0.5392E-05  0.5390E-05  0.5387E-05
  0.5382E-05  0.5376E-05  0.5368E-05  0.5359E-05  0.5332E-05
  0.5295E-05  0.5244E-05  0.5180E-05  0.5018E-05  0.4820E-05
  0.4600E-05  0.4368E-05  0.4134E-05  0.3899E-05  0.3667E-05
  0.3440E-05  0.3218E-05  0.3004E-05  0.2799E-05  0.2606E-05
  0.2257E-05  0.1957E-05  0.1362E-05  0.9453E-06  0.6635E-06
  0.4788E-06  0.3532E-06  0.2679E-06  0.9137E-07  0.4373E-07
  0.2794E-07  0.1988E-07  0.1234E-07  0.8457E-08  0.4550E-08
  0.1445E-08  0.1024E-20  0.1351E-04  0.1351E-04  0.1351E-04
  0.1351E-04  0.1351E-04  0.1351E-04  0.1351E-04  0.1351E-04
  0.1350E-04  0.1350E-04  0.1349E-04  0.1348E-04  0.1347E-04
  0.1344E-04  0.1339E-04  0.1332E-04  0.1323E-04  0.1298E-04
  0.1265E-04  0.1225E-04  0.1180E-04  0.1134E-04  0.1087E-04
  0.1039E-04  0.9920E-05  0.9452E-05  0.8989E-05  0.8534E-05
  0.8088E-05  0.7234E-05  0.6446E-05  0.4830E-05  0.3608E-05
  0.2683E-05  0.2007E-05  0.1515E-05  0.1179E-05  0.4004E-06
  0.1862E-06  0.1057E-06  0.7184E-07  0.5616E-07  0.3825E-07
  0.1914E-07  0.6077E-08  0.3426E-20  0.3731E-04  0.3731E-04
  0.3731E-04  0.3730E-04  0.3731E-04  0.3730E-04  0.3730E-04
  0.3730E-04  0.3730E-04  0.3729E-04  0.3728E-04  0.3727E-04
  0.3726E-04  0.3722E-04  0.3717E-04  0.3708E-04  0.3696E-04
  0.3661E-04  0.3607E-04  0.3537E-04  0.3452E-04  0.3359E-04
  0.3260E-04  0.3159E-04  0.3056E-04  0.2953E-04  0.2850E-04
  0.2747E-04  0.2644E-04  0.2443E-04  0.2245E-04  0.1792E-04
  0.1427E-04  0.1136E-04  0.8995E-05  0.7111E-05  0.5691E-05
  0.2068E-05  0.9546E-06  0.5271E-06  0.3216E-06  0.2304E-06
  0.1594E-06  0.9980E-07  0.2967E-07  0.1282E-19  0.1147E-03
  0.1147E-03  0.1147E-03  0.1147E-03  0.1147E-03  0.1147E-03
  0.1147E-03  0.1147E-03  0.1147E-03  0.1147E-03  0.1147E-03
  0.1147E-03  0.1147E-03  0.1146E-03  0.1145E-03  0.1144E-03
  0.1142E-03  0.1138E-03  0.1130E-03  0.1119E-03  0.1103E-03
  0.1084E-03  0.1063E-03  0.1040E-03  0.1016E-03  0.9923E-04
  0.9678E-04  0.9431E-04  0.9182E-04  0.8682E-04  0.8184E-04
  0.6973E-04  0.5837E-04  0.4867E-04  0.4076E-04  0.3399E-04
  0.2837E-04  0.1168E-04  0.5517E-05  0.3052E-05  0.1825E-05
  0.1191E-05  0.7918E-06  0.4640E-06  0.1740E-06  0.5314E-19
  0.3941E-03  0.3941E-03  0.3941E-03  0.3941E-03  0.3941E-03
  0.3941E-03  0.3941E-03  0.3941E-03  0.3941E-03  0.3940E-03
  0.3940E-03  0.3940E-03  0.3940E-03  0.3938E-03  0.3937E-03
  0.3934E-03  0.3932E-03  0.3925E-03  0.3915E-03  0.3898E-03
  0.3870E-03  0.3833E-03  0.3786E-03  0.3733E-03  0.3676E-03
  0.3616E-03  0.3553E-03  0.3488E-03  0.3423E-03  0.3289E-03
  0.3154E-03  0.2814E-03  0.2480E-03  0.2155E-03  0.1861E-03
  0.1615E-03  0.1403E-03  0.6715E-04  0.3420E-04  0.1897E-04
  0.1142E-04  0.7416E-05  0.4838E-05  0.2509E-05  0.8726E-06
  0.2402E-18  0.1512E-02  0.1512E-02  0.1512E-02  0.1512E-02
  0.1512E-02  0.1512E-02  0.1512E-02  0.1512E-02  0.1512E-02
  0.1512E-02  0.1512E-02  0.1512E-02  0.1512E-02  0.1511E-02
  0.1511E-02  0.1510E-02  0.1510E-02  0.1508E-02  0.1506E-02
  0.1504E-02  0.1500E-02  0.1492E-02  0.1482E-02  0.1469E-02
  0.1454E-02  0.1438E-02  0.1421E-02  0.1403E-02  0.1384E-02
  0.1344E-02  0.1303E-02  0.1198E-02  0.1092E-02  0.9871E-03
  0.8823E-03  0.7820E-03  0.6945E-03  0.3829E-03  0.2088E-03
  0.1224E-03  0.7367E-04  0.4797E-04  0.3139E-04  0.1556E-04
  0.4966E-05  0.1182E-17  0.6282E-02  0.6282E-02  0.6282E-02
  0.6281E-02  0.6282E-02  0.6281E-02  0.6282E-02  0.6281E-02
  0.6282E-02  0.6281E-02  0.6281E-02  0.6281E-02  0.6281E-02
  0.6279E-02  0.6278E-02  0.6275E-02  0.6273E-02  0.6267E-02
  0.6262E-02  0.6258E-02  0.6251E-02  0.6239E-02  0.6217E-02
  0.6186E-02  0.6146E-02  0.6099E-02  0.6048E-02  0.5994E-02
  0.5936E-02  0.5813E-02  0.5681E-02  0.5331E-02  0.4962E-02
  0.4594E-02  0.4230E-02  0.3861E-02  0.3502E-02  0.2128E-02
  0.1264E-02  0.7644E-03  0.4789E-03  0.3098E-03  0.1996E-03
  0.9909E-04  0.3055E-04  0.6187E-17  0.2495E-01  0.2495E-01
  0.2495E-01  0.2495E-01  0.2495E-01  0.2495E-01  0.2495E-01
  0.2495E-01  0.2495E-01  0.2495E-01  0.2495E-01  0.2495E-01
  0.2495E-01  0.2494E-01  0.2494E-01  0.2493E-01  0.2492E-01
  0.2490E-01  0.2488E-01  0.2487E-01  0.2485E-01  0.2483E-01
  0.2479E-01  0.2474E-01  0.2465E-01  0.2454E-01  0.2440E-01
  0.2425E-01  0.2409E-01  0.2374E-01  0.2336E-01  0.2231E-01
  0.2117E-01  0.1998E-01  0.1875E-01  0.1753E-01  0.1631E-01
  0.1088E-01  0.7202E-02  0.4686E-02  0.3026E-02  0.2044E-02
  0.1316E-02  0.6345E-03  0.1977E-03  0.3506E-16  0.7784E-01
  0.7784E-01  0.7784E-01  0.7783E-01  0.7784E-01  0.7783E-01
  0.7783E-01  0.7783E-01  0.7784E-01  0.7783E-01  0.7784E-01
  0.7783E-01  0.7784E-01  0.7782E-01  0.7781E-01  0.7778E-01
  0.7776E-01  0.7771E-01  0.7766E-01  0.7761E-01  0.7757E-01
  0.7753E-01  0.7746E-01  0.7738E-01  0.7725E-01  0.7708E-01
  0.7685E-01  0.7657E-01  0.7624E-01  0.7546E-01  0.7461E-01
  0.7231E-01  0.6975E-01  0.6695E-01  0.6400E-01  0.6099E-01
  0.5788E-01  0.4314E-01  0.3107E-01  0.2241E-01  0.1582E-01
  0.1128E-01  0.7462E-02  0.3802E-02  0.1171E-02  0.2019E-15
  0.1907E+00  0.1907E+00  0.1907E+00  0.1907E+00  0.1907E+00
  0.1907E+00  0.1907E+00  0.1907E+00  0.1907E+00  0.1907E+00
  0.1907E+00  0.1907E+00  0.1907E+00  0.1907E+00  0.1907E+00
  0.1906E+00  0.1906E+00  0.1904E+00  0.1903E+00  0.1902E+00
  0.1901E+00  0.1901E+00  0.1899E+00  0.1898E+00  0.1896E+00
  0.1894E+00  0.1891E+00  0.1888E+00  0.1883E+00  0.1871E+00
  0.1856E+00  0.1815E+00  0.1770E+00  0.1721E+00  0.1668E+00
  0.1613E+00  0.1554E+00  0.1257E+00  0.9867E-01  0.7632E-01
  0.5836E-01  0.4471E-01  0.3140E-01  0.1711E-01  0.5554E-02
  0.9897E-15  0.3872E+00  0.3871E+00  0.3871E+00  0.3871E+00
  0.3871E+00  0.3871E+00  0.3871E+00  0.3871E+00  0.3872E+00
  0.3871E+00  0.3872E+00  0.3871E+00  0.3872E+00  0.3871E+00
  0.3871E+00  0.3870E+00  0.3869E+00  0.3867E+00  0.3865E+00
  0.3863E+00  0.3862E+00  0.3860E+00  0.3858E+00  0.3856E+00
  0.3854E+00  0.3851E+00  0.3847E+00  0.3843E+00  0.3837E+00
  0.3823E+00  0.3803E+00  0.3740E+00  0.3670E+00  0.3596E+00
  0.3517E+00  0.3434E+00  0.3346E+00  0.2872E+00  0.2397E+00
  0.1973E+00  0.1596E+00  0.1288E+00  0.9546E-01  0.5693E-01
  0.1963E-01  0.3840E-14  0.7033E+00  0.7032E+00  0.7032E+00
  0.7032E+00  0.7032E+00  0.7032E+00  0.7032E+00  0.7032E+00
  0.7033E+00  0.7032E+00  0.7033E+00  0.7032E+00  0.7033E+00
  0.7032E+00  0.7032E+00  0.7030E+00  0.7029E+00  0.7026E+00
  0.7023E+00  0.7020E+00  0.7017E+00  0.7015E+00  0.7012E+00
  0.7009E+00  0.7005E+00  0.7002E+00  0.6997E+00  0.6992E+00
  0.6985E+00  0.6969E+00  0.6947E+00  0.6867E+00  0.6762E+00
  0.6654E+00  0.6544E+00  0.6430E+00  0.6309E+00  0.5649E+00
  0.4938E+00  0.4251E+00  0.3599E+00  0.3036E+00  0.2330E+00
  0.1500E+00  0.5513E-01  0.1220E-13  0.1192E+01  0.1192E+01
  0.1192E+01  0.1192E+01  0.1192E+01  0.1192E+01  0.1192E+01
  0.1192E+01  0.1192E+01  0.1192E+01  0.1192E+01  0.1192E+01
  0.1192E+01  0.1192E+01  0.1192E+01  0.1192E+01  0.1191E+01
  0.1191E+01  0.1190E+01  0.1190E+01  0.1190E+01  0.1189E+01
  0.1189E+01  0.1188E+01  0.1188E+01  0.1187E+01  0.1187E+01
  0.1186E+01  0.1185E+01  0.1184E+01  0.1181E+01  0.1172E+01
  0.1159E+01  0.1143E+01  0.1127E+01  0.1112E+01  0.1096E+01
  0.1009E+01  0.9137E+00  0.8149E+00  0.7133E+00  0.6229E+00
  0.4931E+00  0.3358E+00  0.1303E+00  0.3322E-13  0.1932E+01
  0.1932E+01  0.1932E+01  0.1932E+01  0.1932E+01  0.1932E+01
  0.1932E+01  0.1932E+01  0.1932E+01  0.1932E+01  0.1932E+01
  0.1932E+01  0.1932E+01  0.1932E+01  0.1932E+01  0.1931E+01
  0.1931E+01  0.1931E+01  0.1930E+01  0.1929E+01  0.1929E+01
  0.1928E+01  0.1928E+01  0.1927E+01  0.1926E+01  0.1926E+01
  0.1925E+01  0.1924E+01  0.1923E+01  0.1921E+01  0.1918E+01
  0.1909E+01  0.1895E+01  0.1874E+01  0.1851E+01  0.1828E+01
  0.1807E+01  0.1695E+01  0.1573E+01  0.1443E+01  0.1298E+01
  0.1162E+01  0.9442E+00  0.6744E+00  0.2728E+00  0.8097E-13
