                        3167.   5.23   0.20   0.09
    50   0.0   0.0    1.0000  0.0001
  46
      8374.479      8374.489      8374.499      8374.509      8374.519
      8374.529      8374.539      8374.559      8374.579      8374.604
      8374.629      8374.654      8374.679      8374.729      8374.779
      8374.829      8374.879      8374.979      8375.079      8375.179
      8375.279      8375.379      8375.479      8375.579      8375.679
      8375.779      8375.879      8375.979      8376.079      8376.279
      8376.479      8376.979      8377.479      8377.979      8378.479
      8378.979      8379.479      8381.979      8384.479      8386.979
      8389.479      8391.979      8394.479      8399.479      8404.479
      8409.479
  0.1841E-14  0.1825E-14  0.1777E-14  0.1699E-14  0.1592E-14
  0.1458E-14  0.1300E-14  0.9233E-15  0.4894E-15 -0.8867E-16
 -0.6550E-15 -0.1164E-14 -0.1585E-14 -0.2101E-14 -0.2218E-14
 -0.2055E-14 -0.1746E-14 -0.1073E-14 -0.6105E-15 -0.3687E-15
 -0.2460E-15 -0.1761E-15 -0.1320E-15 -0.1022E-15 -0.8114E-16
 -0.6577E-16 -0.5423E-16 -0.4537E-16 -0.3844E-16 -0.2847E-16
 -0.2184E-16 -0.1242E-16 -0.7820E-17 -0.5293E-17 -0.3782E-17
 -0.2814E-17 -0.2176E-17 -0.7881E-18 -0.3818E-18 -0.2180E-18
 -0.1288E-18 -0.8105E-19 -0.6144E-19 -0.3666E-19 -0.1162E-19
 -0.2265E-31  0.2079E-13  0.2073E-13  0.2056E-13  0.2027E-13
  0.1988E-13  0.1939E-13  0.1881E-13  0.1740E-13  0.1573E-13
  0.1340E-13  0.1098E-13  0.8625E-14  0.6451E-14  0.2956E-14
  0.7282E-15 -0.4258E-15 -0.8586E-15 -0.7708E-15 -0.4666E-15
 -0.2822E-15 -0.1877E-15 -0.1343E-15 -0.1006E-15 -0.7786E-16
 -0.6182E-16 -0.5010E-16 -0.4131E-16 -0.3456E-16 -0.2928E-16
 -0.2168E-16 -0.1664E-16 -0.9458E-17 -0.5955E-17 -0.4031E-17
 -0.2880E-17 -0.2143E-17 -0.1657E-17 -0.6001E-18 -0.2907E-18
 -0.1660E-18 -0.9818E-19 -0.6185E-19 -0.4673E-19 -0.2780E-19
 -0.8813E-20 -0.1596E-31  0.5009E-13  0.4997E-13  0.4961E-13
  0.4902E-13  0.4821E-13  0.4717E-13  0.4595E-13  0.4296E-13
  0.3941E-13  0.3442E-13  0.2918E-13  0.2398E-13  0.1911E-13
  0.1100E-13  0.5466E-14  0.2224E-14  0.6046E-15 -0.2527E-15
 -0.2085E-15 -0.1230E-15 -0.7974E-16 -0.5666E-16 -0.4237E-16
 -0.3276E-16 -0.2599E-16 -0.2106E-16 -0.1736E-16 -0.1451E-16
 -0.1229E-16 -0.9100E-17 -0.6981E-17 -0.3968E-17 -0.2498E-17
 -0.1690E-17 -0.1208E-17 -0.8985E-18 -0.6949E-18 -0.2517E-18
 -0.1219E-18 -0.6959E-19 -0.4135E-19 -0.2620E-19 -0.1947E-19
 -0.1140E-19 -0.3614E-20 -0.3822E-32  0.9630E-13  0.9608E-13
  0.9544E-13  0.9437E-13  0.9291E-13  0.9105E-13  0.8884E-13
  0.8344E-13  0.7699E-13  0.6792E-13  0.5830E-13  0.4870E-13
  0.3960E-13  0.2421E-13  0.1337E-13  0.6727E-14  0.3135E-14
  0.6741E-15  0.2660E-15  0.1738E-15  0.1224E-15  0.8871E-16
  0.6665E-16  0.5167E-16  0.4107E-16  0.3331E-16  0.2748E-16
  0.2300E-16  0.1949E-16  0.1444E-16  0.1109E-16  0.6305E-17
  0.3972E-17  0.2689E-17  0.1922E-17  0.1430E-17  0.1105E-17
  0.4004E-18  0.1940E-18  0.1108E-18  0.6505E-19  0.4060E-19
  0.3149E-19  0.1920E-19  0.6085E-20  0.1866E-31  0.1693E-12
  0.1689E-12  0.1678E-12  0.1661E-12  0.1636E-12  0.1605E-12
  0.1568E-12  0.1477E-12  0.1368E-12  0.1214E-12  0.1051E-12
  0.8865E-13  0.7299E-13  0.4612E-13  0.2679E-13  0.1458E-13
  0.7676E-14  0.2411E-14  0.1163E-14  0.7333E-15  0.5027E-15
  0.3620E-15  0.2716E-15  0.2103E-15  0.1671E-15  0.1355E-15
  0.1117E-15  0.9348E-16  0.7921E-16  0.5867E-16  0.4503E-16
  0.2560E-16  0.1612E-16  0.1092E-16  0.7800E-17  0.5803E-17
  0.4487E-17  0.1625E-17  0.7874E-18  0.4496E-18  0.2650E-18
  0.1662E-18  0.1271E-18  0.7650E-19  0.2425E-19  0.6050E-31
  0.2847E-12  0.2841E-12  0.2824E-12  0.2795E-12  0.2755E-12
  0.2705E-12  0.2645E-12  0.2498E-12  0.2322E-12  0.2072E-12
  0.1804E-12  0.1534E-12  0.1275E-12  0.8254E-13  0.4957E-13
  0.2820E-13  0.1572E-13  0.5570E-14  0.2815E-14  0.1777E-14
  0.1218E-14  0.8770E-15  0.6577E-15  0.5093E-15  0.4045E-15
  0.3279E-15  0.2704E-15  0.2263E-15  0.1917E-15  0.1420E-15
  0.1090E-15  0.6195E-16  0.3902E-16  0.2641E-16  0.1887E-16
  0.1404E-16  0.1086E-16  0.3932E-17  0.1905E-17  0.1088E-17
  0.6419E-18  0.4032E-18  0.3071E-18  0.1841E-18  0.5837E-19
  0.1383E-30  0.4674E-12  0.4665E-12  0.4637E-12  0.4592E-12
  0.4529E-12  0.4450E-12  0.4355E-12  0.4123E-12  0.3844E-12
  0.3446E-12  0.3019E-12  0.2586E-12  0.2167E-12  0.1433E-12
  0.8843E-13  0.5202E-13  0.3014E-13  0.1143E-13  0.5916E-14
  0.3747E-14  0.2569E-14  0.1850E-14  0.1387E-14  0.1074E-14
  0.8529E-15  0.6913E-15  0.5701E-15  0.4769E-15  0.4041E-15
  0.2993E-15  0.2296E-15  0.1306E-15  0.8222E-16  0.5566E-16
  0.3977E-16  0.2959E-16  0.2288E-16  0.8286E-17  0.4015E-17
  0.2292E-17  0.1354E-17  0.8511E-18  0.6466E-18  0.3866E-18
  0.1226E-18  0.2834E-30  0.7573E-12  0.7558E-12  0.7516E-12
  0.7445E-12  0.7348E-12  0.7225E-12  0.7077E-12  0.6716E-12
  0.6280E-12  0.5657E-12  0.4986E-12  0.4300E-12  0.3634E-12
  0.2451E-12  0.1550E-12  0.9381E-13  0.5594E-13  0.2201E-13
  0.1145E-13  0.7317E-14  0.5084E-14  0.3687E-14  0.2770E-14
  0.2145E-14  0.1703E-14  0.1380E-14  0.1138E-14  0.9523E-15
  0.8068E-15  0.5975E-15  0.4585E-15  0.2607E-15  0.1641E-15
  0.1111E-15  0.7939E-16  0.5906E-16  0.4567E-16  0.1654E-16
  0.8014E-17  0.4575E-17  0.2704E-17  0.1702E-17  0.1290E-17
  0.7693E-18  0.2439E-18  0.5542E-30  0.1217E-11  0.1215E-11
  0.1209E-11  0.1198E-11  0.1183E-11  0.1164E-11  0.1141E-11
  0.1086E-11  0.1018E-11  0.9217E-12  0.8171E-12  0.7098E-12
  0.6047E-12  0.4160E-12  0.2695E-12  0.1674E-12  0.1024E-12
  0.4149E-13  0.2162E-13  0.1393E-13  0.9819E-14  0.7174E-14
  0.5398E-14  0.4180E-14  0.3319E-14  0.2690E-14  0.2218E-14
  0.1856E-14  0.1572E-14  0.1164E-14  0.8933E-15  0.5079E-15
  0.3198E-15  0.2164E-15  0.1547E-15  0.1151E-15  0.8897E-16
  0.3222E-16  0.1561E-16  0.8914E-17  0.5271E-17  0.3320E-17
  0.2510E-17  0.1494E-17  0.4737E-18  0.1061E-29  0.1947E-11
  0.1943E-11  0.1933E-11  0.1917E-11  0.1894E-11  0.1865E-11
  0.1831E-11  0.1745E-11  0.1642E-11  0.1494E-11  0.1333E-11
  0.1166E-11  0.1002E-11  0.7030E-12  0.4663E-12  0.2974E-12
  0.1866E-12  0.7808E-13  0.4071E-13  0.2626E-13  0.1870E-13
  0.1378E-13  0.1040E-13  0.8053E-14  0.6393E-14  0.5181E-14
  0.4272E-14  0.3574E-14  0.3027E-14  0.2242E-14  0.1720E-14
  0.9778E-15  0.6157E-15  0.4167E-15  0.2978E-15  0.2215E-15
  0.1713E-15  0.6204E-16  0.3006E-16  0.1716E-16  0.1016E-16
  0.6402E-17  0.4829E-17  0.2868E-17  0.9093E-18  0.2008E-29
  0.3102E-11  0.3097E-11  0.3082E-11  0.3057E-11  0.3023E-11
  0.2979E-11  0.2927E-11  0.2798E-11  0.2641E-11  0.2415E-11
  0.2167E-11  0.1910E-11  0.1655E-11  0.1185E-11  0.8048E-12
  0.5267E-12  0.3390E-12  0.1464E-12  0.7575E-13  0.4803E-13
  0.3436E-13  0.2579E-13  0.1977E-13  0.1541E-13  0.1225E-13
  0.9933E-14  0.8189E-14  0.6850E-14  0.5803E-14  0.4296E-14
  0.3297E-14  0.1874E-14  0.1180E-14  0.7986E-15  0.5706E-15
  0.4245E-15  0.3283E-15  0.1189E-15  0.5760E-16  0.3289E-16
  0.1947E-16  0.1229E-16  0.9246E-17  0.5479E-17  0.1737E-17
  0.3780E-29  0.4931E-11  0.4923E-11  0.4901E-11  0.4863E-11
  0.4812E-11  0.4746E-11  0.4667E-11  0.4473E-11  0.4236E-11
  0.3893E-11  0.3516E-11  0.3122E-11  0.2728E-11  0.1993E-11
  0.1386E-11  0.9315E-12  0.6152E-12  0.2756E-12  0.1424E-12
  0.8859E-13  0.6320E-13  0.4820E-13  0.3750E-13  0.2943E-13
  0.2344E-13  0.1900E-13  0.1566E-13  0.1310E-13  0.1110E-13
  0.8217E-14  0.6304E-14  0.3584E-14  0.2256E-14  0.1527E-14
  0.1091E-14  0.8118E-15  0.6277E-15  0.2274E-15  0.1101E-15
  0.6288E-16  0.3726E-16  0.2353E-16  0.1766E-16  0.1044E-16
  0.3311E-17  0.7097E-29  0.7820E-11  0.7809E-11  0.7775E-11
  0.7719E-11  0.7643E-11  0.7544E-11  0.7427E-11  0.7136E-11
  0.6781E-11  0.6265E-11  0.5694E-11  0.5094E-11  0.4489E-11
  0.3348E-11  0.2386E-11  0.1646E-11  0.1116E-11  0.5205E-12
  0.2712E-12  0.1662E-12  0.1173E-12  0.9008E-13  0.7098E-13
  0.5615E-13  0.4481E-13  0.3633E-13  0.2995E-13  0.2505E-13
  0.2122E-13  0.1571E-13  0.1205E-13  0.6851E-14  0.4313E-14
  0.2919E-14  0.2086E-14  0.1552E-14  0.1200E-14  0.4346E-15
  0.2105E-15  0.1202E-15  0.7128E-16  0.4505E-16  0.3374E-16
  0.1990E-16  0.6309E-17  0.1332E-28  0.1239E-10  0.1237E-10
  0.1232E-10  0.1224E-10  0.1212E-10  0.1198E-10  0.1180E-10
  0.1137E-10  0.1084E-10  0.1007E-10  0.9211E-11  0.8303E-11
  0.7382E-11  0.5620E-11  0.4103E-11  0.2906E-11  0.2023E-11
  0.9837E-12  0.5200E-12  0.3141E-12  0.2165E-12  0.1642E-12
  0.1307E-12  0.1053E-12  0.8523E-13  0.6947E-13  0.5733E-13
  0.4795E-13  0.4062E-13  0.3007E-13  0.2307E-13  0.1311E-13
  0.8255E-14  0.5587E-14  0.3992E-14  0.2970E-14  0.2296E-14
  0.8317E-15  0.4029E-15  0.2300E-15  0.1365E-15  0.8635E-16
  0.6451E-16  0.3795E-16  0.1203E-16  0.2500E-28  0.1958E-10
  0.1956E-10  0.1949E-10  0.1936E-10  0.1920E-10  0.1898E-10
  0.1872E-10  0.1809E-10  0.1730E-10  0.1616E-10  0.1487E-10
  0.1351E-10  0.1211E-10  0.9411E-11  0.7036E-11  0.5112E-11
  0.3651E-11  0.1854E-11  0.1001E-11  0.6014E-12  0.4045E-12
  0.2996E-12  0.2377E-12  0.1952E-12  0.1611E-12  0.1327E-12
  0.1098E-12  0.9190E-13  0.7784E-13  0.5762E-13  0.4420E-13
  0.2512E-13  0.1581E-13  0.1070E-13  0.7647E-14  0.5689E-14
  0.4400E-14  0.1593E-14  0.7718E-15  0.4407E-15  0.2617E-15
  0.1657E-15  0.1235E-15  0.7247E-16  0.2298E-16  0.4692E-28
  0.3089E-10  0.3085E-10  0.3075E-10  0.3057E-10  0.3033E-10
  0.3001E-10  0.2963E-10  0.2870E-10  0.2755E-10  0.2586E-10
  0.2396E-10  0.2192E-10  0.1982E-10  0.1571E-10  0.1202E-10
  0.8951E-11  0.6556E-11  0.3476E-11  0.1924E-11  0.1161E-11
  0.7698E-12  0.5562E-12  0.4324E-12  0.3544E-12  0.2974E-12
  0.2503E-12  0.2098E-12  0.1762E-12  0.1492E-12  0.1104E-12
  0.8470E-13  0.4814E-13  0.3030E-13  0.2051E-13  0.1465E-13
  0.1090E-13  0.8430E-14  0.3053E-14  0.1479E-14  0.8443E-15
  0.5017E-15  0.3180E-15  0.2364E-15  0.1384E-15  0.4388E-16
  0.8801E-28  0.4867E-10  0.4862E-10  0.4847E-10  0.4821E-10
  0.4785E-10  0.4740E-10  0.4685E-10  0.4549E-10  0.4381E-10
  0.4133E-10  0.3854E-10  0.3552E-10  0.3239E-10  0.2618E-10
  0.2048E-10  0.1563E-10  0.1173E-10  0.6495E-11  0.3700E-11
  0.2256E-11  0.1487E-11  0.1055E-11  0.7980E-12  0.6383E-12
  0.5313E-12  0.4518E-12  0.3873E-12  0.3324E-12  0.2851E-12
  0.2120E-12  0.1627E-12  0.9244E-13  0.5819E-13  0.3938E-13
  0.2813E-13  0.2093E-13  0.1619E-13  0.5862E-14  0.2839E-14
  0.1621E-14  0.9641E-15  0.6116E-15  0.4534E-15  0.2648E-15
  0.8398E-16  0.1653E-27  0.7675E-10  0.7667E-10  0.7645E-10
  0.7608E-10  0.7557E-10  0.7491E-10  0.7412E-10  0.7215E-10
  0.6971E-10  0.6610E-10  0.6201E-10  0.5757E-10  0.5293E-10
  0.4358E-10  0.3484E-10  0.2721E-10  0.2091E-10  0.1210E-10
  0.7113E-11  0.4404E-11  0.2908E-11  0.2043E-11  0.1517E-11
  0.1183E-11  0.9617E-12  0.8112E-12  0.7048E-12  0.6204E-12
  0.5432E-12  0.4089E-12  0.3137E-12  0.1783E-12  0.1122E-12
  0.7595E-13  0.5426E-13  0.4036E-13  0.3122E-13  0.1131E-13
  0.5476E-14  0.3126E-14  0.1861E-14  0.1181E-14  0.8736E-15
  0.5090E-15  0.1614E-15  0.3114E-27  0.1210E-09  0.1209E-09
  0.1206E-09  0.1201E-09  0.1193E-09  0.1184E-09  0.1173E-09
  0.1144E-09  0.1109E-09  0.1057E-09  0.9973E-10  0.9323E-10
  0.8640E-10  0.7244E-10  0.5912E-10  0.4721E-10  0.3712E-10
  0.2243E-10  0.1363E-10  0.8601E-11  0.5717E-11  0.4008E-11
  0.2949E-11  0.2263E-11  0.1804E-11  0.1493E-11  0.1284E-11
  0.1136E-11  0.1014E-11  0.7881E-12  0.6074E-12  0.3451E-12
  0.2172E-12  0.1470E-12  0.1050E-12  0.7812E-13  0.6041E-13
  0.2188E-13  0.1060E-13  0.6050E-14  0.3604E-14  0.2290E-14
  0.1689E-14  0.9815E-15  0.3113E-15  0.5884E-27  0.1910E-09
  0.1909E-09  0.1904E-09  0.1897E-09  0.1886E-09  0.1873E-09
  0.1857E-09  0.1816E-09  0.1766E-09  0.1691E-09  0.1604E-09
  0.1510E-09  0.1410E-09  0.1202E-09  0.1001E-09  0.8162E-10
  0.6559E-10  0.4133E-10  0.2600E-10  0.1678E-10  0.1128E-10
  0.7928E-11  0.5815E-11  0.4426E-11  0.3482E-11  0.2830E-11
  0.2382E-11  0.2077E-11  0.1858E-11  0.1501E-11  0.1181E-11
  0.6711E-12  0.4224E-12  0.2858E-12  0.2042E-12  0.1519E-12
  0.1175E-12  0.4255E-13  0.2061E-13  0.1176E-13  0.7012E-14
  0.4461E-14  0.3282E-14  0.1902E-14  0.6031E-15  0.1116E-26
  0.3021E-09  0.3018E-09  0.3012E-09  0.3001E-09  0.2986E-09
  0.2967E-09  0.2944E-09  0.2887E-09  0.2815E-09  0.2707E-09
  0.2583E-09  0.2446E-09  0.2300E-09  0.1994E-09  0.1690E-09
  0.1407E-09  0.1154E-09  0.7575E-10  0.4937E-10  0.3268E-10
  0.2229E-10  0.1577E-10  0.1158E-10  0.8785E-11  0.6865E-11
  0.5514E-11  0.4558E-11  0.3882E-11  0.3401E-11  0.2751E-11
  0.2261E-11  0.1314E-11  0.8260E-12  0.5589E-12  0.3993E-12
  0.2970E-12  0.2297E-12  0.8320E-13  0.4029E-13  0.2300E-13
  0.1372E-13  0.8740E-14  0.6411E-14  0.3705E-14  0.1175E-14
  0.2123E-26  0.4787E-09  0.4784E-09  0.4775E-09  0.4759E-09
  0.4739E-09  0.4712E-09  0.4679E-09  0.4597E-09  0.4495E-09
  0.4341E-09  0.4164E-09  0.3966E-09  0.3754E-09  0.3305E-09
  0.2851E-09  0.2417E-09  0.2023E-09  0.1381E-09  0.9327E-10
  0.6346E-10  0.4406E-10  0.3146E-10  0.2319E-10  0.1761E-10
  0.1373E-10  0.1097E-10  0.8968E-11  0.7505E-11  0.6426E-11
  0.5007E-11  0.4120E-11  0.2560E-11  0.1626E-11  0.1100E-11
  0.7859E-12  0.5846E-12  0.4522E-12  0.1638E-12  0.7930E-13
  0.4527E-13  0.2703E-13  0.1723E-13  0.1261E-13  0.7266E-14
  0.2304E-14  0.4059E-26  0.7612E-09  0.7608E-09  0.7595E-09
  0.7573E-09  0.7544E-09  0.7506E-09  0.7460E-09  0.7345E-09
  0.7199E-09  0.6982E-09  0.6728E-09  0.6444E-09  0.6138E-09
  0.5482E-09  0.4806E-09  0.4148E-09  0.3536E-09  0.2507E-09
  0.1753E-09  0.1228E-09  0.8706E-10  0.6297E-10  0.4671E-10
  0.3558E-10  0.2777E-10  0.2215E-10  0.1803E-10  0.1495E-10
  0.1263E-10  0.9486E-11  0.7608E-11  0.5057E-11  0.3229E-11
  0.2183E-11  0.1559E-11  0.1160E-11  0.8971E-12  0.3249E-12
  0.1573E-12  0.8982E-13  0.5368E-13  0.3425E-13  0.2499E-13
  0.1436E-13  0.4554E-14  0.7810E-26  0.1218E-08  0.1217E-08
  0.1215E-08  0.1212E-08  0.1208E-08  0.1203E-08  0.1196E-08
  0.1180E-08  0.1160E-08  0.1129E-08  0.1093E-08  0.1052E-08
  0.1008E-08  0.9128E-09  0.8127E-09  0.7131E-09  0.6185E-09
  0.4545E-09  0.3288E-09  0.2371E-09  0.1721E-09  0.1266E-09
  0.9487E-10  0.7261E-10  0.5680E-10  0.4534E-10  0.3685E-10
  0.3044E-10  0.2554E-10  0.1877E-10  0.1465E-10  0.9457E-11
  0.6417E-11  0.4381E-11  0.3130E-11  0.2328E-11  0.1801E-11
  0.6522E-12  0.3158E-12  0.1803E-12  0.1078E-12  0.6889E-13
  0.5011E-13  0.2871E-13  0.9105E-14  0.1516E-25  0.1963E-08
  0.1962E-08  0.1960E-08  0.1955E-08  0.1950E-08  0.1942E-08
  0.1933E-08  0.1910E-08  0.1882E-08  0.1838E-08  0.1787E-08
  0.1730E-08  0.1667E-08  0.1528E-08  0.1380E-08  0.1230E-08
  0.1084E-08  0.8233E-09  0.6151E-09  0.4570E-09  0.3403E-09
  0.2553E-09  0.1939E-09  0.1496E-09  0.1175E-09  0.9397E-10
  0.7643E-10  0.6312E-10  0.5285E-10  0.3842E-10  0.2928E-10
  0.1775E-10  0.1300E-10  0.8922E-11  0.6366E-11  0.4736E-11
  0.3663E-11  0.1327E-11  0.6424E-12  0.3667E-12  0.2195E-12
  0.1404E-12  0.1018E-12  0.5816E-13  0.1845E-13  0.2974E-25
  0.3194E-08  0.3193E-08  0.3190E-08  0.3184E-08  0.3176E-08
  0.3166E-08  0.3153E-08  0.3121E-08  0.3081E-08  0.3020E-08
  0.2948E-08  0.2866E-08  0.2776E-08  0.2574E-08  0.2355E-08
  0.2129E-08  0.1905E-08  0.1493E-08  0.1151E-08  0.8805E-09
  0.6727E-09  0.5158E-09  0.3985E-09  0.3112E-09  0.2462E-09
  0.1976E-09  0.1610E-09  0.1331E-09  0.1115E-09  0.8080E-10
  0.6098E-10  0.3504E-10  0.2505E-10  0.1843E-10  0.1318E-10
  0.9793E-11  0.7574E-11  0.2743E-11  0.1328E-11  0.7582E-12
  0.4544E-12  0.2910E-12  0.2103E-12  0.1197E-12  0.3798E-13
  0.5908E-25  0.5272E-08  0.5271E-08  0.5266E-08  0.5257E-08
  0.5247E-08  0.5232E-08  0.5214E-08  0.5170E-08  0.5113E-08
  0.5028E-08  0.4925E-08  0.4808E-08  0.4678E-08  0.4386E-08
  0.4062E-08  0.3720E-08  0.3376E-08  0.2725E-08  0.2164E-08
  0.1703E-08  0.1336E-08  0.1048E-08  0.8258E-09  0.6550E-09
  0.5241E-09  0.4236E-09  0.3464E-09  0.2868E-09  0.2404E-09
  0.1745E-09  0.1313E-09  0.7287E-10  0.4843E-10  0.3608E-10
  0.2762E-10  0.2072E-10  0.1603E-10  0.5804E-11  0.2810E-11
  0.1604E-11  0.9624E-12  0.6170E-12  0.4445E-12  0.2522E-12
  0.8000E-13  0.1194E-24  0.8848E-08  0.8847E-08  0.8841E-08
  0.8828E-08  0.8813E-08  0.8793E-08  0.8768E-08  0.8706E-08
  0.8626E-08  0.8504E-08  0.8359E-08  0.8192E-08  0.8004E-08
  0.7578E-08  0.7097E-08  0.6580E-08  0.6051E-08  0.5020E-08
  0.4099E-08  0.3317E-08  0.2671E-08  0.2146E-08  0.1726E-08
  0.1393E-08  0.1130E-08  0.9239E-09  0.7612E-09  0.6329E-09
  0.5316E-09  0.3866E-09  0.2913E-09  0.1597E-09  0.1006E-09
  0.7213E-10  0.5992E-10  0.4506E-10  0.3481E-10  0.1261E-10
  0.6104E-11  0.3484E-11  0.2092E-11  0.1343E-11  0.9644E-12
  0.5452E-12  0.1729E-12  0.2463E-24  0.1511E-07  0.1511E-07
  0.1510E-07  0.1508E-07  0.1506E-07  0.1503E-07  0.1499E-07
  0.1491E-07  0.1479E-07  0.1462E-07  0.1442E-07  0.1418E-07
  0.1391E-07  0.1328E-07  0.1257E-07  0.1179E-07  0.1097E-07
  0.9343E-08  0.7830E-08  0.6499E-08  0.5365E-08  0.4414E-08
  0.3628E-08  0.2984E-08  0.2462E-08  0.2041E-08  0.1700E-08
  0.1425E-08  0.1204E-08  0.8787E-09  0.6633E-09  0.3630E-09
  0.2229E-09  0.1531E-09  0.1240E-09  0.1007E-09  0.7860E-10
  0.2814E-10  0.1362E-10  0.7774E-11  0.4674E-11  0.3005E-11
  0.2149E-11  0.1210E-11  0.3839E-12  0.5189E-24  0.2629E-07
  0.2628E-07  0.2627E-07  0.2625E-07  0.2622E-07  0.2618E-07
  0.2613E-07  0.2601E-07  0.2585E-07  0.2561E-07  0.2531E-07
  0.2497E-07  0.2458E-07  0.2367E-07  0.2261E-07  0.2143E-07
  0.2017E-07  0.1759E-07  0.1510E-07  0.1283E-07  0.1085E-07
  0.9133E-08  0.7675E-08  0.6443E-08  0.5411E-08  0.4554E-08
  0.3845E-08  0.3262E-08  0.2780E-08  0.2051E-08  0.1554E-08
  0.8533E-09  0.5197E-09  0.3461E-09  0.2604E-09  0.2109E-09
  0.1656E-09  0.6450E-10  0.3130E-10  0.1787E-10  0.1076E-10
  0.6924E-11  0.4934E-11  0.2767E-11  0.8779E-12  0.1116E-23
  0.4671E-07  0.4670E-07  0.4669E-07  0.4665E-07  0.4661E-07
  0.4656E-07  0.4649E-07  0.4632E-07  0.4610E-07  0.4575E-07
  0.4534E-07  0.4484E-07  0.4429E-07  0.4295E-07  0.4137E-07
  0.3957E-07  0.3763E-07  0.3353E-07  0.2945E-07  0.2561E-07
  0.2212E-07  0.1904E-07  0.1635E-07  0.1401E-07  0.1200E-07
  0.1027E-07  0.8803E-08  0.7564E-08  0.6520E-08  0.4901E-08
  0.3753E-08  0.2072E-08  0.1265E-08  0.8342E-09  0.5976E-09
  0.4565E-09  0.3570E-09  0.1529E-09  0.7442E-10  0.4248E-10
  0.2560E-10  0.1651E-10  0.1172E-10  0.6544E-11  0.2076E-11
  0.2459E-23  0.8492E-07  0.8491E-07  0.8489E-07  0.8484E-07
  0.8478E-07  0.8470E-07  0.8461E-07  0.8437E-07  0.8407E-07
  0.8358E-07  0.8299E-07  0.8229E-07  0.8150E-07  0.7955E-07
  0.7719E-07  0.7446E-07  0.7146E-07  0.6496E-07  0.5829E-07
  0.5179E-07  0.4569E-07  0.4012E-07  0.3514E-07  0.3073E-07
  0.2683E-07  0.2341E-07  0.2041E-07  0.1780E-07  0.1554E-07
  0.1194E-07  0.9302E-08  0.5222E-08  0.3203E-08  0.2114E-08
  0.1486E-08  0.1097E-08  0.8475E-09  0.3778E-09  0.1841E-09
  0.1051E-09  0.6342E-10  0.4096E-10  0.2895E-10  0.1609E-10
  0.5106E-11  0.5578E-23  0.1588E-06  0.1588E-06  0.1587E-06
  0.1587E-06  0.1586E-06  0.1585E-06  0.1584E-06  0.1580E-06
  0.1576E-06  0.1569E-06  0.1561E-06  0.1551E-06  0.1540E-06
  0.1512E-06  0.1477E-06  0.1435E-06  0.1389E-06  0.1286E-06
  0.1177E-06  0.1067E-06  0.9606E-07  0.8601E-07  0.7676E-07
  0.6839E-07  0.6086E-07  0.5410E-07  0.4804E-07  0.4263E-07
  0.3781E-07  0.2982E-07  0.2370E-07  0.1379E-07  0.8518E-08
  0.5634E-08  0.3948E-08  0.2882E-08  0.2205E-08  0.1002E-08
  0.4791E-09  0.2733E-09  0.1652E-09  0.1069E-09  0.7519E-10
  0.4159E-10  0.1320E-10  0.1312E-22  0.3096E-06  0.3095E-06
  0.3095E-06  0.3094E-06  0.3093E-06  0.3092E-06  0.3090E-06
  0.3086E-06  0.3080E-06  0.3071E-06  0.3060E-06  0.3046E-06
  0.3030E-06  0.2990E-06  0.2938E-06  0.2875E-06  0.2802E-06
  0.2636E-06  0.2456E-06  0.2270E-06  0.2085E-06  0.1904E-06
  0.1732E-06  0.1570E-06  0.1422E-06  0.1286E-06  0.1163E-06
  0.1051E-06  0.9485E-07  0.7720E-07  0.6293E-07  0.3832E-07
  0.2433E-07  0.1615E-07  0.1132E-07  0.8278E-08  0.6294E-08
  0.2518E-08  0.1369E-08  0.7647E-09  0.4627E-09  0.2999E-09
  0.2099E-09  0.1155E-09  0.3665E-10  0.3246E-22  0.6358E-06
  0.6358E-06  0.6358E-06  0.6356E-06  0.6355E-06  0.6353E-06
  0.6351E-06  0.6345E-06  0.6338E-06  0.6326E-06  0.6312E-06
  0.6293E-06  0.6272E-06  0.6214E-06  0.6139E-06  0.6043E-06
  0.5929E-06  0.5659E-06  0.5355E-06  0.5036E-06  0.4710E-06
  0.4386E-06  0.4067E-06  0.3757E-06  0.3460E-06  0.3181E-06
  0.2922E-06  0.2684E-06  0.2464E-06  0.2075E-06  0.1745E-06
  0.1129E-06  0.7443E-07  0.5066E-07  0.3555E-07  0.2592E-07
  0.1976E-07  0.7046E-08  0.3729E-08  0.2405E-08  0.1418E-08
  0.9206E-09  0.6408E-09  0.3504E-09  0.1112E-09  0.8554E-22
  0.1390E-05  0.1389E-05  0.1389E-05  0.1389E-05  0.1389E-05
  0.1389E-05  0.1389E-05  0.1388E-05  0.1387E-05  0.1385E-05
  0.1384E-05  0.1381E-05  0.1379E-05  0.1371E-05  0.1360E-05
  0.1345E-05  0.1328E-05  0.1284E-05  0.1233E-05  0.1177E-05
  0.1118E-05  0.1059E-05  0.9992E-06  0.9405E-06  0.8826E-06
  0.8262E-06  0.7716E-06  0.7195E-06  0.6702E-06  0.5813E-06
  0.5044E-06  0.3515E-06  0.2444E-06  0.1720E-06  0.1242E-06
  0.9156E-07  0.6961E-07  0.2386E-07  0.1142E-07  0.7253E-08
  0.5025E-08  0.3150E-08  0.2177E-08  0.1183E-08  0.3754E-09
  0.2437E-21  0.3254E-05  0.3254E-05  0.3254E-05  0.3253E-05
  0.3253E-05  0.3253E-05  0.3252E-05  0.3252E-05  0.3251E-05
  0.3249E-05  0.3246E-05  0.3243E-05  0.3240E-05  0.3229E-05
  0.3214E-05  0.3193E-05  0.3167E-05  0.3098E-05  0.3012E-05
  0.2913E-05  0.2806E-05  0.2694E-05  0.2581E-05  0.2468E-05
  0.2354E-05  0.2242E-05  0.2130E-05  0.2021E-05  0.1914E-05
  0.1709E-05  0.1521E-05  0.1138E-05  0.8468E-06  0.6281E-06
  0.4692E-06  0.3546E-06  0.2755E-06  0.9381E-07  0.4356E-07
  0.2485E-07  0.1675E-07  0.1271E-07  0.8324E-08  0.4482E-08
  0.1423E-08  0.7566E-21  0.8175E-05  0.8175E-05  0.8175E-05
  0.8174E-05  0.8174E-05  0.8174E-05  0.8174E-05  0.8173E-05
  0.8172E-05  0.8168E-05  0.8166E-05  0.8162E-05  0.8158E-05
  0.8144E-05  0.8126E-05  0.8097E-05  0.8060E-05  0.7956E-05
  0.7815E-05  0.7641E-05  0.7444E-05  0.7232E-05  0.7012E-05
  0.6786E-05  0.6558E-05  0.6329E-05  0.6099E-05  0.5871E-05
  0.5644E-05  0.5197E-05  0.4762E-05  0.3775E-05  0.2989E-05
  0.2363E-05  0.1859E-05  0.1463E-05  0.1165E-05  0.4172E-06
  0.1930E-06  0.1064E-06  0.6479E-07  0.4655E-07  0.3759E-07
  0.1895E-07  0.6017E-08  0.2551E-20  0.2260E-04  0.2260E-04
  0.2260E-04  0.2260E-04  0.2260E-04  0.2260E-04  0.2260E-04
  0.2260E-04  0.2260E-04  0.2259E-04  0.2259E-04  0.2258E-04
  0.2258E-04  0.2256E-04  0.2253E-04  0.2249E-04  0.2244E-04
  0.2229E-04  0.2206E-04  0.2176E-04  0.2140E-04  0.2100E-04
  0.2056E-04  0.2010E-04  0.1963E-04  0.1914E-04  0.1864E-04
  0.1815E-04  0.1765E-04  0.1665E-04  0.1565E-04  0.1325E-04
  0.1103E-04  0.9147E-05  0.7617E-05  0.6319E-05  0.5246E-05
  0.2118E-05  0.9905E-06  0.5463E-06  0.3252E-06  0.2120E-06
  0.1538E-06  0.9883E-07  0.3132E-07  0.9646E-20  0.6962E-04
  0.6962E-04  0.6962E-04  0.6962E-04  0.6962E-04  0.6962E-04
  0.6962E-04  0.6962E-04  0.6962E-04  0.6960E-04  0.6960E-04
  0.6959E-04  0.6959E-04  0.6955E-04  0.6952E-04  0.6944E-04
  0.6936E-04  0.6913E-04  0.6877E-04  0.6828E-04  0.6761E-04
  0.6681E-04  0.6591E-04  0.6494E-04  0.6391E-04  0.6283E-04
  0.6170E-04  0.6055E-04  0.5938E-04  0.5700E-04  0.5460E-04
  0.4857E-04  0.4269E-04  0.3706E-04  0.3190E-04  0.2760E-04
  0.2393E-04  0.1136E-04  0.5731E-05  0.3164E-05  0.1886E-05
  0.1221E-05  0.8147E-06  0.4512E-06  0.1465E-06  0.3999E-19
  0.2396E-03  0.2396E-03  0.2396E-03  0.2395E-03  0.2396E-03
  0.2395E-03  0.2395E-03  0.2395E-03  0.2396E-03  0.2395E-03
  0.2395E-03  0.2395E-03  0.2395E-03  0.2394E-03  0.2394E-03
  0.2392E-03  0.2390E-03  0.2386E-03  0.2380E-03  0.2371E-03
  0.2358E-03  0.2342E-03  0.2322E-03  0.2300E-03  0.2276E-03
  0.2250E-03  0.2223E-03  0.2196E-03  0.2166E-03  0.2105E-03
  0.2041E-03  0.1878E-03  0.1713E-03  0.1551E-03  0.1391E-03
  0.1236E-03  0.1097E-03  0.6108E-04  0.3360E-04  0.1971E-04
  0.1183E-04  0.7663E-05  0.5062E-05  0.2562E-05  0.7977E-06
  0.1835E-18  0.9210E-03  0.9210E-03  0.9210E-03  0.9210E-03
  0.9210E-03  0.9210E-03  0.9210E-03  0.9210E-03  0.9211E-03
  0.9209E-03  0.9210E-03  0.9209E-03  0.9209E-03  0.9207E-03
  0.9206E-03  0.9201E-03  0.9196E-03  0.9186E-03  0.9173E-03
  0.9156E-03  0.9129E-03  0.9092E-03  0.9042E-03  0.8984E-03
  0.8919E-03  0.8852E-03  0.8780E-03  0.8706E-03  0.8627E-03
  0.8458E-03  0.8275E-03  0.7788E-03  0.7277E-03  0.6760E-03
  0.6249E-03  0.5737E-03  0.5236E-03  0.3243E-03  0.1973E-03
  0.1210E-03  0.7659E-04  0.4979E-04  0.3241E-04  0.1635E-04
  0.5025E-05  0.9192E-18  0.3844E-02  0.3843E-02  0.3843E-02
  0.3843E-02  0.3843E-02  0.3843E-02  0.3843E-02  0.3843E-02
  0.3844E-02  0.3843E-02  0.3843E-02  0.3843E-02  0.3843E-02
  0.3843E-02  0.3842E-02  0.3840E-02  0.3839E-02  0.3836E-02
  0.3832E-02  0.3828E-02  0.3822E-02  0.3813E-02  0.3799E-02
  0.3783E-02  0.3763E-02  0.3742E-02  0.3719E-02  0.3697E-02
  0.3673E-02  0.3622E-02  0.3567E-02  0.3412E-02  0.3243E-02
  0.3066E-02  0.2883E-02  0.2704E-02  0.2525E-02  0.1695E-02
  0.1131E-02  0.7389E-03  0.4785E-03  0.3243E-03  0.2098E-03
  0.1036E-03  0.3228E-04  0.4874E-17  0.1533E-01  0.1533E-01
  0.1533E-01  0.1533E-01  0.1533E-01  0.1533E-01  0.1533E-01
  0.1533E-01  0.1533E-01  0.1533E-01  0.1533E-01  0.1533E-01
  0.1533E-01  0.1533E-01  0.1532E-01  0.1532E-01  0.1531E-01
  0.1530E-01  0.1529E-01  0.1528E-01  0.1527E-01  0.1525E-01
  0.1522E-01  0.1518E-01  0.1512E-01  0.1506E-01  0.1499E-01
  0.1491E-01  0.1484E-01  0.1469E-01  0.1453E-01  0.1410E-01
  0.1359E-01  0.1304E-01  0.1247E-01  0.1187E-01  0.1127E-01
  0.8363E-02  0.5963E-02  0.4253E-02  0.2941E-02  0.2051E-02
  0.1358E-02  0.6784E-03  0.2066E-03  0.2804E-16  0.4832E-01
  0.4831E-01  0.4831E-01  0.4831E-01  0.4831E-01  0.4831E-01
  0.4831E-01  0.4831E-01  0.4832E-01  0.4831E-01  0.4831E-01
  0.4831E-01  0.4832E-01  0.4831E-01  0.4831E-01  0.4829E-01
  0.4828E-01  0.4825E-01  0.4822E-01  0.4819E-01  0.4816E-01
  0.4813E-01  0.4808E-01  0.4801E-01  0.4792E-01  0.4780E-01
  0.4765E-01  0.4748E-01  0.4728E-01  0.4687E-01  0.4647E-01
  0.4549E-01  0.4438E-01  0.4316E-01  0.4182E-01  0.4041E-01
  0.3893E-01  0.3138E-01  0.2447E-01  0.1869E-01  0.1412E-01
  0.1063E-01  0.7396E-02  0.3899E-02  0.1252E-02  0.1652E-15
  0.1200E+00  0.1200E+00  0.1200E+00  0.1200E+00  0.1200E+00
  0.1200E+00  0.1200E+00  0.1200E+00  0.1200E+00  0.1200E+00
  0.1200E+00  0.1200E+00  0.1200E+00  0.1200E+00  0.1200E+00
  0.1199E+00  0.1199E+00  0.1199E+00  0.1198E+00  0.1197E+00
  0.1197E+00  0.1196E+00  0.1195E+00  0.1195E+00  0.1193E+00
  0.1192E+00  0.1190E+00  0.1187E+00  0.1184E+00  0.1177E+00
  0.1168E+00  0.1147E+00  0.1126E+00  0.1105E+00  0.1082E+00
  0.1057E+00  0.1030E+00  0.8853E-01  0.7378E-01  0.6054E-01
  0.4849E-01  0.3888E-01  0.2868E-01  0.1680E-01  0.5703E-02
  0.8136E-15  0.2473E+00  0.2473E+00  0.2473E+00  0.2473E+00
  0.2473E+00  0.2473E+00  0.2473E+00  0.2473E+00  0.2474E+00
  0.2473E+00  0.2473E+00  0.2473E+00  0.2474E+00  0.2473E+00
  0.2473E+00  0.2473E+00  0.2472E+00  0.2471E+00  0.2470E+00
  0.2469E+00  0.2468E+00  0.2467E+00  0.2466E+00  0.2465E+00
  0.2463E+00  0.2461E+00  0.2459E+00  0.2456E+00  0.2452E+00
  0.2443E+00  0.2431E+00  0.2392E+00  0.2355E+00  0.2320E+00
  0.2284E+00  0.2247E+00  0.2207E+00  0.1984E+00  0.1739E+00
  0.1499E+00  0.1266E+00  0.1066E+00  0.8169E-01  0.5235E-01
  0.1912E-01  0.3113E-14  0.4566E+00  0.4566E+00  0.4566E+00
  0.4566E+00  0.4566E+00  0.4566E+00  0.4566E+00  0.4566E+00
  0.4567E+00  0.4566E+00  0.4566E+00  0.4566E+00  0.4567E+00
  0.4566E+00  0.4566E+00  0.4565E+00  0.4565E+00  0.4563E+00
  0.4561E+00  0.4560E+00  0.4558E+00  0.4557E+00  0.4555E+00
  0.4553E+00  0.4551E+00  0.4549E+00  0.4546E+00  0.4542E+00
  0.4538E+00  0.4528E+00  0.4514E+00  0.4464E+00  0.4399E+00
  0.4339E+00  0.4283E+00  0.4230E+00  0.4174E+00  0.3865E+00
  0.3514E+00  0.3148E+00  0.2760E+00  0.2413E+00  0.1915E+00
  0.1306E+00  0.5075E-01  0.9692E-14  0.7862E+00  0.7861E+00
  0.7861E+00  0.7861E+00  0.7862E+00  0.7861E+00  0.7861E+00
  0.7862E+00  0.7862E+00  0.7862E+00  0.7862E+00  0.7862E+00
  0.7863E+00  0.7862E+00  0.7862E+00  0.7861E+00  0.7860E+00
  0.7858E+00  0.7855E+00  0.7852E+00  0.7850E+00  0.7848E+00
  0.7846E+00  0.7843E+00  0.7840E+00  0.7837E+00  0.7833E+00
  0.7829E+00  0.7825E+00  0.7813E+00  0.7798E+00  0.7744E+00
  0.7659E+00  0.7560E+00  0.7466E+00  0.7382E+00  0.7303E+00
  0.6890E+00  0.6426E+00  0.5926E+00  0.5353E+00  0.4809E+00
  0.3920E+00  0.2821E+00  0.1146E+00  0.2595E-13  0.1293E+01
  0.1293E+01  0.1293E+01  0.1293E+01  0.1293E+01  0.1293E+01
  0.1293E+01  0.1293E+01  0.1293E+01  0.1293E+01  0.1293E+01
  0.1293E+01  0.1293E+01  0.1293E+01  0.1293E+01  0.1293E+01
  0.1293E+01  0.1292E+01  0.1292E+01  0.1291E+01  0.1291E+01
  0.1291E+01  0.1290E+01  0.1290E+01  0.1290E+01  0.1289E+01
  0.1289E+01  0.1288E+01  0.1288E+01  0.1286E+01  0.1285E+01
  0.1279E+01  0.1270E+01  0.1257E+01  0.1242E+01  0.1228E+01
  0.1216E+01  0.1160E+01  0.1100E+01  0.1035E+01  0.9582E+00
  0.8801E+00  0.7319E+00  0.5495E+00  0.2318E+00  0.6227E-13
