  Ple                   3267.   0.03  -0.50   0.09
    50   0.0   0.0    1.0000  0.0001
  46
      6562.817      6562.827      6562.837      6562.847      6562.857
      6562.867      6562.877      6562.897      6562.917      6562.942
      6562.967      6562.992      6563.017      6563.067      6563.117
      6563.167      6563.217      6563.317      6563.417      6563.517
      6563.617      6563.717      6563.817      6563.917      6564.017
      6564.117      6564.217      6564.317      6564.417      6564.617
      6564.817      6565.317      6565.817      6566.317      6566.817
      6567.317      6567.817      6570.317      6572.817      6575.317
      6577.817      6580.317      6582.817      6587.817      6592.817
      6597.817
  0.4938E-13  0.4823E-13  0.4481E-13  0.3928E-13  0.3220E-13
  0.2357E-13  0.1420E-13 -0.5650E-14 -0.2381E-13 -0.4011E-13
 -0.4721E-13 -0.4581E-13 -0.3871E-13 -0.1996E-13 -0.7126E-14
 -0.1836E-14 -0.3485E-15 -0.5403E-17 -0.1082E-18 -0.7960E-19
 -0.5823E-19 -0.4606E-19 -0.3652E-19 -0.3020E-19 -0.2512E-19
 -0.2146E-19 -0.1832E-19 -0.1606E-19 -0.1395E-19 -0.1104E-19
 -0.8948E-20 -0.5645E-20 -0.3931E-20 -0.2878E-20 -0.2193E-20
 -0.1711E-20 -0.1419E-20 -0.6312E-21 -0.3855E-21 -0.1885E-21
 -0.1579E-21 -0.9127E-22 -0.1267E-21 -0.4715E-22 -0.6977E-22
 -0.8342E-22  0.1913E-11  0.1902E-11  0.1870E-11  0.1817E-11
  0.1747E-11  0.1659E-11  0.1560E-11  0.1331E-11  0.1086E-11
  0.7892E-12  0.5338E-12  0.3357E-12  0.1961E-12  0.5334E-13
  0.1053E-13  0.1453E-14  0.1244E-15 -0.8459E-18 -0.7106E-19
 -0.5227E-19 -0.3821E-19 -0.3022E-19 -0.2394E-19 -0.1979E-19
 -0.1646E-19 -0.1408E-19 -0.1200E-19 -0.1055E-19 -0.9129E-20
 -0.7237E-20 -0.5876E-20 -0.3683E-20 -0.2571E-20 -0.1880E-20
 -0.1429E-20 -0.1107E-20 -0.9305E-21 -0.4142E-21 -0.2634E-21
 -0.1105E-21 -0.1037E-21 -0.5143E-22 -0.9619E-22 -0.2763E-22
 -0.5622E-22 -0.7346E-22  0.5288E-11  0.5260E-11  0.5176E-11
  0.5038E-11  0.4855E-11  0.4626E-11  0.4364E-11  0.3759E-11
  0.3103E-11  0.2300E-11  0.1594E-11  0.1034E-11  0.6273E-12
  0.1889E-12  0.4349E-13  0.7660E-14  0.1028E-14  0.8143E-17
  0.1137E-19  0.8412E-20  0.6236E-20  0.4956E-20  0.3974E-20
  0.3316E-20  0.2734E-20  0.2300E-20  0.2021E-20  0.1673E-20
  0.1570E-20  0.1195E-20  0.9420E-21  0.6718E-21  0.4466E-21
  0.3361E-21  0.2663E-21  0.2317E-21  0.1536E-21  0.6732E-22
  0.7355E-23  0.6283E-22  0.1667E-22  0.3697E-22 -0.2851E-22
  0.1569E-22 -0.2614E-22 -0.5136E-22  0.1164E-10  0.1158E-10
  0.1140E-10  0.1110E-10  0.1071E-10  0.1021E-10  0.9648E-11
  0.8338E-11  0.6913E-11  0.5158E-11  0.3606E-11  0.2362E-11
  0.1450E-11  0.4497E-12  0.1075E-12  0.1985E-13  0.2826E-14
  0.2662E-16  0.2021E-18  0.1488E-18  0.1090E-18  0.8630E-19
  0.6853E-19  0.5674E-19  0.4713E-19  0.4017E-19  0.3445E-19
  0.2994E-19  0.2631E-19  0.2069E-19  0.1671E-19  0.1074E-19
  0.7423E-20  0.5459E-20  0.4185E-20  0.3327E-20  0.2660E-20
  0.1181E-20  0.6334E-21  0.4634E-21  0.2949E-21  0.2413E-21
  0.1280E-21  0.1158E-21  0.4340E-22 -0.2685E-24  0.2374E-10
  0.2361E-10  0.2325E-10  0.2265E-10  0.2186E-10  0.2086E-10
  0.1972E-10  0.1707E-10  0.1419E-10  0.1063E-10  0.7465E-11
  0.4918E-11  0.3039E-11  0.9571E-12  0.2333E-12  0.4407E-13
  0.6447E-14  0.6508E-16  0.6509E-18  0.4791E-18  0.3509E-18
  0.2777E-18  0.2204E-18  0.1824E-18  0.1516E-18  0.1292E-18
  0.1107E-18  0.9644E-19  0.8449E-19  0.6655E-19  0.5378E-19
  0.3442E-19  0.2383E-19  0.1751E-19  0.1340E-19  0.1061E-19
  0.8555E-20  0.3799E-20  0.2106E-20  0.1406E-20  0.9491E-21
  0.7220E-21  0.4960E-21  0.3513E-21  0.2070E-21  0.1199E-21
  0.4690E-10  0.4666E-10  0.4594E-10  0.4478E-10  0.4322E-10
  0.4127E-10  0.3903E-10  0.3384E-10  0.2818E-10  0.2116E-10
  0.1492E-10  0.9868E-11  0.6126E-11  0.1952E-11  0.4825E-12
  0.9264E-13  0.1381E-13  0.1461E-15  0.1719E-17  0.1265E-17
  0.9259E-18  0.7327E-18  0.5815E-18  0.4812E-18  0.3998E-18
  0.3410E-18  0.2921E-18  0.2545E-18  0.2228E-18  0.1756E-18
  0.1419E-18  0.9071E-19  0.6284E-19  0.4615E-19  0.3531E-19
  0.2791E-19  0.2257E-19  0.1002E-19  0.5606E-20  0.3645E-20
  0.2504E-20  0.1865E-20  0.1371E-20  0.9112E-21  0.5957E-21
  0.4055E-21  0.9393E-10  0.9345E-10  0.9204E-10  0.8972E-10
  0.8662E-10  0.8274E-10  0.7830E-10  0.6798E-10  0.5670E-10
  0.4269E-10  0.3019E-10  0.2005E-10  0.1250E-10  0.4024E-11
  0.1007E-11  0.1963E-12  0.2975E-13  0.3287E-15  0.4424E-17
  0.3255E-17  0.2382E-17  0.1885E-17  0.1496E-17  0.1238E-17
  0.1028E-17  0.8772E-18  0.7512E-18  0.6548E-18  0.5730E-18
  0.4516E-18  0.3651E-18  0.2332E-18  0.1616E-18  0.1187E-18
  0.9078E-19  0.7173E-19  0.5804E-19  0.2578E-19  0.1447E-19
  0.9316E-20  0.6442E-20  0.4757E-20  0.3586E-20  0.2329E-20
  0.1580E-20  0.1129E-20  0.1913E-09  0.1903E-09  0.1875E-09
  0.1828E-09  0.1765E-09  0.1687E-09  0.1597E-09  0.1388E-09
  0.1160E-09  0.8755E-10  0.6211E-10  0.4139E-10  0.2592E-10
  0.8428E-11  0.2136E-11  0.4223E-12  0.6510E-13  0.7503E-15
  0.1145E-16  0.8419E-17  0.6161E-17  0.4875E-17  0.3868E-17
  0.3201E-17  0.2659E-17  0.2268E-17  0.1942E-17  0.1693E-17
  0.1481E-17  0.1167E-17  0.9438E-18  0.6028E-18  0.4177E-18
  0.3067E-18  0.2346E-18  0.1854E-18  0.1500E-18  0.6664E-19
  0.3744E-19  0.2402E-19  0.1665E-19  0.1226E-19  0.9329E-20
  0.6004E-20  0.4132E-20  0.3004E-20  0.3879E-09  0.3859E-09
  0.3802E-09  0.3708E-09  0.3582E-09  0.3424E-09  0.3243E-09
  0.2823E-09  0.2362E-09  0.1787E-09  0.1271E-09  0.8502E-10
  0.5345E-10  0.1755E-10  0.4500E-11  0.9016E-12  0.1412E-12
  0.1694E-14  0.2922E-16  0.2149E-16  0.1572E-16  0.1244E-16
  0.9869E-17  0.8166E-17  0.6785E-17  0.5786E-17  0.4955E-17
  0.4319E-17  0.3779E-17  0.2978E-17  0.2408E-17  0.1538E-17
  0.1066E-17  0.7824E-18  0.5985E-18  0.4728E-18  0.3828E-18
  0.1700E-18  0.9557E-19  0.6122E-19  0.4248E-19  0.3124E-19
  0.2386E-19  0.1530E-19  0.1059E-19  0.7748E-20  0.7865E-09
  0.7827E-09  0.7711E-09  0.7522E-09  0.7268E-09  0.6952E-09
  0.6587E-09  0.5740E-09  0.4810E-09  0.3648E-09  0.2603E-09
  0.1746E-09  0.1102E-09  0.3653E-10  0.9475E-11  0.1924E-11
  0.3061E-12  0.3825E-14  0.7476E-16  0.5497E-16  0.4021E-16
  0.3180E-16  0.2523E-16  0.2088E-16  0.1734E-16  0.1479E-16
  0.1267E-16  0.1104E-16  0.9660E-17  0.7612E-17  0.6155E-17
  0.3930E-17  0.2723E-17  0.2000E-17  0.1530E-17  0.1208E-17
  0.9783E-18  0.4345E-18  0.2443E-18  0.1564E-18  0.1086E-18
  0.7979E-19  0.6103E-19  0.3909E-19  0.2711E-19  0.1989E-19
  0.1618E-08  0.1610E-08  0.1587E-08  0.1548E-08  0.1496E-08
  0.1432E-08  0.1357E-08  0.1184E-08  0.9939E-09  0.7556E-09
  0.5408E-09  0.3641E-09  0.2307E-09  0.7722E-10  0.2027E-10
  0.4175E-11  0.6750E-12  0.8806E-14  0.1947E-15  0.1431E-15
  0.1047E-15  0.8280E-16  0.6568E-16  0.5434E-16  0.4514E-16
  0.3850E-16  0.3296E-16  0.2874E-16  0.2514E-16  0.1981E-16
  0.1602E-16  0.1023E-16  0.7088E-17  0.5204E-17  0.3981E-17
  0.3144E-17  0.2546E-17  0.1131E-17  0.6358E-18  0.4070E-18
  0.2826E-18  0.2076E-18  0.1589E-18  0.1017E-18  0.7060E-19
  0.5184E-19  0.3380E-08  0.3364E-08  0.3315E-08  0.3235E-08
  0.3128E-08  0.2994E-08  0.2840E-08  0.2481E-08  0.2086E-08
  0.1590E-08  0.1141E-08  0.7712E-09  0.4908E-09  0.1659E-09
  0.4410E-10  0.9216E-11  0.1516E-11  0.2068E-13  0.5163E-15
  0.3794E-15  0.2774E-15  0.2194E-15  0.1740E-15  0.1440E-15
  0.1196E-15  0.1020E-15  0.8732E-16  0.7612E-16  0.6659E-16
  0.5248E-16  0.4242E-16  0.2709E-16  0.1877E-16  0.1378E-16
  0.1054E-16  0.8328E-17  0.6743E-17  0.2995E-17  0.1684E-17
  0.1078E-17  0.7484E-18  0.5498E-18  0.4209E-18  0.2694E-18
  0.1870E-18  0.1374E-18  0.7164E-08  0.7130E-08  0.7028E-08
  0.6860E-08  0.6635E-08  0.6354E-08  0.6030E-08  0.5274E-08
  0.4441E-08  0.3394E-08  0.2444E-08  0.1658E-08  0.1060E-08
  0.3619E-09  0.9743E-10  0.2067E-10  0.3459E-11  0.4944E-13
  0.1391E-14  0.1022E-14  0.7469E-15  0.5906E-15  0.4684E-15
  0.3875E-15  0.3219E-15  0.2745E-15  0.2350E-15  0.2048E-15
  0.1792E-15  0.1412E-15  0.1142E-15  0.7290E-16  0.5052E-16
  0.3709E-16  0.2837E-16  0.2241E-16  0.1814E-16  0.8059E-17
  0.4532E-17  0.2900E-17  0.2014E-17  0.1479E-17  0.1133E-17
  0.7249E-18  0.5034E-18  0.3698E-18  0.1532E-07  0.1525E-07
  0.1503E-07  0.1467E-07  0.1420E-07  0.1360E-07  0.1291E-07
  0.1131E-07  0.9539E-08  0.7309E-08  0.5280E-08  0.3596E-08
  0.2308E-08  0.7968E-09  0.2173E-09  0.4681E-10  0.7972E-11
  0.1195E-12  0.3782E-14  0.2778E-14  0.2029E-14  0.1605E-14
  0.1272E-14  0.1053E-14  0.8743E-15  0.7456E-15  0.6383E-15
  0.5564E-15  0.4868E-15  0.3836E-15  0.3101E-15  0.1980E-15
  0.1372E-15  0.1007E-15  0.7705E-16  0.6086E-16  0.4928E-16
  0.2189E-16  0.1231E-16  0.7876E-17  0.5469E-17  0.4018E-17
  0.3076E-17  0.1969E-17  0.1367E-17  0.1004E-17  0.3298E-07
  0.3283E-07  0.3236E-07  0.3161E-07  0.3059E-07  0.2932E-07
  0.2785E-07  0.2443E-07  0.2064E-07  0.1585E-07  0.1149E-07
  0.7856E-08  0.5065E-08  0.1767E-08  0.4882E-09  0.1068E-09
  0.1852E-10  0.2915E-12  0.1036E-13  0.7606E-14  0.5555E-14
  0.4392E-14  0.3482E-14  0.2880E-14  0.2392E-14  0.2040E-14
  0.1746E-14  0.1522E-14  0.1332E-14  0.1049E-14  0.8483E-15
  0.5417E-15  0.3753E-15  0.2755E-15  0.2108E-15  0.1665E-15
  0.1348E-15  0.5987E-16  0.3367E-16  0.2154E-16  0.1496E-16
  0.1099E-16  0.8415E-17  0.5385E-17  0.3740E-17  0.2747E-17
  0.7143E-07  0.7110E-07  0.7011E-07  0.6848E-07  0.6630E-07
  0.6357E-07  0.6043E-07  0.5307E-07  0.4491E-07  0.3460E-07
  0.2516E-07  0.1727E-07  0.1118E-07  0.3945E-08  0.1104E-08
  0.2454E-09  0.4334E-10  0.7172E-12  0.2853E-13  0.2094E-13
  0.1529E-13  0.1209E-13  0.9583E-14  0.7926E-14  0.6583E-14
  0.5613E-14  0.4806E-14  0.4189E-14  0.3664E-14  0.2887E-14
  0.2334E-14  0.1490E-14  0.1033E-14  0.7581E-15  0.5799E-15
  0.4580E-15  0.3709E-15  0.1647E-15  0.9262E-16  0.5927E-16
  0.4116E-16  0.3024E-16  0.2315E-16  0.1482E-16  0.1029E-16
  0.7559E-17  0.1555E-06  0.1548E-06  0.1527E-06  0.1492E-06
  0.1445E-06  0.1386E-06  0.1318E-06  0.1159E-06  0.9827E-07
  0.7591E-07  0.5539E-07  0.3817E-07  0.2483E-07  0.8856E-08
  0.2513E-08  0.5674E-09  0.1021E-09  0.1778E-11  0.7899E-13
  0.5796E-13  0.4230E-13  0.3344E-13  0.2651E-13  0.2192E-13
  0.1821E-13  0.1552E-13  0.1329E-13  0.1158E-13  0.1013E-13
  0.7984E-14  0.6454E-14  0.4121E-14  0.2855E-14  0.2096E-14
  0.1603E-14  0.1267E-14  0.1025E-14  0.4554E-15  0.2561E-15
  0.1639E-15  0.1138E-15  0.8361E-16  0.6401E-16  0.4097E-16
  0.2845E-16  0.2090E-16  0.3392E-06  0.3376E-06  0.3330E-06
  0.3255E-06  0.3153E-06  0.3026E-06  0.2879E-06  0.2536E-06
  0.2153E-06  0.1668E-06  0.1221E-06  0.8448E-07  0.5522E-07
  0.1991E-07  0.5726E-08  0.1314E-08  0.2407E-09  0.4415E-11
  0.2187E-12  0.1606E-12  0.1170E-12  0.9249E-13  0.7331E-13
  0.6063E-13  0.5035E-13  0.4293E-13  0.3675E-13  0.3203E-13
  0.2802E-13  0.2208E-13  0.1785E-13  0.1139E-13  0.7894E-14
  0.5795E-14  0.4433E-14  0.3502E-14  0.2835E-14  0.1259E-14
  0.7080E-15  0.4531E-15  0.3146E-15  0.2311E-15  0.1770E-15
  0.1133E-15  0.7865E-16  0.5778E-16  0.7375E-06  0.7342E-06
  0.7243E-06  0.7081E-06  0.6862E-06  0.6589E-06  0.6273E-06
  0.5531E-06  0.4706E-06  0.3655E-06  0.2685E-06  0.1865E-06
  0.1225E-06  0.4466E-07  0.1302E-07  0.3037E-08  0.5681E-09
  0.1102E-10  0.6025E-12  0.4367E-12  0.3222E-12  0.2547E-12
  0.2018E-12  0.1669E-12  0.1386E-12  0.1182E-12  0.1012E-12
  0.8816E-13  0.7712E-13  0.6076E-13  0.4911E-13  0.3136E-13
  0.2172E-13  0.1595E-13  0.1220E-13  0.9636E-14  0.7802E-14
  0.3465E-14  0.1948E-14  0.1247E-14  0.8658E-15  0.6361E-15
  0.4870E-15  0.3117E-15  0.2164E-15  0.1590E-15  0.1601E-05
  0.1594E-05  0.1572E-05  0.1537E-05  0.1491E-05  0.1432E-05
  0.1364E-05  0.1204E-05  0.1026E-05  0.7994E-06  0.5892E-06
  0.4109E-06  0.2711E-06  0.1000E-06  0.2956E-07  0.7009E-08
  0.1339E-08  0.2749E-10  0.1653E-11  0.1183E-11  0.8833E-12
  0.6983E-12  0.5533E-12  0.4575E-12  0.3799E-12  0.3239E-12
  0.2772E-12  0.2416E-12  0.2114E-12  0.1665E-12  0.1346E-12
  0.8593E-13  0.5953E-13  0.4370E-13  0.3343E-13  0.2641E-13
  0.2138E-13  0.9495E-14  0.5339E-14  0.3417E-14  0.2373E-14
  0.1743E-14  0.1335E-14  0.8541E-15  0.5931E-15  0.4357E-15
  0.3450E-05  0.3435E-05  0.3390E-05  0.3315E-05  0.3215E-05
  0.3090E-05  0.2945E-05  0.2604E-05  0.2223E-05  0.1736E-05
  0.1284E-05  0.8991E-06  0.5959E-06  0.2223E-06  0.6661E-07
  0.1605E-07  0.3126E-08  0.6782E-10  0.4472E-11  0.3198E-11
  0.2397E-11  0.1895E-11  0.1501E-11  0.1241E-11  0.1030E-11
  0.8785E-12  0.7519E-12  0.6553E-12  0.5732E-12  0.4516E-12
  0.3650E-12  0.2330E-12  0.1614E-12  0.1185E-12  0.9066E-13
  0.7161E-13  0.5798E-13  0.2575E-13  0.1448E-13  0.9266E-14
  0.6434E-14  0.4727E-14  0.3619E-14  0.2316E-14  0.1608E-14
  0.1182E-14  0.7379E-05  0.7347E-05  0.7251E-05  0.7094E-05
  0.6882E-05  0.6616E-05  0.6309E-05  0.5587E-05  0.4778E-05
  0.3742E-05  0.2776E-05  0.1952E-05  0.1300E-05  0.4903E-06
  0.1489E-06  0.3645E-07  0.7235E-08  0.1658E-09  0.1242E-10
  0.8571E-11  0.6432E-11  0.5084E-11  0.4027E-11  0.3330E-11
  0.2764E-11  0.2356E-11  0.2017E-11  0.1758E-11  0.1537E-11
  0.1211E-11  0.9790E-12  0.6250E-12  0.4330E-12  0.3178E-12
  0.2431E-12  0.1920E-12  0.1555E-12  0.6905E-13  0.3883E-13
  0.2485E-13  0.1725E-13  0.1268E-13  0.9705E-14  0.6211E-14
  0.4313E-14  0.3169E-14  0.1555E-04  0.1548E-04  0.1528E-04
  0.1495E-04  0.1451E-04  0.1396E-04  0.1331E-04  0.1181E-04
  0.1011E-04  0.7943E-05  0.5912E-05  0.4172E-05  0.2791E-05
  0.1064E-05  0.3274E-06  0.8142E-07  0.1646E-07  0.3982E-09
  0.3358E-10  0.2252E-10  0.1690E-10  0.1336E-10  0.1058E-10
  0.8746E-11  0.7260E-11  0.6189E-11  0.5297E-11  0.4616E-11
  0.4038E-11  0.3181E-11  0.2571E-11  0.1641E-11  0.1137E-11
  0.8347E-12  0.6384E-12  0.5043E-12  0.4083E-12  0.1813E-12
  0.1020E-12  0.6525E-13  0.4531E-13  0.3329E-13  0.2548E-13
  0.1631E-13  0.1133E-13  0.8321E-14  0.3232E-04  0.3219E-04
  0.3177E-04  0.3110E-04  0.3019E-04  0.2905E-04  0.2773E-04
  0.2462E-04  0.2113E-04  0.1664E-04  0.1242E-04  0.8802E-05
  0.5913E-05  0.2279E-05  0.7103E-06  0.1794E-06  0.3693E-07
  0.9434E-09  0.8747E-10  0.5817E-10  0.4366E-10  0.3450E-10
  0.2732E-10  0.2259E-10  0.1875E-10  0.1598E-10  0.1368E-10
  0.1192E-10  0.1043E-10  0.8213E-11  0.6638E-11  0.4237E-11
  0.2935E-11  0.2155E-11  0.1648E-11  0.1302E-11  0.1054E-11
  0.4681E-12  0.2632E-12  0.1684E-12  0.1170E-12  0.8593E-13
  0.6579E-13  0.4210E-13  0.2924E-13  0.2148E-13  0.6645E-04
  0.6617E-04  0.6534E-04  0.6396E-04  0.6212E-04  0.5980E-04
  0.5711E-04  0.5077E-04  0.4364E-04  0.3446E-04  0.2581E-04
  0.1836E-04  0.1239E-04  0.4825E-05  0.1523E-05  0.3908E-06
  0.8191E-07  0.2210E-08  0.2228E-09  0.1479E-09  0.1110E-09
  0.8770E-10  0.6945E-10  0.5741E-10  0.4765E-10  0.4061E-10
  0.3476E-10  0.3029E-10  0.2649E-10  0.2087E-10  0.1687E-10
  0.1077E-10  0.7458E-11  0.5475E-11  0.4188E-11  0.3308E-11
  0.2678E-11  0.1189E-11  0.6688E-12  0.4279E-12  0.2972E-12
  0.2183E-12  0.1671E-12  0.1070E-12  0.7428E-13  0.5457E-13
  0.1349E-03  0.1343E-03  0.1327E-03  0.1299E-03  0.1262E-03
  0.1215E-03  0.1161E-03  0.1034E-03  0.8902E-04  0.7047E-04
  0.5296E-04  0.3781E-04  0.2562E-04  0.1008E-04  0.3226E-05
  0.8403E-06  0.1793E-06  0.5111E-08  0.5563E-09  0.3695E-09
  0.2772E-09  0.2190E-09  0.1734E-09  0.1433E-09  0.1189E-09
  0.1014E-09  0.8676E-10  0.7561E-10  0.6612E-10  0.5208E-10
  0.4210E-10  0.2687E-10  0.1861E-10  0.1366E-10  0.1045E-10
  0.8255E-11  0.6683E-11  0.2968E-11  0.1669E-11  0.1068E-11
  0.7416E-12  0.5448E-12  0.4171E-12  0.2669E-12  0.1854E-12
  0.1362E-12  0.2713E-03  0.2701E-03  0.2668E-03  0.2613E-03
  0.2540E-03  0.2447E-03  0.2339E-03  0.2085E-03  0.1798E-03
  0.1427E-03  0.1076E-03  0.7712E-04  0.5249E-04  0.2088E-04
  0.6765E-05  0.1789E-05  0.3889E-06  0.1171E-07  0.1367E-08
  0.9094E-09  0.6821E-09  0.5387E-09  0.4264E-09  0.3525E-09
  0.2925E-09  0.2493E-09  0.2134E-09  0.1859E-09  0.1626E-09
  0.1281E-09  0.1035E-09  0.6606E-10  0.4576E-10  0.3359E-10
  0.2569E-10  0.2029E-10  0.1643E-10  0.7297E-11  0.4103E-11
  0.2626E-11  0.1823E-11  0.1339E-11  0.1025E-11  0.6563E-12
  0.4558E-12  0.3348E-12  0.5409E-03  0.5387E-03  0.5322E-03
  0.5213E-03  0.5068E-03  0.4885E-03  0.4672E-03  0.4170E-03
  0.3603E-03  0.2867E-03  0.2169E-03  0.1560E-03  0.1067E-03
  0.4287E-04  0.1407E-04  0.3781E-05  0.8367E-06  0.2662E-07
  0.3337E-08  0.2207E-08  0.1655E-08  0.1307E-08  0.1035E-08
  0.8550E-09  0.7095E-09  0.6047E-09  0.5175E-09  0.4509E-09
  0.3943E-09  0.3106E-09  0.2510E-09  0.1602E-09  0.1110E-09
  0.8146E-10  0.6231E-10  0.4921E-10  0.3984E-10  0.1769E-10
  0.9949E-11  0.6367E-11  0.4421E-11  0.3248E-11  0.2487E-11
  0.1591E-11  0.1105E-11  0.8119E-12  0.1070E-02  0.1066E-02
  0.1053E-02  0.1032E-02  0.1004E-02  0.9679E-03  0.9262E-03
  0.8278E-03  0.7164E-03  0.5716E-03  0.4338E-03  0.3132E-03
  0.2151E-03  0.8739E-04  0.2906E-04  0.7929E-05  0.1787E-05
  0.6011E-07  0.8045E-08  0.5290E-08  0.3966E-08  0.3131E-08
  0.2478E-08  0.2048E-08  0.1699E-08  0.1448E-08  0.1239E-08
  0.1080E-08  0.9442E-09  0.7436E-09  0.6010E-09  0.3835E-09
  0.2657E-09  0.1950E-09  0.1492E-09  0.1178E-09  0.9538E-10
  0.4236E-10  0.2382E-10  0.1524E-10  0.1058E-10  0.7776E-11
  0.5953E-11  0.3810E-11  0.2646E-11  0.1944E-11  0.2118E-02
  0.2109E-02  0.2084E-02  0.2043E-02  0.1987E-02  0.1917E-02
  0.1836E-02  0.1643E-02  0.1424E-02  0.1139E-02  0.8677E-03
  0.6290E-03  0.4339E-03  0.1782E-03  0.6007E-04  0.1667E-04
  0.3831E-05  0.1359E-06  0.1924E-07  0.1262E-07  0.9457E-08
  0.7466E-08  0.5907E-08  0.4881E-08  0.4050E-08  0.3451E-08
  0.2953E-08  0.2573E-08  0.2250E-08  0.1772E-08  0.1432E-08
  0.9139E-09  0.6330E-09  0.4647E-09  0.3554E-09  0.2807E-09
  0.2273E-09  0.1009E-09  0.5675E-10  0.3632E-10  0.2522E-10
  0.1853E-10  0.1418E-10  0.9078E-11  0.6304E-11  0.4631E-11
  0.4227E-02  0.4210E-02  0.4161E-02  0.4079E-02  0.3969E-02
  0.3831E-02  0.3670E-02  0.3289E-02  0.2857E-02  0.2292E-02
  0.1752E-02  0.1275E-02  0.8839E-03  0.3671E-03  0.1256E-03
  0.3547E-04  0.8318E-05  0.3114E-06  0.4619E-07  0.3025E-07
  0.2265E-07  0.1788E-07  0.1414E-07  0.1168E-07  0.9694E-08
  0.8261E-08  0.7068E-08  0.6158E-08  0.5385E-08  0.4241E-08
  0.3427E-08  0.2187E-08  0.1515E-08  0.1112E-08  0.8505E-09
  0.6717E-09  0.5438E-09  0.2415E-09  0.1358E-09  0.8690E-10
  0.6034E-10  0.4433E-10  0.3394E-10  0.2172E-10  0.1508E-10
  0.1108E-10  0.8597E-02  0.8564E-02  0.8465E-02  0.8302E-02
  0.8081E-02  0.7804E-02  0.7481E-02  0.6714E-02  0.5843E-02
  0.4703E-02  0.3607E-02  0.2637E-02  0.1838E-02  0.7726E-03
  0.2683E-03  0.7722E-04  0.1850E-04  0.7325E-06  0.1125E-06
  0.7348E-07  0.5495E-07  0.4336E-07  0.3430E-07  0.2833E-07
  0.2350E-07  0.2003E-07  0.1714E-07  0.1493E-07  0.1306E-07
  0.1028E-07  0.8308E-08  0.5302E-08  0.3672E-08  0.2695E-08
  0.2062E-08  0.1628E-08  0.1318E-08  0.5854E-09  0.3292E-09
  0.2106E-09  0.1463E-09  0.1075E-09  0.8227E-10  0.5265E-10
  0.3656E-10  0.2686E-10  0.1809E-01  0.1802E-01  0.1781E-01
  0.1747E-01  0.1702E-01  0.1644E-01  0.1577E-01  0.1418E-01
  0.1237E-01  0.9987E-02  0.7692E-02  0.5651E-02  0.3960E-02
  0.1688E-02  0.5960E-03  0.1750E-03  0.4291E-04  0.1800E-05
  0.2821E-06  0.1835E-06  0.1372E-06  0.1082E-06  0.8557E-07
  0.7068E-07  0.5862E-07  0.4995E-07  0.4273E-07  0.3723E-07
  0.3253E-07  0.2561E-07  0.2070E-07  0.1321E-07  0.9147E-08
  0.6714E-08  0.5135E-08  0.4056E-08  0.3284E-08  0.1458E-08
  0.8200E-09  0.5247E-09  0.3644E-09  0.2677E-09  0.2049E-09
  0.1312E-09  0.9108E-10  0.6692E-10  0.4017E-01  0.4002E-01
  0.3958E-01  0.3884E-01  0.3784E-01  0.3658E-01  0.3512E-01
  0.3163E-01  0.2766E-01  0.2242E-01  0.1735E-01  0.1282E-01
  0.9041E-02  0.3913E-02  0.1408E-02  0.4228E-03  0.1064E-03
  0.4739E-05  0.7442E-06  0.4806E-06  0.3593E-06  0.2834E-06
  0.2240E-06  0.1850E-06  0.1534E-06  0.1307E-06  0.1118E-06
  0.9739E-07  0.8510E-07  0.6700E-07  0.5414E-07  0.3454E-07
  0.2392E-07  0.1756E-07  0.1343E-07  0.1060E-07  0.8585E-08
  0.3812E-08  0.2143E-08  0.1372E-08  0.9523E-09  0.6994E-09
  0.5356E-09  0.3427E-09  0.2380E-09  0.1748E-09  0.9641E-01
  0.9606E-01  0.9500E-01  0.9327E-01  0.9092E-01  0.8797E-01
  0.8451E-01  0.7630E-01  0.6690E-01  0.5448E-01  0.4239E-01
  0.3151E-01  0.2239E-01  0.9865E-02  0.3628E-02  0.1118E-02
  0.2897E-03  0.1372E-04  0.2112E-05  0.1348E-05  0.1007E-05
  0.7939E-06  0.6273E-06  0.5179E-06  0.4294E-06  0.3658E-06
  0.3129E-06  0.2725E-06  0.2382E-06  0.1875E-06  0.1515E-06
  0.9663E-07  0.6691E-07  0.4911E-07  0.3755E-07  0.2966E-07
  0.2401E-07  0.1066E-07  0.5993E-08  0.3834E-08  0.2662E-08
  0.1955E-08  0.1497E-08  0.9577E-09  0.6651E-09  0.4886E-09
  0.2538E+00  0.2529E+00  0.2502E+00  0.2457E+00  0.2397E+00
  0.2321E+00  0.2232E+00  0.2020E+00  0.1777E+00  0.1455E+00
  0.1139E+00  0.8529E-01  0.6112E-01  0.2748E-01  0.1036E-01
  0.3284E-02  0.8800E-03  0.4443E-04  0.6542E-05  0.4095E-05
  0.3058E-05  0.2409E-05  0.1903E-05  0.1571E-05  0.1302E-05
  0.1109E-05  0.9481E-06  0.8257E-06  0.7218E-06  0.5681E-06
  0.4589E-06  0.2927E-06  0.2026E-06  0.1487E-06  0.1137E-06
  0.8978E-07  0.7268E-07  0.3226E-07  0.1814E-07  0.1160E-07
  0.8056E-08  0.5917E-08  0.4531E-08  0.2897E-08  0.2012E-08
  0.1478E-08  0.7450E+00  0.7424E+00  0.7347E+00  0.7220E+00
  0.7048E+00  0.6831E+00  0.6577E+00  0.5970E+00  0.5271E+00
  0.4339E+00  0.3421E+00  0.2584E+00  0.1869E+00  0.8598E-01
  0.3333E-01  0.1092E-01  0.3035E-02  0.1640E-03  0.2258E-04
  0.1373E-04  0.1024E-04  0.8063E-05  0.6364E-05  0.5251E-05
  0.4351E-05  0.3705E-05  0.3168E-05  0.2758E-05  0.2411E-05
  0.1897E-05  0.1532E-05  0.9767E-06  0.6761E-06  0.4960E-06
  0.3793E-06  0.2995E-06  0.2424E-06  0.1076E-06  0.6046E-07
  0.3868E-07  0.2685E-07  0.1972E-07  0.1510E-07  0.9648E-08
  0.6700E-08  0.4922E-08  0.2477E+01  0.2469E+01  0.2444E+01
  0.2403E+01  0.2348E+01  0.2278E+01  0.2196E+01  0.2000E+01
  0.1773E+01  0.1469E+01  0.1167E+01  0.8900E+00  0.6509E+00
  0.3072E+00  0.1229E+00  0.4175E-01  0.1209E-01  0.7039E-03
  0.8891E-04  0.5184E-04  0.3855E-04  0.3033E-04  0.2392E-04
  0.1972E-04  0.1634E-04  0.1390E-04  0.1188E-04  0.1035E-04
  0.9040E-05  0.7111E-05  0.5742E-05  0.3658E-05  0.2531E-05
  0.1857E-05  0.1419E-05  0.1121E-05  0.9069E-06  0.4023E-06
  0.2260E-06  0.1446E-06  0.1003E-06  0.7368E-07  0.5642E-07
  0.3601E-07  0.2501E-07  0.1837E-07  0.9417E+01  0.9387E+01
  0.9296E+01  0.9147E+01  0.8944E+01  0.8688E+01  0.8387E+01
  0.7665E+01  0.6827E+01  0.5697E+01  0.4567E+01  0.3518E+01
  0.2604E+01  0.1264E+01  0.5234E+00  0.1851E+00  0.5609E-01
  0.3537E-02  0.4050E-03  0.2214E-03  0.1644E-03  0.1291E-03
  0.1017E-03  0.8379E-04  0.6936E-04  0.5900E-04  0.5041E-04
  0.4386E-04  0.3832E-04  0.3013E-04  0.2431E-04  0.1548E-04
  0.1070E-04  0.7848E-05  0.5997E-05  0.4734E-05  0.3830E-05
  0.1698E-05  0.9535E-06  0.6097E-06  0.4230E-06  0.3105E-06
  0.2378E-06  0.1515E-06  0.1052E-06  0.7729E-07  0.4127E+02
  0.4115E+02  0.4077E+02  0.4014E+02  0.3929E+02  0.3821E+02
  0.3694E+02  0.3390E+02  0.3034E+02  0.2552E+02  0.2066E+02
  0.1610E+02  0.1207E+02  0.6049E+01  0.2603E+01  0.9628E+00
  0.3070E+00  0.2146E-01  0.2210E-02  0.1103E-02  0.8114E-03
  0.6360E-03  0.5003E-03  0.4118E-03  0.3405E-03  0.2894E-03
  0.2471E-03  0.2149E-03  0.1877E-03  0.1474E-03  0.1189E-03
  0.7561E-04  0.5224E-04  0.3828E-04  0.2924E-04  0.2306E-04
  0.1866E-04  0.8260E-05  0.4636E-05  0.2963E-05  0.2054E-05
  0.1507E-05  0.1154E-05  0.7332E-06  0.5092E-06  0.3741E-06
  0.2021E+03  0.2015E+03  0.1997E+03  0.1968E+03  0.1928E+03
  0.1878E+03  0.1819E+03  0.1676E+03  0.1508E+03  0.1279E+03
  0.1046E+03  0.8254E+02  0.6276E+02  0.3255E+02  0.1460E+02
  0.5672E+01  0.1913E+01  0.1506E+00  0.1465E-01  0.6521E-02
  0.4731E-02  0.3698E-02  0.2903E-02  0.2385E-02  0.1970E-02
  0.1673E-02  0.1427E-02  0.1240E-02  0.1082E-02  0.8492E-03
  0.6844E-03  0.4344E-03  0.2998E-03  0.2194E-03  0.1675E-03
  0.1320E-03  0.1068E-03  0.4718E-04  0.2645E-04  0.1690E-04
  0.1170E-04  0.8579E-05  0.6572E-05  0.4157E-05  0.2887E-05
  0.2121E-05  0.1069E+04  0.1066E+04  0.1057E+04  0.1042E+04
  0.1022E+04  0.9969E+03  0.9670E+03  0.8947E+03  0.8097E+03
  0.6927E+03  0.5724E+03  0.4570E+03  0.3524E+03  0.1889E+03
  0.8828E+02  0.3597E+02  0.1280E+02  0.1130E+01  0.1063E+00
  0.4138E-01  0.2955E-01  0.2305E-01  0.1807E-01  0.1483E-01
  0.1224E-01  0.1038E-01  0.8852E-02  0.7689E-02  0.6707E-02
  0.5259E-02  0.4236E-02  0.2686E-02  0.1852E-02  0.1355E-02
  0.1034E-02  0.8148E-03  0.6586E-03  0.2908E-03  0.1630E-03
  0.1040E-03  0.7203E-04  0.5279E-04  0.4043E-04  0.2552E-04
  0.1772E-04  0.1302E-04  0.5172E+04  0.5158E+04  0.5117E+04
  0.5049E+04  0.4956E+04  0.4839E+04  0.4700E+04  0.4363E+04
  0.3966E+04  0.3415E+04  0.2845E+04  0.2293E+04  0.1787E+04
  0.9831E+03  0.4734E+03  0.1992E+03  0.7361E+02  0.6880E+01
  0.5841E+00  0.1965E+00  0.1404E+00  0.1118E+00  0.8740E-01
  0.7215E-01  0.5976E-01  0.5092E-01  0.4355E-01  0.3794E-01
  0.3317E-01  0.2613E-01  0.2112E-01  0.1349E-01  0.9358E-02
  0.6876E-02  0.5264E-02  0.4161E-02  0.3371E-02  0.1501E-02
  0.8452E-03  0.5415E-03  0.3763E-03  0.2767E-03  0.2121E-03
  0.1296E-03  0.9267E-04  0.6972E-04  0.1929E+05  0.1924E+05
  0.1909E+05  0.1885E+05  0.1851E+05  0.1809E+05  0.1759E+05
  0.1637E+05  0.1492E+05  0.1291E+05  0.1082E+05  0.8774E+04
  0.6889E+04  0.3850E+04  0.1884E+04  0.8068E+03  0.2984E+03
  0.2549E+02  0.8193E+00 -0.1007E-01  0.5994E-01  0.8517E-01
  0.8399E-01  0.8334E-01  0.7613E-01  0.7158E-01  0.6517E-01
  0.6048E-01  0.5528E-01  0.4705E-01  0.4028E-01  0.2865E-01
  0.2137E-01  0.1656E-01  0.1319E-01  0.1076E-01  0.8906E-02
  0.4304E-02  0.2541E-02  0.1678E-02  0.1204E-02  0.9073E-03
  0.7049E-03  0.4504E-03  0.3415E-03  0.2687E-03  0.4973E+05
  0.4960E+05  0.4922E+05  0.4860E+05  0.4775E+05  0.4667E+05
  0.4539E+05  0.4227E+05  0.3858E+05  0.3343E+05  0.2805E+05
  0.2279E+05  0.1790E+05  0.9996E+04  0.4838E+04  0.2010E+04
  0.6833E+03  0.1732E+02 -0.1723E+02 -0.9203E+01 -0.5542E+01
 -0.3785E+01 -0.2752E+01 -0.2072E+01 -0.1613E+01 -0.1279E+01
 -0.1037E+01 -0.8519E+00 -0.7109E+00 -0.5108E+00 -0.3816E+00
 -0.2033E+00 -0.1200E+00 -0.7636E-01 -0.5140E-01 -0.3607E-01
 -0.2657E-01 -0.7161E-02 -0.2416E-02 -0.8597E-03 -0.9840E-04
  0.2200E-03  0.3253E-03  0.3434E-03  0.5626E-03  0.6137E-03
  0.1237E+06  0.1234E+06  0.1225E+06  0.1211E+06  0.1190E+06
  0.1165E+06  0.1134E+06  0.1060E+06  0.9715E+05  0.8476E+05
  0.7171E+05  0.5882E+05  0.4673E+05  0.2678E+05  0.1340E+05
  0.5780E+04  0.2063E+04  0.5578E+02 -0.6667E+02 -0.4068E+02
 -0.2634E+02 -0.1843E+02 -0.1346E+02 -0.1017E+02 -0.7942E+01
 -0.6328E+01 -0.5150E+01 -0.4250E+01 -0.3561E+01 -0.2581E+01
 -0.1945E+01 -0.1060E+01 -0.6410E+00 -0.4180E+00 -0.2884E+00
 -0.2076E+00 -0.1564E+00 -0.4880E-01 -0.2025E-01 -0.9900E-02
 -0.4792E-02 -0.2312E-02 -0.8776E-03  0.1822E-03  0.1503E-02
  0.1956E-02  0.3639E+06  0.3632E+06  0.3608E+06  0.3570E+06
  0.3518E+06  0.3451E+06  0.3371E+06  0.3176E+06  0.2942E+06
  0.2611E+06  0.2256E+06  0.1899E+06  0.1556E+06  0.9656E+05
  0.5396E+05  0.2719E+05  0.1235E+05  0.1929E+04  0.2655E+03
  0.7022E+02  0.3863E+02  0.2669E+02  0.2016E+02  0.1596E+02
  0.1289E+02  0.1065E+02  0.8914E+01  0.7580E+01  0.6505E+01
  0.4942E+01  0.3878E+01  0.2321E+01  0.1529E+01  0.1077E+01
  0.7967E+00  0.6117E+00  0.4848E+00  0.1972E+00  0.1047E+00
  0.6436E-01  0.4227E-01  0.2958E-01  0.2276E-01  0.1438E-01
  0.8552E-02  0.5401E-02  0.8155E+06  0.8139E+06  0.8092E+06
  0.8013E+06  0.7904E+06  0.7767E+06  0.7602E+06  0.7199E+06
  0.6713E+06  0.6017E+06  0.5266E+06  0.4499E+06  0.3753E+06
  0.2433E+06  0.1439E+06  0.7787E+05  0.3878E+05  0.8015E+04
  0.1787E+04  0.7210E+03  0.4448E+03  0.3100E+03  0.2288E+03
  0.1761E+03  0.1395E+03  0.1131E+03  0.9329E+02  0.7815E+02
  0.6627E+02  0.4922E+02  0.3789E+02  0.2175E+02  0.1382E+02
  0.9437E+01  0.6797E+01  0.5097E+01  0.3968E+01  0.1484E+01
  0.7381E+00  0.4312E+00  0.2693E+00  0.1802E+00  0.1290E+00
  0.7409E-01  0.3215E-01  0.1169E-01  0.1487E+07  0.1484E+07
  0.1476E+07  0.1462E+07  0.1444E+07  0.1420E+07  0.1392E+07
  0.1323E+07  0.1239E+07  0.1118E+07  0.9869E+06  0.8517E+06
  0.7190E+06  0.4798E+06  0.2942E+06  0.1664E+06  0.8743E+05
  0.2064E+05  0.5225E+04  0.2231E+04  0.1440E+04  0.1042E+04
  0.7806E+03  0.6017E+03  0.4757E+03  0.3847E+03  0.3166E+03
  0.2646E+03  0.2240E+03  0.1659E+03  0.1273E+03  0.7268E+02
  0.4592E+02  0.3122E+02  0.2239E+02  0.1673E+02  0.1299E+02
  0.4787E+01  0.2352E+01  0.1360E+01  0.8416E+00  0.5583E+00
  0.3913E+00  0.2179E+00  0.8462E-01  0.2088E-01  0.2460E+07
  0.2456E+07  0.2443E+07  0.2422E+07  0.2393E+07  0.2356E+07
  0.2311E+07  0.2202E+07  0.2069E+07  0.1878E+07  0.1668E+07
  0.1451E+07  0.1236E+07  0.8431E+06  0.5312E+06  0.3105E+06
  0.1695E+06  0.4369E+05  0.1187E+05  0.5160E+04  0.3411E+04
  0.2546E+04  0.1943E+04  0.1507E+04  0.1192E+04  0.9632E+03
  0.7920E+03  0.6614E+03  0.5596E+03  0.4138E+03  0.3173E+03
  0.1806E+03  0.1139E+03  0.7727E+02  0.5534E+02  0.4127E+02
  0.3201E+02  0.1173E+02  0.5732E+01  0.3300E+01  0.2036E+01
  0.1347E+01  0.9331E+00  0.5114E+00  0.1877E+00  0.3422E-01
