  Ple                   3267.   0.03  -0.50   0.09
    50   0.0   0.0    1.0000  0.0001
  46
      4861.342      4861.352      4861.362      4861.372      4861.382
      4861.392      4861.402      4861.422      4861.442      4861.467
      4861.492      4861.517      4861.542      4861.592      4861.642
      4861.692      4861.742      4861.842      4861.942      4862.042
      4862.142      4862.242      4862.342      4862.442      4862.542
      4862.642      4862.742      4862.842      4862.942      4863.142
      4863.342      4863.842      4864.342      4864.842      4865.342
      4865.842      4866.342      4868.842      4871.342      4873.842
      4876.342      4878.842      4881.342      4886.342      4891.342
      4896.342
  0.6364E-13  0.6282E-13  0.6036E-13  0.5643E-13  0.5150E-13
  0.4560E-13  0.3938E-13  0.2674E-13  0.1585E-13  0.6381E-14
  0.1457E-14 -0.3569E-15 -0.6422E-15 -0.2197E-15 -0.2967E-16
 -0.2134E-17 -0.5984E-19 -0.8153E-20 -0.5529E-20 -0.4135E-20
 -0.2974E-20 -0.2401E-20 -0.1882E-20 -0.1619E-20 -0.1270E-20
 -0.1180E-20 -0.9247E-21 -0.8579E-21 -0.7650E-21 -0.6235E-21
 -0.4184E-21 -0.2972E-21 -0.1866E-21 -0.1446E-21 -0.7482E-22
 -0.1100E-21 -0.1352E-21 -0.7356E-22  0.2679E-22  0.1714E-22
  0.1190E-22  0.8746E-23  0.6696E-23  0.4286E-23  0.2976E-23
  0.2186E-23  0.3263E-12  0.3230E-12  0.3131E-12  0.2973E-12
  0.2771E-12  0.2527E-12  0.2262E-12  0.1703E-12  0.1181E-12
  0.6658E-13  0.3297E-13  0.1431E-13  0.5424E-14  0.5104E-15
  0.2536E-16  0.4519E-18 -0.1259E-19 -0.5157E-20 -0.3492E-20
 -0.2621E-20 -0.1852E-20 -0.1509E-20 -0.1171E-20 -0.1029E-20
 -0.7786E-21 -0.7611E-21 -0.5651E-21 -0.5441E-21 -0.4902E-21
 -0.4067E-21 -0.2430E-21 -0.1851E-21 -0.1088E-21 -0.8746E-22
 -0.3109E-22 -0.7546E-22 -0.1072E-21 -0.6113E-22  0.3378E-22
  0.2162E-22  0.1501E-22  0.1103E-22  0.8444E-23  0.5404E-23
  0.3753E-23  0.2757E-23  0.7995E-12  0.7918E-12  0.7688E-12
  0.7317E-12  0.6842E-12  0.6264E-12  0.5637E-12  0.4299E-12
  0.3035E-12  0.1761E-12  0.9054E-13  0.4124E-13  0.1663E-13
  0.1877E-14  0.1301E-15  0.5475E-17  0.8212E-19  0.1465E-20
  0.1007E-20  0.7247E-21  0.6253E-21  0.4601E-21  0.3989E-21
  0.2729E-21  0.3060E-21  0.1652E-21  0.2292E-21  0.1489E-21
  0.1167E-21  0.7219E-22  0.1445E-21  0.6275E-22  0.6299E-22
  0.3876E-22  0.6549E-22  0.8476E-24 -0.4542E-22 -0.3368E-22
  0.4922E-22  0.3150E-22  0.2187E-22  0.1607E-22  0.1230E-22
  0.7874E-23  0.5468E-23  0.4017E-23  0.1691E-11  0.1675E-11
  0.1627E-11  0.1550E-11  0.1452E-11  0.1332E-11  0.1201E-11
  0.9210E-12  0.6550E-12  0.3845E-12  0.2005E-12  0.9294E-13
  0.3826E-13  0.4555E-14  0.3389E-15  0.1569E-16  0.2738E-18
  0.1679E-19  0.1142E-19  0.8467E-20  0.6358E-20  0.5017E-20
  0.4031E-20  0.3286E-20  0.2815E-20  0.2308E-20  0.2067E-20
  0.1752E-20  0.1521E-20  0.1180E-20  0.1041E-20  0.6360E-21
  0.4605E-21  0.3308E-21  0.2889E-21  0.1774E-21  0.9753E-22
  0.2983E-22  0.8494E-22  0.5436E-22  0.3775E-22  0.2773E-22
  0.2123E-22  0.1359E-22  0.9436E-23  0.6933E-23  0.3389E-11
  0.3357E-11  0.3263E-11  0.3110E-11  0.2915E-11  0.2676E-11
  0.2417E-11  0.1860E-11  0.1328E-11  0.7851E-12  0.4130E-12
  0.1933E-12  0.8052E-13  0.9859E-14  0.7597E-15  0.3674E-16
  0.8793E-18  0.5287E-19  0.3592E-19  0.2669E-19  0.1985E-19
  0.1574E-19  0.1258E-19  0.1038E-19  0.8719E-20  0.7351E-20
  0.6390E-20  0.5525E-20  0.4824E-20  0.3787E-20  0.3150E-20
  0.1985E-20  0.1396E-20  0.1018E-20  0.8146E-21  0.5927E-21
  0.4338E-21  0.1792E-21  0.1690E-21  0.1081E-21  0.7509E-22
  0.5517E-22  0.4224E-22  0.2703E-22  0.1877E-22  0.1379E-22
  0.6640E-11  0.6579E-11  0.6396E-11  0.6100E-11  0.5720E-11
  0.5257E-11  0.4751E-11  0.3666E-11  0.2627E-11  0.1561E-11
  0.8261E-12  0.3896E-12  0.1637E-12  0.2046E-13  0.1616E-14
  0.8054E-16  0.2484E-17  0.1387E-18  0.9421E-19  0.7001E-19
  0.5193E-19  0.4124E-19  0.3290E-19  0.2723E-19  0.2276E-19
  0.1934E-19  0.1667E-19  0.1449E-19  0.1268E-19  0.9984E-20
  0.8165E-20  0.5191E-20  0.3619E-20  0.2651E-20  0.2064E-20
  0.1580E-20  0.1233E-20  0.5345E-21  0.3688E-21  0.2360E-21
  0.1639E-21  0.1204E-21  0.9218E-22  0.5899E-22  0.4097E-22
  0.3010E-22  0.1324E-10  0.1312E-10  0.1276E-10  0.1218E-10
  0.1142E-10  0.1051E-10  0.9506E-11  0.7352E-11  0.5285E-11
  0.3154E-11  0.1679E-11  0.7975E-12  0.3376E-12  0.4300E-13
  0.3475E-14  0.1780E-15  0.6139E-17  0.3562E-18  0.2419E-18
  0.1798E-18  0.1332E-18  0.1058E-18  0.8438E-19  0.6993E-19
  0.5831E-19  0.4970E-19  0.4271E-19  0.3721E-19  0.3257E-19
  0.2568E-19  0.2087E-19  0.1331E-19  0.9251E-20  0.6787E-20
  0.5229E-20  0.4081E-20  0.3258E-20  0.1434E-20  0.8747E-21
  0.5598E-21  0.3887E-21  0.2856E-21  0.2187E-21  0.1399E-21
  0.9718E-22  0.7140E-22  0.2692E-10  0.2667E-10  0.2595E-10
  0.2477E-10  0.2325E-10  0.2140E-10  0.1938E-10  0.1502E-10
  0.1083E-10  0.6494E-11  0.3477E-11  0.1662E-11  0.7092E-12
  0.9198E-13  0.7602E-14  0.3999E-15  0.1480E-16  0.9206E-18
  0.6251E-18  0.4646E-18  0.3440E-18  0.2734E-18  0.2179E-18
  0.1807E-18  0.1505E-18  0.1285E-18  0.1102E-18  0.9614E-19
  0.8417E-19  0.6639E-19  0.5381E-19  0.3438E-19  0.2386E-19
  0.1752E-19  0.1344E-19  0.1057E-19  0.8511E-20  0.3768E-20
  0.2187E-20  0.1400E-20  0.9720E-21  0.7141E-21  0.5467E-21
  0.3499E-21  0.2430E-21  0.1785E-21  0.5454E-10  0.5405E-10
  0.5258E-10  0.5022E-10  0.4717E-10  0.4345E-10  0.3937E-10
  0.3059E-10  0.2211E-10  0.1332E-10  0.7168E-11  0.3448E-11
  0.1482E-11  0.1955E-12  0.1650E-13  0.8902E-15  0.3468E-16
  0.2350E-17  0.1595E-17  0.1186E-17  0.8776E-18  0.6974E-18
  0.5559E-18  0.4610E-18  0.3839E-18  0.3278E-18  0.2812E-18
  0.2453E-18  0.2148E-18  0.1694E-18  0.1372E-18  0.8769E-19
  0.6082E-19  0.4467E-19  0.3422E-19  0.2698E-19  0.2180E-19
  0.9673E-20  0.5508E-20  0.3525E-20  0.2448E-20  0.1798E-20
  0.1377E-20  0.8812E-21  0.6119E-21  0.4496E-21  0.1106E-09
  0.1096E-09  0.1066E-09  0.1019E-09  0.9575E-10  0.8826E-10
  0.8005E-10  0.6232E-10  0.4518E-10  0.2733E-10  0.1478E-10
  0.7156E-11  0.3097E-11  0.4157E-12  0.3582E-13  0.1982E-14
  0.8081E-16  0.6011E-17  0.4079E-17  0.3032E-17  0.2244E-17
  0.1783E-17  0.1421E-17  0.1179E-17  0.9814E-18  0.8381E-18
  0.7187E-18  0.6270E-18  0.5490E-18  0.4332E-18  0.3506E-18
  0.2241E-18  0.1554E-18  0.1142E-18  0.8739E-19  0.6899E-19
  0.5582E-19  0.2479E-19  0.1401E-19  0.8965E-20  0.6226E-20
  0.4574E-20  0.3502E-20  0.2241E-20  0.1556E-20  0.1143E-20
  0.2275E-09  0.2255E-09  0.2195E-09  0.2098E-09  0.1973E-09
  0.1820E-09  0.1652E-09  0.1289E-09  0.9370E-10  0.5692E-10
  0.3096E-10  0.1508E-10  0.6577E-11  0.8985E-12  0.7912E-13
  0.4495E-14  0.1917E-15  0.1566E-16  0.1062E-16  0.7894E-17
  0.5842E-17  0.4642E-17  0.3700E-17  0.3068E-17  0.2555E-17
  0.2182E-17  0.1871E-17  0.1632E-17  0.1429E-17  0.1128E-17
  0.9125E-18  0.5834E-18  0.4046E-18  0.2972E-18  0.2274E-18
  0.1796E-18  0.1454E-18  0.6459E-19  0.3639E-19  0.2329E-19
  0.1617E-19  0.1188E-19  0.9097E-20  0.5822E-20  0.4043E-20
  0.2970E-20  0.4754E-09  0.4712E-09  0.4588E-09  0.4387E-09
  0.4127E-09  0.3810E-09  0.3461E-09  0.2707E-09  0.1974E-09
  0.1205E-09  0.6590E-10  0.3232E-10  0.1420E-10  0.1976E-11
  0.1780E-12  0.1039E-13  0.4643E-15  0.4152E-16  0.2816E-16
  0.2092E-16  0.1548E-16  0.1230E-16  0.9803E-17  0.8130E-17
  0.6769E-17  0.5781E-17  0.4957E-17  0.4325E-17  0.3787E-17
  0.2988E-17  0.2418E-17  0.1546E-17  0.1072E-17  0.7872E-18
  0.6024E-18  0.4759E-18  0.3853E-18  0.1712E-18  0.9634E-19
  0.6165E-19  0.4281E-19  0.3145E-19  0.2408E-19  0.1541E-19
  0.1070E-19  0.7863E-20  0.1008E-08  0.9990E-09  0.9729E-09
  0.9307E-09  0.8761E-09  0.8094E-09  0.7361E-09  0.5770E-09
  0.4220E-09  0.2588E-09  0.1424E-09  0.7029E-10  0.3113E-10
  0.4414E-11  0.4069E-12  0.2445E-13  0.1138E-14  0.1119E-15
  0.7584E-16  0.5634E-16  0.4169E-16  0.3312E-16  0.2639E-16
  0.2189E-16  0.1822E-16  0.1556E-16  0.1334E-16  0.1164E-16
  0.1019E-16  0.8043E-17  0.6508E-17  0.4161E-17  0.2885E-17
  0.2119E-17  0.1622E-17  0.1281E-17  0.1037E-17  0.4608E-18
  0.2593E-18  0.1659E-18  0.1152E-18  0.8464E-19  0.6480E-19
  0.4147E-19  0.2880E-19  0.2116E-19  0.2155E-08  0.2137E-08
  0.2082E-08  0.1992E-08  0.1876E-08  0.1735E-08  0.1579E-08
  0.1241E-08  0.9102E-09  0.5609E-09  0.3104E-09  0.1543E-09
  0.6889E-10  0.9957E-11  0.9396E-12  0.5813E-13  0.2823E-14
  0.3041E-15  0.2061E-15  0.1531E-15  0.1133E-15  0.9000E-16
  0.7171E-16  0.5947E-16  0.4952E-16  0.4229E-16  0.3625E-16
  0.3163E-16  0.2770E-16  0.2185E-16  0.1768E-16  0.1130E-16
  0.7839E-17  0.5757E-17  0.4405E-17  0.3480E-17  0.2818E-17
  0.1252E-17  0.7043E-18  0.4507E-18  0.3130E-18  0.2299E-18
  0.1760E-18  0.1127E-18  0.7824E-19  0.5748E-19  0.4642E-08
  0.4603E-08  0.4485E-08  0.4294E-08  0.4047E-08  0.3745E-08
  0.3412E-08  0.2687E-08  0.1978E-08  0.1224E-08  0.6817E-09
  0.3413E-09  0.1536E-09  0.2263E-10  0.2187E-11  0.1394E-12
  0.7100E-14  0.8329E-15  0.5644E-15  0.4192E-15  0.3101E-15
  0.2464E-15  0.1963E-15  0.1628E-15  0.1355E-15  0.1157E-15
  0.9922E-16  0.8657E-16  0.7580E-16  0.5980E-16  0.4839E-16
  0.3094E-16  0.2145E-16  0.1576E-16  0.1206E-16  0.9524E-17
  0.7712E-17  0.3426E-17  0.1927E-17  0.1233E-17  0.8564E-18
  0.6292E-18  0.4817E-18  0.3083E-18  0.2141E-18  0.1573E-18
  0.1006E-07  0.9973E-08  0.9721E-08  0.9311E-08  0.8781E-08
  0.8131E-08  0.7416E-08  0.5855E-08  0.4322E-08  0.2690E-08
  0.1506E-08  0.7595E-09  0.3446E-09  0.5180E-10  0.5129E-11
  0.3369E-12  0.1804E-13  0.2294E-14  0.1554E-14  0.1154E-14
  0.8537E-15  0.6782E-15  0.5403E-15  0.4480E-15  0.3730E-15
  0.3185E-15  0.2731E-15  0.2383E-15  0.2086E-15  0.1646E-15
  0.1332E-15  0.8514E-16  0.5904E-16  0.4336E-16  0.3318E-16
  0.2621E-16  0.2123E-16  0.9430E-17  0.5304E-17  0.3394E-17
  0.2357E-17  0.1732E-17  0.1326E-17  0.8485E-18  0.5892E-18
  0.4329E-18  0.2191E-07  0.2173E-07  0.2118E-07  0.2030E-07
  0.1915E-07  0.1775E-07  0.1621E-07  0.1283E-07  0.9500E-08
  0.5941E-08  0.3348E-08  0.1700E-08  0.7779E-09  0.1193E-09
  0.1210E-10  0.8199E-12  0.4626E-13  0.6353E-14  0.4302E-14
  0.3195E-14  0.2362E-14  0.1876E-14  0.1495E-14  0.1240E-14
  0.1032E-14  0.8812E-15  0.7555E-15  0.6591E-15  0.5771E-15
  0.4553E-15  0.3684E-15  0.2355E-15  0.1633E-15  0.1199E-15
  0.9178E-16  0.7251E-16  0.5872E-16  0.2609E-16  0.1467E-16
  0.9389E-17  0.6520E-17  0.4790E-17  0.3667E-17  0.2347E-17
  0.1630E-17  0.1197E-17  0.4780E-07  0.4740E-07  0.4623E-07
  0.4432E-07  0.4185E-07  0.3882E-07  0.3547E-07  0.2814E-07
  0.2091E-07  0.1314E-07  0.7451E-08  0.3811E-08  0.1758E-08
  0.2751E-09  0.2861E-10  0.1999E-11  0.1190E-12  0.1759E-13
  0.1191E-13  0.8840E-14  0.6535E-14  0.5191E-14  0.4135E-14
  0.3429E-14  0.2855E-14  0.2438E-14  0.2090E-14  0.1823E-14
  0.1596E-14  0.1259E-14  0.1019E-14  0.6514E-15  0.4517E-15
  0.3318E-15  0.2538E-15  0.2005E-15  0.1624E-15  0.7215E-16
  0.4058E-16  0.2597E-16  0.1803E-16  0.1325E-16  0.1014E-16
  0.6491E-17  0.4508E-17  0.3312E-17  0.1040E-06  0.1031E-06
  0.1006E-06  0.9650E-07  0.9117E-07  0.8464E-07  0.7741E-07
  0.6158E-07  0.4590E-07  0.2899E-07  0.1654E-07  0.8521E-08
  0.3965E-08  0.6327E-09  0.6745E-10  0.4863E-11  0.3056E-12
  0.4847E-13  0.3280E-13  0.2435E-13  0.1800E-13  0.1430E-13
  0.1139E-13  0.9442E-14  0.7860E-14  0.6712E-14  0.5754E-14
  0.5020E-14  0.4395E-14  0.3467E-14  0.2805E-14  0.1794E-14
  0.1244E-14  0.9134E-15  0.6989E-15  0.5521E-15  0.4471E-15
  0.1986E-15  0.1117E-15  0.7149E-16  0.4964E-16  0.3647E-16
  0.2792E-16  0.1787E-16  0.1241E-16  0.9118E-17  0.2258E-06
  0.2240E-06  0.2185E-06  0.2097E-06  0.1982E-06  0.1842E-06
  0.1686E-06  0.1345E-06  0.1006E-06  0.6384E-07  0.3664E-07
  0.1902E-07  0.8922E-08  0.1453E-08  0.1588E-09  0.1182E-10
  0.7850E-12  0.1330E-12  0.8998E-13  0.6679E-13  0.4936E-13
  0.3920E-13  0.3123E-13  0.2589E-13  0.2155E-13  0.1840E-13
  0.1578E-13  0.1376E-13  0.1205E-13  0.9506E-14  0.7692E-14
  0.4917E-14  0.3409E-14  0.2504E-14  0.1916E-14  0.1514E-14
  0.1226E-14  0.5446E-15  0.3063E-15  0.1960E-15  0.1361E-15
  0.9999E-16  0.7655E-16  0.4899E-16  0.3402E-16  0.2500E-16
  0.4869E-06  0.4830E-06  0.4714E-06  0.4526E-06  0.4281E-06
  0.3981E-06  0.3648E-06  0.2917E-06  0.2188E-06  0.1396E-06
  0.8062E-07  0.4215E-07  0.1994E-07  0.3313E-08  0.3712E-09
  0.2852E-10  0.2003E-11  0.3614E-12  0.2443E-12  0.1813E-12
  0.1340E-12  0.1064E-12  0.8473E-13  0.7025E-13  0.5848E-13
  0.4993E-13  0.4281E-13  0.3734E-13  0.3270E-13  0.2579E-13
  0.2087E-13  0.1334E-13  0.9250E-14  0.6794E-14  0.5198E-14
  0.4107E-14  0.3325E-14  0.1477E-14  0.8309E-15  0.5317E-15
  0.3692E-15  0.2713E-15  0.2077E-15  0.1329E-15  0.9230E-16
  0.6781E-16  0.1042E-05  0.1034E-05  0.1009E-05  0.9692E-06
  0.9174E-06  0.8537E-06  0.7831E-06  0.6276E-06  0.4723E-06
  0.3029E-06  0.1760E-06  0.9266E-07  0.4421E-07  0.7494E-08
  0.8606E-09  0.6828E-10  0.5071E-11  0.9712E-12  0.6559E-12
  0.4867E-12  0.3596E-12  0.2855E-12  0.2274E-12  0.1885E-12
  0.1569E-12  0.1340E-12  0.1149E-12  0.1002E-12  0.8773E-13
  0.6921E-13  0.5599E-13  0.3579E-13  0.2482E-13  0.1823E-13
  0.1395E-13  0.1102E-13  0.8922E-14  0.3964E-14  0.2229E-14
  0.1427E-14  0.9907E-15  0.7278E-15  0.5572E-15  0.3566E-15
  0.2477E-15  0.1819E-15  0.2196E-05  0.2179E-05  0.2128E-05
  0.2045E-05  0.1936E-05  0.1803E-05  0.1656E-05  0.1330E-05
  0.1004E-05  0.6471E-06  0.3782E-06  0.2006E-06  0.9646E-07
  0.1667E-07  0.1962E-08  0.1606E-09  0.1261E-10  0.2555E-11
  0.1724E-11  0.1279E-11  0.9449E-12  0.7503E-12  0.5975E-12
  0.4954E-12  0.4123E-12  0.3521E-12  0.3018E-12  0.2633E-12
  0.2305E-12  0.1818E-12  0.1471E-12  0.9404E-13  0.6520E-13
  0.4789E-13  0.3664E-13  0.2895E-13  0.2344E-13  0.1041E-13
  0.5857E-14  0.3748E-14  0.2603E-14  0.1912E-14  0.1464E-14
  0.9369E-15  0.6506E-15  0.4780E-15  0.4568E-05  0.4533E-05
  0.4428E-05  0.4257E-05  0.4034E-05  0.3760E-05  0.3455E-05
  0.2783E-05  0.2107E-05  0.1364E-05  0.8022E-06  0.4283E-06
  0.2077E-06  0.3660E-07  0.4412E-08  0.3729E-09  0.3096E-10
  0.6609E-11  0.4457E-11  0.3306E-11  0.2442E-11  0.1939E-11
  0.1544E-11  0.1280E-11  0.1065E-11  0.9095E-12  0.7796E-12
  0.6801E-12  0.5954E-12  0.4697E-12  0.3800E-12  0.2429E-12
  0.1684E-12  0.1237E-12  0.9464E-13  0.7477E-13  0.6054E-13
  0.2690E-13  0.1513E-13  0.9681E-14  0.6722E-14  0.4939E-14
  0.3781E-14  0.2420E-14  0.1681E-14  0.1235E-14  0.9396E-05
  0.9324E-05  0.9110E-05  0.8762E-05  0.8308E-05  0.7750E-05
  0.7129E-05  0.5755E-05  0.4372E-05  0.2844E-05  0.1682E-05
  0.9044E-06  0.4421E-06  0.7943E-07  0.9806E-08  0.8555E-09
  0.7507E-10  0.1683E-10  0.1134E-10  0.8407E-11  0.6208E-11
  0.4929E-11  0.3925E-11  0.3254E-11  0.2708E-11  0.2312E-11
  0.1982E-11  0.1729E-11  0.1514E-11  0.1194E-11  0.9659E-12
  0.6175E-12  0.4281E-12  0.3144E-12  0.2406E-12  0.1901E-12
  0.1539E-12  0.6837E-13  0.3845E-13  0.2461E-13  0.1709E-13
  0.1255E-13  0.9611E-14  0.6151E-14  0.4272E-14  0.3138E-14
  0.1909E-04  0.1894E-04  0.1851E-04  0.1781E-04  0.1690E-04
  0.1578E-04  0.1453E-04  0.1175E-04  0.8956E-05  0.5854E-05
  0.3483E-05  0.1886E-05  0.9290E-06  0.1702E-06  0.2151E-07
  0.1938E-08  0.1796E-09  0.4208E-10  0.2832E-10  0.2100E-10
  0.1551E-10  0.1231E-10  0.9802E-11  0.8126E-11  0.6762E-11
  0.5774E-11  0.4949E-11  0.4317E-11  0.3780E-11  0.2981E-11
  0.2412E-11  0.1542E-11  0.1069E-11  0.7851E-12  0.6007E-12
  0.4746E-12  0.3843E-12  0.1707E-12  0.9601E-13  0.6144E-13
  0.4267E-13  0.3135E-13  0.2400E-13  0.1536E-13  0.1067E-13
  0.7836E-14  0.3840E-04  0.3811E-04  0.3725E-04  0.3586E-04
  0.3405E-04  0.3181E-04  0.2931E-04  0.2378E-04  0.1817E-04
  0.1194E-04  0.7142E-05  0.3893E-05  0.1934E-05  0.3610E-06
  0.4676E-07  0.4349E-08  0.4252E-09  0.1037E-09  0.6972E-10
  0.5170E-10  0.3816E-10  0.3029E-10  0.2412E-10  0.1999E-10
  0.1664E-10  0.1420E-10  0.1218E-10  0.1062E-10  0.9298E-11
  0.7334E-11  0.5933E-11  0.3793E-11  0.2630E-11  0.1931E-11
  0.1478E-11  0.1167E-11  0.9452E-12  0.4199E-12  0.2362E-12
  0.1511E-12  0.1050E-12  0.7711E-13  0.5903E-13  0.3778E-13
  0.2624E-13  0.1928E-13  0.7661E-04  0.7605E-04  0.7436E-04
  0.7161E-04  0.6802E-04  0.6360E-04  0.5867E-04  0.4770E-04
  0.3657E-04  0.2413E-04  0.1453E-04  0.7974E-05  0.3992E-05
  0.7599E-06  0.1008E-06  0.9684E-08  0.9976E-09  0.2521E-09
  0.1692E-09  0.1255E-09  0.9262E-10  0.7352E-10  0.5853E-10
  0.4851E-10  0.4037E-10  0.3447E-10  0.2954E-10  0.2577E-10
  0.2256E-10  0.1780E-10  0.1440E-10  0.9202E-11  0.6380E-11
  0.4685E-11  0.3585E-11  0.2832E-11  0.2293E-11  0.1019E-11
  0.5730E-12  0.3667E-12  0.2546E-12  0.1871E-12  0.1432E-12
  0.9166E-13  0.6365E-13  0.4677E-13  0.1517E-03  0.1506E-03
  0.1473E-03  0.1419E-03  0.1349E-03  0.1262E-03  0.1165E-03
  0.9498E-04  0.7303E-04  0.4843E-04  0.2932E-04  0.1621E-04
  0.8181E-05  0.1588E-05  0.2159E-06  0.2142E-07  0.2321E-08
  0.6052E-09  0.4066E-09  0.3007E-09  0.2219E-09  0.1761E-09
  0.1402E-09  0.1162E-09  0.9670E-10  0.8255E-10  0.7077E-10
  0.6174E-10  0.5405E-10  0.4263E-10  0.3449E-10  0.2204E-10
  0.1528E-10  0.1122E-10  0.8588E-11  0.6784E-11  0.5494E-11
  0.2441E-11  0.1373E-11  0.8784E-12  0.6099E-12  0.4481E-12
  0.3431E-12  0.2196E-12  0.1525E-12  0.1120E-12  0.3003E-03
  0.2982E-03  0.2917E-03  0.2812E-03  0.2674E-03  0.2504E-03
  0.2314E-03  0.1891E-03  0.1459E-03  0.9721E-04  0.5921E-04
  0.3297E-04  0.1678E-04  0.3323E-05  0.4632E-06  0.4752E-07
  0.5408E-08  0.1447E-08  0.9729E-09  0.7192E-09  0.5305E-09
  0.4210E-09  0.3350E-09  0.2777E-09  0.2310E-09  0.1972E-09
  0.1687E-09  0.1472E-09  0.1288E-09  0.1016E-09  0.8221E-10
  0.5254E-10  0.3643E-10  0.2675E-10  0.2047E-10  0.1617E-10
  0.1310E-10  0.5818E-11  0.3272E-11  0.2094E-11  0.1454E-11
  0.1068E-11  0.8180E-12  0.5235E-12  0.3635E-12  0.2671E-12
  0.5997E-03  0.5955E-03  0.5827E-03  0.5620E-03  0.5348E-03
  0.5013E-03  0.4637E-03  0.3799E-03  0.2940E-03  0.1970E-03
  0.1207E-03  0.6774E-04  0.3478E-04  0.7033E-05  0.1007E-05
  0.1069E-06  0.1274E-07  0.3474E-08  0.2336E-08  0.1729E-08
  0.1275E-08  0.1011E-08  0.8045E-09  0.6667E-09  0.5546E-09
  0.4734E-09  0.4049E-09  0.3532E-09  0.3092E-09  0.2438E-09
  0.1972E-09  0.1260E-09  0.8736E-10  0.6415E-10  0.4908E-10
  0.3877E-10  0.3139E-10  0.1394E-10  0.7841E-11  0.5017E-11
  0.3484E-11  0.2558E-11  0.1958E-11  0.1253E-11  0.8704E-12
  0.6395E-12  0.1221E-02  0.1212E-02  0.1187E-02  0.1145E-02
  0.1090E-02  0.1023E-02  0.9474E-03  0.7782E-03  0.6044E-03
  0.4072E-03  0.2514E-03  0.1422E-03  0.7367E-04  0.1524E-04
  0.2243E-05  0.2473E-06  0.3074E-07  0.8461E-08  0.5687E-08
  0.4207E-08  0.3101E-08  0.2460E-08  0.1956E-08  0.1621E-08
  0.1348E-08  0.1151E-08  0.9853E-09  0.8594E-09  0.7521E-09
  0.5930E-09  0.4796E-09  0.3064E-09  0.2123E-09  0.1559E-09
  0.1193E-09  0.9421E-10  0.7627E-10  0.3387E-10  0.1904E-10
  0.1218E-10  0.8457E-11  0.6209E-11  0.4755E-11  0.3040E-11
  0.2111E-11  0.1551E-11  0.2571E-02  0.2553E-02  0.2500E-02
  0.2414E-02  0.2300E-02  0.2160E-02  0.2003E-02  0.1650E-02
  0.1287E-02  0.8724E-03  0.5426E-03  0.3096E-03  0.1622E-03
  0.3441E-04  0.5220E-05  0.5987E-06  0.7725E-07  0.2122E-07
  0.1425E-07  0.1054E-07  0.7761E-08  0.6155E-08  0.4894E-08
  0.4055E-08  0.3372E-08  0.2878E-08  0.2464E-08  0.2149E-08
  0.1881E-08  0.1483E-08  0.1199E-08  0.7659E-09  0.5306E-09
  0.3896E-09  0.2979E-09  0.2353E-09  0.1905E-09  0.8457E-10
  0.4754E-10  0.3042E-10  0.2111E-10  0.1550E-10  0.1187E-10
  0.7583E-11  0.5266E-11  0.3869E-11  0.5706E-02  0.5667E-02
  0.5552E-02  0.5363E-02  0.5116E-02  0.4809E-02  0.4465E-02
  0.3692E-02  0.2892E-02  0.1974E-02  0.1238E-02  0.7139E-03
  0.3783E-03  0.8256E-04  0.1296E-04  0.1551E-05  0.2067E-06
  0.5579E-07  0.3741E-07  0.2765E-07  0.2036E-07  0.1614E-07
  0.1283E-07  0.1062E-07  0.8832E-08  0.7538E-08  0.6454E-08
  0.5629E-08  0.4924E-08  0.3881E-08  0.3138E-08  0.2004E-08
  0.1388E-08  0.1019E-08  0.7791E-09  0.6154E-09  0.4981E-09
  0.2211E-09  0.1242E-09  0.7947E-10  0.5515E-10  0.4049E-10
  0.3103E-10  0.1979E-10  0.1374E-10  0.1010E-10  0.1363E-01
  0.1354E-01  0.1327E-01  0.1283E-01  0.1225E-01  0.1153E-01
  0.1072E-01  0.8901E-02  0.7008E-02  0.4823E-02  0.3055E-02
  0.1782E-02  0.9570E-03  0.2157E-03  0.3524E-04  0.4410E-05
  0.6032E-06  0.1569E-06  0.1050E-06  0.7754E-07  0.5704E-07
  0.4519E-07  0.3590E-07  0.2973E-07  0.2470E-07  0.2108E-07
  0.1804E-07  0.1574E-07  0.1376E-07  0.1084E-07  0.8765E-08
  0.5596E-08  0.3874E-08  0.2843E-08  0.2173E-08  0.1716E-08
  0.1389E-08  0.6161E-09  0.3461E-09  0.2214E-09  0.1536E-09
  0.1127E-09  0.8643E-10  0.5504E-10  0.3822E-10  0.2808E-10
  0.3561E-01  0.3538E-01  0.3469E-01  0.3357E-01  0.3209E-01
  0.3025E-01  0.2818E-01  0.2350E-01  0.1861E-01  0.1293E-01
  0.8282E-02  0.4895E-02  0.2669E-02  0.6242E-03  0.1066E-03
  0.1401E-04  0.1957E-05  0.4786E-06  0.3199E-06  0.2358E-06
  0.1733E-06  0.1372E-06  0.1089E-06  0.9013E-07  0.7484E-07
  0.6385E-07  0.5463E-07  0.4763E-07  0.4164E-07  0.3279E-07
  0.2650E-07  0.1690E-07  0.1169E-07  0.8579E-08  0.6555E-08
  0.5176E-08  0.4187E-08  0.1856E-08  0.1042E-08  0.6663E-09
  0.4619E-09  0.3390E-09  0.2600E-09  0.1651E-09  0.1147E-09
  0.8426E-10  0.1036E+00  0.1029E+00  0.1010E+00  0.9781E-01
  0.9361E-01  0.8841E-01  0.8253E-01  0.6918E-01  0.5515E-01
  0.3871E-01  0.2512E-01  0.1507E-01  0.8363E-02  0.2038E-02
  0.3661E-03  0.5077E-04  0.7232E-05  0.1635E-05  0.1083E-05
  0.7961E-06  0.5839E-06  0.4616E-06  0.3660E-06  0.3027E-06
  0.2511E-06  0.2141E-06  0.1830E-06  0.1595E-06  0.1394E-06
  0.1097E-06  0.8856E-07  0.5643E-07  0.3899E-07  0.2859E-07
  0.2182E-07  0.1723E-07  0.1393E-07  0.6165E-08  0.3458E-08
  0.2210E-08  0.1531E-08  0.1122E-08  0.8620E-09  0.5449E-09
  0.3784E-09  0.2780E-09  0.3428E+00  0.3407E+00  0.3345E+00
  0.3243E+00  0.3109E+00  0.2942E+00  0.2752E+00  0.2321E+00
  0.1864E+00  0.1324E+00  0.8717E-01  0.5320E-01  0.3010E-01
  0.7688E-02  0.1461E-02  0.2152E-03  0.3141E-04  0.6411E-05
  0.4206E-05  0.3078E-05  0.2252E-05  0.1776E-05  0.1405E-05
  0.1161E-05  0.9613E-06  0.8189E-06  0.6991E-06  0.6090E-06
  0.5314E-06  0.4175E-06  0.3368E-06  0.2141E-06  0.1476E-06
  0.1081E-06  0.8243E-07  0.6503E-07  0.5252E-07  0.2319E-07
  0.1298E-07  0.8291E-08  0.5733E-08  0.4198E-08  0.3230E-08
  0.2025E-08  0.1406E-08  0.1033E-08  0.1301E+01  0.1294E+01
  0.1271E+01  0.1234E+01  0.1184E+01  0.1123E+01  0.1053E+01
  0.8941E+00  0.7243E+00  0.5212E+00  0.3487E+00  0.2168E+00
  0.1254E+00  0.3372E-01  0.6818E-02  0.1074E-02  0.1619E-03
  0.2945E-04  0.1896E-04  0.1378E-04  0.1004E-04  0.7893E-05
  0.6228E-05  0.5132E-05  0.4240E-05  0.3606E-05  0.3073E-05
  0.2674E-05  0.2329E-05  0.1826E-05  0.1470E-05  0.9315E-06
  0.6400E-06  0.4679E-06  0.3559E-06  0.2805E-06  0.2262E-06
  0.9947E-07  0.5552E-07  0.3540E-07  0.2440E-07  0.1783E-07
  0.1376E-07  0.8509E-08  0.5909E-08  0.4341E-08  0.5699E+01
  0.5668E+01  0.5572E+01  0.5416E+01  0.5209E+01  0.4951E+01
  0.4657E+01  0.3981E+01  0.3255E+01  0.2376E+01  0.1618E+01
  0.1027E+01  0.6083E+00  0.1732E+00  0.3753E-01  0.6381E-02
  0.1008E-02  0.1616E-03  0.1017E-03  0.7316E-04  0.5309E-04
  0.4150E-04  0.3262E-04  0.2679E-04  0.2207E-04  0.1873E-04
  0.1591E-04  0.1382E-04  0.1201E-04  0.9387E-05  0.7537E-05
  0.4751E-05  0.3249E-05  0.2369E-05  0.1796E-05  0.1413E-05
  0.1137E-05  0.4969E-06  0.2761E-06  0.1756E-06  0.1205E-06
  0.8770E-07  0.6801E-07  0.3959E-07  0.2859E-07  0.2101E-07
  0.2786E+02  0.2771E+02  0.2727E+02  0.2655E+02  0.2558E+02
  0.2437E+02  0.2300E+02  0.1981E+02  0.1636E+02  0.1213E+02
  0.8416E+01  0.5464E+01  0.3321E+01  0.1006E+01  0.2353E+00
  0.4369E-01  0.7413E-02  0.1076E-02  0.6587E-03  0.4683E-03
  0.3380E-03  0.2624E-03  0.2054E-03  0.1679E-03  0.1378E-03
  0.1166E-03  0.9878E-04  0.8558E-04  0.7420E-04  0.5774E-04
  0.4620E-04  0.2892E-04  0.1966E-04  0.1428E-04  0.1078E-04
  0.8458E-05  0.6789E-05  0.2942E-05  0.1625E-05  0.1030E-05
  0.7023E-06  0.5084E-06  0.3965E-06  0.2482E-06  0.1619E-06
  0.1189E-06  0.1471E+03  0.1464E+03  0.1442E+03  0.1405E+03
  0.1357E+03  0.1296E+03  0.1226E+03  0.1065E+03  0.8878E+02
  0.6684E+02  0.4725E+02  0.3137E+02  0.1956E+02  0.6300E+01
  0.1586E+01  0.3192E+00  0.5740E-01  0.7272E-02  0.4322E-02
  0.3053E-02  0.2198E-02  0.1700E-02  0.1329E-02  0.1083E-02
  0.8880E-03  0.7495E-03  0.6344E-03  0.5488E-03  0.4753E-03
  0.3691E-03  0.2949E-03  0.1839E-03  0.1247E-03  0.9035E-04
  0.6813E-04  0.5336E-04  0.4278E-04  0.1846E-04  0.1017E-04
  0.6430E-05  0.4371E-05  0.3155E-05  0.2467E-05  0.1591E-05
  0.9520E-06  0.7291E-06  0.7162E+03  0.7128E+03  0.7024E+03
  0.6855E+03  0.6628E+03  0.6344E+03  0.6018E+03  0.5257E+03
  0.4418E+03  0.3367E+03  0.2416E+03  0.1631E+03  0.1037E+03
  0.3485E+02  0.9172E+01  0.1895E+01  0.3194E+00  0.2233E-01
  0.1343E-01  0.1025E-01  0.7453E-02  0.5950E-02  0.4728E-02
  0.3937E-02  0.3271E-02  0.2804E-02  0.2399E-02  0.2100E-02
  0.1835E-02  0.1450E-02  0.1174E-02  0.7541E-03  0.5230E-03
  0.3854E-03  0.2948E-03  0.2335E-03  0.1889E-03  0.8432E-04
  0.4747E-04  0.3045E-04  0.2117E-04  0.1557E-04  0.1201E-04
  0.7723E-05  0.5171E-05  0.3927E-05  0.2637E+04  0.2624E+04
  0.2587E+04  0.2527E+04  0.2446E+04  0.2344E+04  0.2227E+04
  0.1954E+04  0.1651E+04  0.1268E+04  0.9176E+03  0.6256E+03
  0.4014E+03  0.1369E+03  0.3553E+02  0.6459E+01  0.4241E+00
 -0.2934E+00 -0.1552E+00 -0.9347E-01 -0.6250E-01 -0.4347E-01
 -0.3201E-01 -0.2398E-01 -0.1862E-01 -0.1461E-01 -0.1176E-01
 -0.9528E-02 -0.7876E-02 -0.5514E-02 -0.4009E-02 -0.1963E-02
 -0.1057E-02 -0.5998E-03 -0.3548E-03 -0.2114E-03 -0.1304E-03
  0.1284E-04  0.3127E-04  0.3045E-04  0.3172E-04  0.2985E-04
  0.2013E-04  0.1232E-04  0.1475E-04  0.1490E-04  0.6371E+04
  0.6341E+04  0.6252E+04  0.6105E+04  0.5909E+04  0.5663E+04
  0.5379E+04  0.4715E+04  0.3977E+04  0.3043E+04  0.2187E+04
  0.1473E+04  0.9242E+03  0.2832E+03  0.4820E+02 -0.9023E+01
 -0.1371E+02 -0.6583E+01 -0.3549E+01 -0.2243E+01 -0.1541E+01
 -0.1116E+01 -0.8410E+00 -0.6528E+00 -0.5193E+00 -0.4212E+00
 -0.3473E+00 -0.2905E+00 -0.2459E+00 -0.1818E+00 -0.1392E+00
 -0.7865E-01 -0.4920E-01 -0.3311E-01 -0.2350E-01 -0.1739E-01
 -0.1336E-01 -0.4717E-02 -0.2234E-02 -0.1251E-02 -0.6868E-03
 -0.3929E-03 -0.3471E-03 -0.2314E-03 -0.5046E-04  0.3117E-04
  0.1653E+05  0.1646E+05  0.1624E+05  0.1588E+05  0.1540E+05
  0.1480E+05  0.1409E+05  0.1244E+05  0.1059E+05  0.8228E+04
  0.6021E+04  0.4140E+04  0.2660E+04  0.8586E+03  0.1486E+03
 -0.4233E+02 -0.6194E+02 -0.3332E+02 -0.1829E+02 -0.1151E+02
 -0.7878E+01 -0.5695E+01 -0.4290E+01 -0.3328E+01 -0.2648E+01
 -0.2147E+01 -0.1771E+01 -0.1482E+01 -0.1255E+01 -0.9287E+00
 -0.7118E+00 -0.4029E+00 -0.2527E+00 -0.1703E+00 -0.1213E+00
 -0.8986E-01 -0.6922E-01 -0.2464E-01 -0.1177E-01 -0.6634E-02
 -0.3732E-02 -0.2205E-02 -0.1847E-02 -0.1189E-02 -0.2988E-03
  0.1057E-03  0.4975E+05  0.4956E+05  0.4900E+05  0.4808E+05
  0.4682E+05  0.4525E+05  0.4341E+05  0.3906E+05  0.3410E+05
  0.2759E+05  0.2131E+05  0.1572E+05  0.1109E+05  0.4832E+04
  0.1790E+04  0.5840E+03  0.1826E+03  0.3057E+02  0.1421E+02
  0.9240E+01  0.6542E+01  0.4861E+01  0.3714E+01  0.2932E+01
  0.2352E+01  0.1934E+01  0.1604E+01  0.1357E+01  0.1154E+01
  0.8647E+00  0.6699E+00  0.3898E+00  0.2492E+00  0.1719E+00
  0.1241E+00  0.9377E-01  0.7283E-01  0.2770E-01  0.1392E-01
  0.8236E-02  0.4893E-02  0.3085E-02  0.2827E-02  0.1999E-02
  0.8592E-03  0.3051E-03  0.1101E+06  0.1097E+06  0.1086E+06
  0.1068E+06  0.1043E+06  0.1012E+06  0.9747E+05  0.8868E+05
  0.7856E+05  0.6507E+05  0.5179E+05  0.3965E+05  0.2925E+05
  0.1442E+05  0.6442E+04  0.2802E+04  0.1315E+04  0.4582E+03
  0.2396E+03  0.1496E+03  0.1028E+03  0.7482E+02  0.5656E+02
  0.4410E+02  0.3516E+02  0.2863E+02  0.2366E+02  0.1986E+02
  0.1685E+02  0.1252E+02  0.9629E+01  0.5502E+01  0.3476E+01
  0.2362E+01  0.1691E+01  0.1262E+01  0.9756E+00  0.3564E+00
  0.1738E+00  0.9994E-01  0.5788E-01  0.3545E-01  0.3024E-01
  0.2002E-01  0.6841E-02  0.6683E-03  0.1975E+06  0.1968E+06
  0.1950E+06  0.1920E+06  0.1878E+06  0.1826E+06  0.1765E+06
  0.1618E+06  0.1448E+06  0.1218E+06  0.9886E+05  0.7747E+05
  0.5875E+05  0.3095E+05  0.1499E+05  0.7111E+04  0.3613E+04
  0.1424E+04  0.8166E+03  0.5275E+03  0.3639E+03  0.2643E+03
  0.1995E+03  0.1553E+03  0.1238E+03  0.1007E+03  0.8318E+02
  0.6976E+02  0.5917E+02  0.4392E+02  0.3376E+02  0.1926E+02
  0.1215E+02  0.8246E+01  0.5897E+01  0.4396E+01  0.3397E+01
  0.1236E+01  0.6011E+00  0.3446E+00  0.1994E+00  0.1221E+00
  0.1024E+00  0.6679E-01  0.2206E-01  0.1196E-02  0.3221E+06
  0.3212E+06  0.3184E+06  0.3138E+06  0.3075E+06  0.2996E+06
  0.2903E+06  0.2678E+06  0.2415E+06  0.2058E+06  0.1696E+06
  0.1354E+06  0.1049E+06  0.5813E+05  0.2987E+05  0.1507E+05
  0.8079E+04  0.3424E+04  0.2049E+04  0.1343E+04  0.9279E+03
  0.6733E+03  0.5080E+03  0.3952E+03  0.3148E+03  0.2559E+03
  0.2114E+03  0.1772E+03  0.1503E+03  0.1115E+03  0.8569E+02
  0.4884E+02  0.3081E+02  0.2089E+02  0.1494E+02  0.1113E+02
  0.8601E+01  0.3125E+01  0.1518E+01  0.8689E+00  0.5032E+00
  0.3084E+00  0.2559E+00  0.1654E+00  0.5389E-01  0.1968E-02
