  Ple                   3267.   0.03  -0.50   0.09
    50   0.0   0.0    1.0000  0.0001
  46
      4101.742      4101.752      4101.762      4101.772      4101.782
      4101.792      4101.802      4101.822      4101.842      4101.867
      4101.892      4101.917      4101.942      4101.992      4102.042
      4102.092      4102.142      4102.242      4102.342      4102.442
      4102.542      4102.642      4102.742      4102.842      4102.942
      4103.042      4103.142      4103.242      4103.342      4103.542
      4103.742      4104.242      4104.742      4105.242      4105.742
      4106.242      4106.742      4109.242      4111.742      4114.242
      4116.742      4119.242      4121.742      4126.742      4131.742
      4136.742
  0.2095E-13  0.2063E-13  0.1966E-13  0.1813E-13  0.1626E-13
  0.1407E-13  0.1185E-13  0.7578E-14  0.4220E-14  0.1642E-14
  0.4829E-15  0.9284E-16  0.2809E-17 -0.2811E-17 -0.1714E-18
 -0.1754E-20 -0.1162E-20 -0.7817E-21 -0.4696E-21 -0.2955E-21
 -0.3163E-21 -0.1577E-21 -0.2237E-21 -0.1468E-21 -0.6174E-22
 -0.8802E-22 -0.1100E-21 -0.1268E-21 -0.1995E-22 -0.4128E-22
 -0.5650E-22 -0.7981E-22  0.2870E-22  0.2109E-22  0.1614E-22
  0.1275E-22  0.1032E-22  0.4588E-23  0.2580E-23  0.1651E-23
  0.1147E-23  0.8425E-24  0.6450E-24  0.4128E-24  0.2867E-24
  0.2106E-24  0.6256E-13  0.6169E-13  0.5909E-13  0.5496E-13
  0.4988E-13  0.4387E-13  0.3766E-13  0.2541E-13  0.1530E-13
  0.6910E-14  0.2605E-14  0.8179E-15  0.2128E-15  0.7924E-17
  0.1131E-18 -0.8202E-21 -0.7113E-21 -0.4832E-21 -0.2783E-21
 -0.1529E-21 -0.2104E-21 -0.7337E-22 -0.1563E-21 -0.9094E-22
 -0.1517E-22 -0.4822E-22 -0.7582E-22 -0.9701E-22  0.6151E-23
 -0.2067E-22 -0.3983E-22 -0.6914E-22  0.3610E-22  0.2652E-22
  0.2030E-22  0.1604E-22  0.1299E-22  0.5770E-23  0.3246E-23
  0.2077E-23  0.1442E-23  0.1060E-23  0.8113E-24  0.5192E-24
  0.3606E-24  0.2649E-24  0.1371E-12  0.1352E-12  0.1297E-12
  0.1210E-12  0.1102E-12  0.9733E-13  0.8401E-13  0.5752E-13
  0.3532E-13  0.1647E-13  0.6480E-14  0.2151E-14  0.6020E-15
  0.2821E-16  0.6637E-18  0.1160E-20  0.2785E-21  0.1724E-21
  0.1421E-21  0.1602E-21  0.2231E-22  0.1118E-21 -0.8498E-23
  0.3179E-22  0.8712E-22  0.3918E-22 -0.8431E-24 -0.3156E-22
  0.6347E-22  0.2457E-22 -0.3204E-23 -0.4571E-22  0.5235E-22
  0.3846E-22  0.2943E-22  0.2325E-22  0.1883E-22  0.8368E-23
  0.4706E-23  0.3012E-23  0.2092E-23  0.1537E-23  0.1176E-23
  0.7529E-24  0.5229E-24  0.3842E-24  0.2775E-12  0.2738E-12
  0.2629E-12  0.2455E-12  0.2239E-12  0.1983E-12  0.1717E-12
  0.1184E-12  0.7338E-13  0.3474E-13  0.1393E-13  0.4732E-14
  0.1362E-14  0.6860E-16  0.1788E-17  0.5597E-20  0.2571E-20
  0.1691E-20  0.1116E-20  0.8851E-21  0.5610E-21  0.5406E-21
  0.3338E-21  0.3159E-21  0.3239E-21  0.2415E-21  0.1727E-21
  0.1199E-21  0.1962E-21  0.1293E-21  0.8158E-22  0.8525E-23
  0.8997E-22  0.6610E-22  0.5058E-22  0.3996E-22  0.3236E-22
  0.1438E-22  0.8088E-23  0.5176E-23  0.3594E-23  0.2641E-23
  0.2022E-23  0.1294E-23  0.8986E-24  0.6602E-24  0.5450E-12
  0.5379E-12  0.5167E-12  0.4829E-12  0.4410E-12  0.3911E-12
  0.3391E-12  0.2350E-12  0.1465E-12  0.7002E-13  0.2840E-13
  0.9784E-14  0.2862E-14  0.1499E-15  0.4108E-17  0.1571E-19
  0.7969E-20  0.5265E-20  0.3406E-20  0.2591E-20  0.1829E-20
  0.1550E-20  0.1139E-20  0.9845E-21  0.8811E-21  0.7176E-21
  0.5811E-21  0.4764E-21  0.5084E-21  0.3758E-21  0.2811E-21
  0.1361E-21  0.1785E-21  0.1311E-21  0.1003E-21  0.7928E-22
  0.6420E-22  0.2853E-22  0.1604E-22  0.1027E-22  0.7131E-23
  0.5239E-23  0.4011E-23  0.2567E-23  0.1783E-23  0.1310E-23
  0.1057E-11  0.1044E-11  0.1003E-11  0.9380E-12  0.8573E-12
  0.7614E-12  0.6611E-12  0.4597E-12  0.2880E-12  0.1386E-12
  0.5673E-13  0.1975E-13  0.5846E-14  0.3153E-15  0.8951E-17
  0.3910E-19  0.2081E-19  0.1377E-19  0.8855E-20  0.6648E-20
  0.4843E-20  0.3949E-20  0.3054E-20  0.2574E-20  0.2206E-20
  0.1850E-20  0.1552E-20  0.1324E-20  0.1251E-20  0.9618E-21
  0.7554E-21  0.4396E-21  0.3890E-21  0.2857E-21  0.2187E-21
  0.1728E-21  0.1399E-21  0.6217E-22  0.3496E-22  0.2238E-22
  0.1554E-22  0.1142E-22  0.8740E-23  0.5594E-23  0.3885E-23
  0.2854E-23  0.2098E-11  0.2071E-11  0.1991E-11  0.1864E-11
  0.1705E-11  0.1515E-11  0.1317E-11  0.9192E-12  0.5783E-12
  0.2802E-12  0.1156E-12  0.4064E-13  0.1216E-13  0.6735E-15
  0.1976E-16  0.9052E-19  0.5337E-19  0.3532E-19  0.2266E-19
  0.1693E-19  0.1248E-19  0.1003E-19  0.7906E-20  0.6602E-20
  0.5562E-20  0.4717E-20  0.4012E-20  0.3471E-20  0.3132E-20
  0.2446E-20  0.1957E-20  0.1208E-20  0.9221E-21  0.6774E-21
  0.5184E-21  0.4096E-21  0.3317E-21  0.1474E-21  0.8289E-22
  0.5305E-22  0.3684E-22  0.2706E-22  0.2072E-22  0.1326E-22
  0.9209E-23  0.6766E-23  0.4254E-11  0.4200E-11  0.4039E-11
  0.3782E-11  0.3462E-11  0.3081E-11  0.2682E-11  0.1877E-11
  0.1186E-11  0.5785E-12  0.2406E-12  0.8536E-13  0.2583E-13
  0.1468E-14  0.4445E-16  0.3931E-18  0.1379E-18  0.9126E-19
  0.5848E-19  0.4360E-19  0.3229E-19  0.2580E-19  0.2049E-19
  0.1705E-19  0.1427E-19  0.1216E-19  0.1039E-19  0.9041E-20
  0.8011E-20  0.6297E-20  0.5074E-20  0.3202E-20  0.2305E-20
  0.1693E-20  0.1296E-20  0.1024E-20  0.8291E-21  0.3684E-21
  0.2072E-21  0.1326E-21  0.9209E-22  0.6766E-22  0.5180E-22
  0.3315E-22  0.2302E-22  0.1691E-22  0.8608E-11  0.8500E-11
  0.8177E-11  0.7662E-11  0.7019E-11  0.6253E-11  0.5449E-11
  0.3826E-11  0.2427E-11  0.1191E-11  0.4990E-12  0.1786E-12
  0.5459E-13  0.3178E-14  0.9919E-16  0.1363E-17  0.3520E-18
  0.2329E-18  0.1492E-18  0.1111E-18  0.8245E-19  0.6572E-19
  0.5236E-19  0.4350E-19  0.3631E-19  0.3099E-19  0.2655E-19
  0.2314E-19  0.2036E-19  0.1604E-19  0.1296E-19  0.8249E-20
  0.5806E-20  0.4265E-20  0.3264E-20  0.2579E-20  0.2088E-20
  0.9279E-21  0.5219E-21  0.3340E-21  0.2319E-21  0.1704E-21
  0.1305E-21  0.8349E-22  0.5798E-22  0.4260E-22  0.1744E-10
  0.1723E-10  0.1658E-10  0.1554E-10  0.1425E-10  0.1271E-10
  0.1109E-10  0.7807E-11  0.4970E-11  0.2454E-11  0.1036E-11
  0.3740E-12  0.1154E-12  0.6884E-14  0.2214E-15  0.3634E-17
  0.9005E-18  0.5958E-18  0.3814E-18  0.2840E-18  0.2109E-18
  0.1679E-18  0.1339E-18  0.1112E-18  0.9273E-19  0.7920E-19
  0.6790E-19  0.5923E-19  0.5197E-19  0.4100E-19  0.3316E-19
  0.2117E-19  0.1477E-19  0.1085E-19  0.8301E-20  0.6559E-20
  0.5311E-20  0.2360E-20  0.1327E-20  0.8495E-21  0.5899E-21
  0.4334E-21  0.3318E-21  0.2124E-21  0.1475E-21  0.1083E-21
  0.3588E-10  0.3544E-10  0.3412E-10  0.3200E-10  0.2936E-10
  0.2621E-10  0.2290E-10  0.1617E-10  0.1034E-10  0.5137E-11
  0.2185E-11  0.7959E-12  0.2483E-12  0.1518E-13  0.5039E-15
  0.9243E-17  0.2346E-17  0.1552E-17  0.9932E-18  0.7395E-18
  0.5491E-18  0.4371E-18  0.3488E-18  0.2895E-18  0.2413E-18
  0.2062E-18  0.1768E-18  0.1543E-18  0.1352E-18  0.1067E-18
  0.8635E-19  0.5519E-19  0.3837E-19  0.2818E-19  0.2157E-19
  0.1704E-19  0.1380E-19  0.6132E-20  0.3449E-20  0.2207E-20
  0.1533E-20  0.1126E-20  0.8621E-21  0.5517E-21  0.3831E-21
  0.2815E-21  0.7498E-10  0.7406E-10  0.7132E-10  0.6694E-10
  0.6147E-10  0.5493E-10  0.4804E-10  0.3405E-10  0.2185E-10
  0.1093E-10  0.4685E-11  0.1723E-11  0.5432E-12  0.3408E-13
  0.1169E-14  0.2339E-16  0.6222E-17  0.4115E-17  0.2633E-17
  0.1960E-17  0.1455E-17  0.1158E-17  0.9243E-18  0.7673E-18
  0.6394E-18  0.5463E-18  0.4686E-18  0.4089E-18  0.3583E-18
  0.2828E-18  0.2288E-18  0.1463E-18  0.1016E-18  0.7462E-19
  0.5710E-19  0.4512E-19  0.3654E-19  0.1623E-19  0.9131E-20
  0.5843E-20  0.4058E-20  0.2981E-20  0.2282E-20  0.1461E-20
  0.1014E-20  0.7453E-21  0.1590E-09  0.1570E-09  0.1513E-09
  0.1421E-09  0.1306E-09  0.1168E-09  0.1023E-09  0.7273E-10
  0.4688E-10  0.2360E-10  0.1020E-10  0.3787E-11  0.1207E-11
  0.7779E-13  0.2760E-14  0.5910E-16  0.1677E-16  0.1109E-16
  0.7090E-17  0.5278E-17  0.3919E-17  0.3119E-17  0.2489E-17
  0.2066E-17  0.1722E-17  0.1471E-17  0.1262E-17  0.1101E-17
  0.9645E-18  0.7613E-18  0.6161E-18  0.3941E-18  0.2734E-18
  0.2008E-18  0.1537E-18  0.1214E-18  0.9834E-19  0.4369E-19
  0.2458E-19  0.1573E-19  0.1092E-19  0.8024E-20  0.6143E-20
  0.3932E-20  0.2730E-20  0.2006E-20  0.3400E-09  0.3360E-09
  0.3238E-09  0.3043E-09  0.2798E-09  0.2506E-09  0.2198E-09
  0.1568E-09  0.1015E-09  0.5143E-10  0.2241E-10  0.8402E-11
  0.2709E-11  0.1793E-12  0.6586E-14  0.1671E-15  0.4565E-16
  0.3014E-16  0.1927E-16  0.1434E-16  0.1065E-16  0.8476E-17
  0.6764E-17  0.5614E-17  0.4678E-17  0.3997E-17  0.3429E-17
  0.2992E-17  0.2621E-17  0.2069E-17  0.1674E-17  0.1071E-17
  0.7428E-18  0.5457E-18  0.4176E-18  0.3299E-18  0.2672E-18
  0.1187E-18  0.6677E-19  0.4273E-19  0.2967E-19  0.2180E-19
  0.1669E-19  0.1068E-19  0.7418E-20  0.5450E-20  0.7325E-09
  0.7238E-09  0.6978E-09  0.6562E-09  0.6040E-09  0.5416E-09
  0.4755E-09  0.3404E-09  0.2213E-09  0.1129E-09  0.4962E-10
  0.1878E-10  0.6126E-11  0.4168E-12  0.1585E-13  0.4718E-15
  0.1252E-15  0.8257E-16  0.5277E-16  0.3927E-16  0.2916E-16
  0.2320E-16  0.1852E-16  0.1537E-16  0.1281E-16  0.1094E-16
  0.9385E-17  0.8190E-17  0.7174E-17  0.5662E-17  0.4583E-17
  0.2931E-17  0.2033E-17  0.1494E-17  0.1143E-17  0.9030E-18
  0.7313E-18  0.3249E-18  0.1827E-18  0.1170E-18  0.8121E-19
  0.5967E-19  0.4568E-19  0.2924E-19  0.2030E-19  0.1492E-19
  0.1587E-08  0.1569E-08  0.1513E-08  0.1424E-08  0.1312E-08
  0.1177E-08  0.1035E-08  0.7434E-09  0.4855E-09  0.2494E-09
  0.1106E-09  0.4227E-10  0.1394E-10  0.9755E-12  0.3845E-13
  0.1265E-14  0.3454E-15  0.2275E-15  0.1453E-15  0.1081E-15
  0.8029E-16  0.6388E-16  0.5098E-16  0.4231E-16  0.3525E-16
  0.3012E-16  0.2583E-16  0.2255E-16  0.1975E-16  0.1559E-16
  0.1262E-16  0.8069E-17  0.5597E-17  0.4111E-17  0.3146E-17
  0.2486E-17  0.2013E-17  0.8944E-18  0.5030E-18  0.3219E-18
  0.2236E-18  0.1642E-18  0.1257E-18  0.8048E-19  0.5589E-19
  0.4106E-19  0.3459E-08  0.3418E-08  0.3298E-08  0.3106E-08
  0.2863E-08  0.2573E-08  0.2265E-08  0.1633E-08  0.1071E-08
  0.5542E-09  0.2477E-09  0.9568E-10  0.3194E-10  0.2298E-11
  0.9395E-13  0.3358E-14  0.9573E-15  0.6299E-15  0.4023E-15
  0.2993E-15  0.2222E-15  0.1768E-15  0.1411E-15  0.1171E-15
  0.9754E-16  0.8334E-16  0.7148E-16  0.6238E-16  0.5464E-16
  0.4313E-16  0.3490E-16  0.2233E-16  0.1548E-16  0.1137E-16
  0.8704E-17  0.6877E-17  0.5569E-17  0.2475E-17  0.1392E-17
  0.8907E-18  0.6185E-18  0.4544E-18  0.3479E-18  0.2227E-18
  0.1546E-18  0.1136E-18  0.7547E-08  0.7460E-08  0.7200E-08
  0.6784E-08  0.6261E-08  0.5632E-08  0.4965E-08  0.3591E-08
  0.2367E-08  0.1233E-08  0.5559E-09  0.2169E-09  0.7325E-10
  0.5422E-11  0.2300E-12  0.8874E-14  0.2654E-14  0.1744E-14
  0.1113E-14  0.8282E-15  0.6148E-15  0.4891E-15  0.3903E-15
  0.3239E-15  0.2699E-15  0.2306E-15  0.1978E-15  0.1726E-15
  0.1512E-15  0.1193E-15  0.9656E-16  0.6176E-16  0.4284E-16
  0.3147E-16  0.2408E-16  0.1902E-16  0.1541E-16  0.6845E-17
  0.3850E-17  0.2464E-17  0.1711E-17  0.1257E-17  0.9624E-18
  0.6159E-18  0.4277E-18  0.3143E-18  0.1642E-07  0.1623E-07
  0.1568E-07  0.1478E-07  0.1365E-07  0.1229E-07  0.1085E-07
  0.7877E-08  0.5214E-08  0.2736E-08  0.1244E-08  0.4904E-09
  0.1676E-09  0.1276E-10  0.5617E-12  0.2328E-13  0.7324E-14
  0.4806E-14  0.3067E-14  0.2281E-14  0.1693E-14  0.1347E-14
  0.1075E-14  0.8920E-15  0.7432E-15  0.6350E-15  0.5446E-15
  0.4753E-15  0.4163E-15  0.3285E-15  0.2659E-15  0.1701E-15
  0.1180E-15  0.8665E-16  0.6631E-16  0.5239E-16  0.4242E-16
  0.1885E-16  0.1060E-16  0.6785E-17  0.4712E-17  0.3462E-17
  0.2650E-17  0.1696E-17  0.1178E-17  0.8654E-18  0.3566E-07
  0.3526E-07  0.3406E-07  0.3214E-07  0.2971E-07  0.2679E-07
  0.2368E-07  0.1725E-07  0.1147E-07  0.6060E-08  0.2780E-08
  0.1107E-08  0.3827E-09  0.2999E-10  0.1371E-11  0.6099E-13
  0.2013E-13  0.1318E-13  0.8413E-14  0.6258E-14  0.4644E-14
  0.3695E-14  0.2948E-14  0.2446E-14  0.2038E-14  0.1741E-14
  0.1494E-14  0.1303E-14  0.1142E-14  0.9009E-15  0.7292E-15
  0.4664E-15  0.3235E-15  0.2376E-15  0.1818E-15  0.1437E-15
  0.1163E-15  0.5169E-16  0.2907E-16  0.1861E-16  0.1292E-16
  0.9492E-17  0.7267E-17  0.4651E-17  0.3230E-17  0.2373E-17
  0.7693E-07  0.7607E-07  0.7351E-07  0.6940E-07  0.6421E-07
  0.5796E-07  0.5130E-07  0.3750E-07  0.2505E-07  0.1333E-07
  0.6167E-08  0.2481E-08  0.8679E-09  0.6996E-10  0.3321E-11
  0.1589E-12  0.5478E-13  0.3595E-13  0.2284E-13  0.1699E-13
  0.1261E-13  0.1003E-13  0.8000E-14  0.6639E-14  0.5531E-14
  0.4726E-14  0.4053E-14  0.3537E-14  0.3098E-14  0.2445E-14
  0.1979E-14  0.1266E-14  0.8778E-15  0.6448E-15  0.4934E-15
  0.3898E-15  0.3157E-15  0.1403E-15  0.7889E-16  0.5049E-16
  0.3506E-16  0.2576E-16  0.1972E-16  0.1262E-16  0.8764E-17
  0.6439E-17  0.1646E-06  0.1628E-06  0.1574E-06  0.1487E-06
  0.1377E-06  0.1244E-06  0.1103E-06  0.8090E-07  0.5428E-07
  0.2909E-07  0.1357E-07  0.5516E-08  0.1952E-08  0.1619E-09
  0.7982E-11  0.4110E-12  0.1475E-12  0.9700E-13  0.6133E-13
  0.4561E-13  0.3384E-13  0.2692E-13  0.2147E-13  0.1782E-13
  0.1485E-13  0.1268E-13  0.1088E-13  0.9493E-14  0.8314E-14
  0.6562E-14  0.5310E-14  0.3397E-14  0.2356E-14  0.1730E-14
  0.1324E-14  0.1046E-14  0.8472E-15  0.3764E-15  0.2117E-15
  0.1355E-15  0.9409E-16  0.6912E-16  0.5292E-16  0.3387E-16
  0.2352E-16  0.1728E-16  0.3471E-06  0.3433E-06  0.3320E-06
  0.3138E-06  0.2909E-06  0.2632E-06  0.2336E-06  0.1719E-06
  0.1158E-06  0.6250E-07  0.2941E-07  0.1207E-07  0.4322E-08
  0.3684E-09  0.1885E-10  0.1044E-11  0.3890E-12  0.2559E-12
  0.1612E-12  0.1199E-12  0.8894E-13  0.7074E-13  0.5644E-13
  0.4683E-13  0.3901E-13  0.3333E-13  0.2859E-13  0.2495E-13
  0.2185E-13  0.1724E-13  0.1396E-13  0.8926E-14  0.6190E-14
  0.4547E-14  0.3480E-14  0.2749E-14  0.2226E-14  0.9891E-15
  0.5563E-15  0.3560E-15  0.2472E-15  0.1816E-15  0.1391E-15
  0.8900E-16  0.6181E-16  0.4541E-16  0.7222E-06  0.7144E-06
  0.6912E-06  0.6538E-06  0.6064E-06  0.5493E-06  0.4881E-06
  0.3604E-06  0.2440E-06  0.1325E-06  0.6288E-07  0.2606E-07
  0.9437E-08  0.8270E-09  0.4394E-10  0.2614E-11  0.1009E-11
  0.6637E-12  0.4163E-12  0.3098E-12  0.2298E-12  0.1828E-12
  0.1458E-12  0.1210E-12  0.1008E-12  0.8612E-13  0.7386E-13
  0.6446E-13  0.5645E-13  0.4455E-13  0.3606E-13  0.2306E-13
  0.1599E-13  0.1175E-13  0.8990E-14  0.7102E-14  0.5752E-14
  0.2556E-14  0.1437E-14  0.9198E-15  0.6387E-15  0.4693E-15
  0.3593E-15  0.2299E-15  0.1597E-15  0.1173E-15  0.1486E-05
  0.1470E-05  0.1423E-05  0.1347E-05  0.1250E-05  0.1134E-05
  0.1009E-05  0.7473E-06  0.5080E-06  0.2778E-06  0.1329E-06
  0.5563E-07  0.2037E-07  0.1835E-08  0.1012E-09  0.6468E-11
  0.2579E-11  0.1695E-11  0.1067E-11  0.7872E-12  0.5839E-12
  0.4644E-12  0.3705E-12  0.3074E-12  0.2561E-12  0.2188E-12
  0.1877E-12  0.1638E-12  0.1434E-12  0.1132E-12  0.9162E-13
  0.5860E-13  0.4066E-13  0.2985E-13  0.2286E-13  0.1806E-13
  0.1462E-13  0.6497E-14  0.3654E-14  0.2339E-14  0.1624E-14
  0.1193E-14  0.9135E-15  0.5846E-15  0.4060E-15  0.2983E-15
  0.3019E-05  0.2987E-05  0.2892E-05  0.2739E-05  0.2545E-05
  0.2310E-05  0.2058E-05  0.1530E-05  0.1044E-05  0.5751E-06
  0.2774E-06  0.1172E-06  0.4341E-07  0.4019E-08  0.2303E-09
  0.1578E-10  0.6478E-11  0.4254E-11  0.2691E-11  0.1985E-11
  0.1470E-11  0.1170E-11  0.9320E-12  0.7737E-12  0.6439E-12
  0.5503E-12  0.4715E-12  0.4117E-12  0.3603E-12  0.2842E-12
  0.2300E-12  0.1471E-12  0.1015E-12  0.7488E-13  0.5705E-13
  0.4508E-13  0.3650E-13  0.1622E-13  0.9124E-14  0.5839E-14
  0.4055E-14  0.2979E-14  0.2281E-14  0.1460E-14  0.1014E-14
  0.7449E-15  0.6075E-05  0.6012E-05  0.5823E-05  0.5518E-05
  0.5131E-05  0.4663E-05  0.4159E-05  0.3102E-05  0.2127E-05
  0.1179E-05  0.5734E-06  0.2447E-06  0.9164E-07  0.8719E-08
  0.5190E-09  0.3809E-10  0.1605E-10  0.1053E-10  0.6666E-11
  0.4940E-11  0.3653E-11  0.2907E-11  0.2313E-11  0.1921E-11
  0.1597E-11  0.1365E-11  0.1169E-11  0.1021E-11  0.8923E-12
  0.7037E-12  0.5692E-12  0.3641E-12  0.2510E-12  0.1852E-12
  0.1410E-12  0.1114E-12  0.9017E-13  0.4005E-13  0.2251E-13
  0.1441E-13  0.9999E-14  0.7345E-14  0.5611E-14  0.3592E-14
  0.2495E-14  0.1833E-14  0.1212E-04  0.1200E-04  0.1163E-04
  0.1102E-04  0.1026E-04  0.9334E-05  0.8337E-05  0.6239E-05
  0.4296E-05  0.2397E-05  0.1176E-05  0.5065E-06  0.1919E-06
  0.1877E-07  0.1161E-08  0.9109E-10  0.3928E-10  0.2573E-10
  0.1629E-10  0.1209E-10  0.8929E-11  0.7106E-11  0.5648E-11
  0.4692E-11  0.3896E-11  0.3333E-11  0.2851E-11  0.2491E-11
  0.2176E-11  0.1716E-11  0.1387E-11  0.8873E-12  0.6127E-12
  0.4510E-12  0.3439E-12  0.2719E-12  0.2198E-12  0.9761E-13
  0.5480E-13  0.3507E-13  0.2433E-13  0.1787E-13  0.1366E-13
  0.8718E-14  0.6054E-14  0.4448E-14  0.2402E-04  0.2377E-04
  0.2304E-04  0.2186E-04  0.2036E-04  0.1854E-04  0.1659E-04
  0.1245E-04  0.8612E-05  0.4839E-05  0.2392E-05  0.1041E-05
  0.3988E-06  0.4010E-07  0.2579E-08  0.2160E-09  0.9509E-10
  0.6239E-10  0.3933E-10  0.2919E-10  0.2154E-10  0.1715E-10
  0.1362E-10  0.1131E-10  0.9388E-11  0.8033E-11  0.6865E-11
  0.6001E-11  0.5239E-11  0.4129E-11  0.3338E-11  0.2135E-11
  0.1475E-11  0.1084E-11  0.8272E-12  0.6540E-12  0.5285E-12
  0.2346E-12  0.1316E-12  0.8424E-13  0.5841E-13  0.4290E-13
  0.3288E-13  0.2089E-13  0.1451E-13  0.1066E-13  0.4755E-04
  0.4707E-04  0.4564E-04  0.4334E-04  0.4039E-04  0.3683E-04
  0.3299E-04  0.2485E-04  0.1726E-04  0.9769E-05  0.4872E-05
  0.2143E-05  0.8307E-06  0.8608E-07  0.5774E-08  0.5141E-09
  0.2293E-09  0.1465E-09  0.9464E-10  0.7028E-10  0.5181E-10
  0.4124E-10  0.3271E-10  0.2719E-10  0.2254E-10  0.1929E-10
  0.1647E-10  0.1440E-10  0.1256E-10  0.9900E-11  0.8002E-11
  0.5117E-11  0.3532E-11  0.2597E-11  0.1980E-11  0.1566E-11
  0.1265E-11  0.5613E-12  0.3147E-12  0.2014E-12  0.1396E-12
  0.1025E-12  0.7868E-13  0.4981E-13  0.3459E-13  0.2541E-13
  0.9499E-04  0.9404E-04  0.9122E-04  0.8667E-04  0.8086E-04
  0.7382E-04  0.6620E-04  0.5005E-04  0.3493E-04  0.1992E-04
  0.1003E-04  0.4457E-05  0.1750E-05  0.1872E-06  0.1312E-07
  0.1238E-08  0.5607E-09  0.3466E-09  0.2294E-09  0.1704E-09
  0.1254E-09  0.9982E-10  0.7909E-10  0.6574E-10  0.5444E-10
  0.4661E-10  0.3976E-10  0.3478E-10  0.3031E-10  0.2388E-10
  0.1929E-10  0.1234E-10  0.8507E-11  0.6254E-11  0.4765E-11
  0.3769E-11  0.3042E-11  0.1349E-11  0.7559E-12  0.4838E-12
  0.3351E-12  0.2460E-12  0.1891E-12  0.1193E-12  0.8284E-13
  0.6086E-13  0.1934E-03  0.1915E-03  0.1858E-03  0.1767E-03
  0.1650E-03  0.1508E-03  0.1355E-03  0.1028E-03  0.7212E-04
  0.4144E-04  0.2107E-04  0.9475E-05  0.3770E-05  0.4167E-06
  0.3055E-07  0.3051E-08  0.1397E-08  0.8489E-09  0.5659E-09
  0.4201E-09  0.3087E-09  0.2457E-09  0.1943E-09  0.1616E-09
  0.1336E-09  0.1145E-09  0.9751E-10  0.8535E-10  0.7429E-10
  0.5848E-10  0.4723E-10  0.3019E-10  0.2079E-10  0.1529E-10
  0.1164E-10  0.9206E-11  0.7424E-11  0.3291E-11  0.1842E-11
  0.1178E-11  0.8158E-12  0.5986E-12  0.4607E-12  0.2894E-12
  0.2010E-12  0.1477E-12  0.4074E-03  0.4034E-03  0.3917E-03
  0.3727E-03  0.3484E-03  0.3189E-03  0.2869E-03  0.2187E-03
  0.1543E-03  0.8942E-04  0.4594E-04  0.2093E-04  0.8450E-05
  0.9680E-06  0.7448E-07  0.7847E-08  0.3605E-08  0.2169E-08
  0.1446E-08  0.1073E-08  0.7861E-09  0.6257E-09  0.4938E-09
  0.4108E-09  0.3390E-09  0.2905E-09  0.2471E-09  0.2164E-09
  0.1880E-09  0.1479E-09  0.1194E-09  0.7628E-10  0.5243E-10
  0.3855E-10  0.2930E-10  0.2319E-10  0.1868E-10  0.8271E-11
  0.4621E-11  0.2957E-11  0.2045E-11  0.1500E-11  0.1156E-11
  0.7220E-12  0.5014E-12  0.3684E-12  0.9041E-03  0.8955E-03
  0.8699E-03  0.8285E-03  0.7755E-03  0.7110E-03  0.6408E-03
  0.4908E-03  0.3484E-03  0.2040E-03  0.1061E-03  0.4900E-04
  0.2012E-04  0.2400E-05  0.1947E-06  0.2159E-07  0.9857E-08
  0.5892E-08  0.3914E-08  0.2898E-08  0.2117E-08  0.1684E-08
  0.1325E-08  0.1103E-08  0.9075E-09  0.7784E-09  0.6602E-09
  0.5788E-09  0.5018E-09  0.3942E-09  0.3178E-09  0.2030E-09
  0.1391E-09  0.1023E-09  0.7757E-10  0.6141E-10  0.4937E-10
  0.2184E-10  0.1217E-10  0.7787E-11  0.5376E-11  0.3940E-11
  0.3045E-11  0.1885E-11  0.1309E-11  0.9615E-12  0.2160E-02
  0.2140E-02  0.2080E-02  0.1983E-02  0.1858E-02  0.1707E-02
  0.1542E-02  0.1188E-02  0.8491E-03  0.5028E-03  0.2651E-03
  0.1245E-03  0.5210E-04  0.6509E-05  0.5605E-06  0.6536E-07
  0.2969E-07  0.1746E-07  0.1152E-07  0.8505E-08  0.6180E-08
  0.4916E-08  0.3850E-08  0.3206E-08  0.2627E-08  0.2256E-08
  0.1906E-08  0.1673E-08  0.1445E-08  0.1133E-08  0.9123E-09
  0.5821E-09  0.3971E-09  0.2920E-09  0.2207E-09  0.1748E-09
  0.1402E-09  0.6185E-10  0.3435E-10  0.2196E-10  0.1513E-10
  0.1107E-10  0.8591E-11  0.5240E-11  0.3639E-11  0.2673E-11
  0.5641E-02  0.5590E-02  0.5437E-02  0.5190E-02  0.4872E-02
  0.4485E-02  0.4061E-02  0.3148E-02  0.2270E-02  0.1362E-02
  0.7294E-03  0.3491E-03  0.1493E-03  0.1967E-04  0.1812E-05
  0.2232E-06  0.1003E-06  0.5796E-07  0.3781E-07  0.2780E-07
  0.2006E-07  0.1594E-07  0.1240E-07  0.1033E-07  0.8415E-08
  0.7235E-08  0.6078E-08  0.5345E-08  0.4593E-08  0.3591E-08
  0.2884E-08  0.1837E-08  0.1244E-08  0.9149E-09  0.6879E-09
  0.5451E-09  0.4353E-09  0.1913E-09  0.1057E-09  0.6751E-10
  0.4630E-10  0.3382E-10  0.2641E-10  0.1572E-10  0.1092E-10
  0.8021E-11  0.1638E-01  0.1624E-01  0.1580E-01  0.1511E-01
  0.1421E-01  0.1311E-01  0.1191E-01  0.9298E-02  0.6768E-02
  0.4120E-02  0.2248E-02  0.1099E-02  0.4818E-03  0.6743E-04
  0.6718E-05  0.8874E-06  0.3942E-06  0.2236E-06  0.1437E-06
  0.1049E-06  0.7500E-07  0.5949E-07  0.4587E-07  0.3822E-07
  0.3087E-07  0.2658E-07  0.2215E-07  0.1952E-07  0.1665E-07
  0.1296E-07  0.1037E-07  0.6582E-08  0.4413E-08  0.3242E-08
  0.2418E-08  0.1918E-08  0.1521E-08  0.6644E-09  0.3635E-09
  0.2319E-09  0.1579E-09  0.1149E-09  0.9070E-10  0.4826E-10
  0.3598E-10  0.2643E-10  0.5356E-01  0.5311E-01  0.5174E-01
  0.4954E-01  0.4669E-01  0.4320E-01  0.3935E-01  0.3099E-01
  0.2280E-01  0.1412E-01  0.7859E-02  0.3937E-02  0.1775E-02
  0.2661E-03  0.2903E-04  0.4189E-05  0.1852E-05  0.1028E-05
  0.6495E-06  0.4697E-06  0.3322E-06  0.2626E-06  0.2003E-06
  0.1668E-06  0.1333E-06  0.1149E-06  0.9484E-07  0.8373E-07
  0.7078E-07  0.5476E-07  0.4360E-07  0.2752E-07  0.1819E-07
  0.1334E-07  0.9844E-08  0.7807E-08  0.6141E-08  0.2653E-08
  0.1432E-08  0.9108E-09  0.6135E-09  0.4435E-09  0.3559E-09
  0.2151E-09  0.1243E-09  0.9702E-10  0.2013E+00  0.1997E+00
  0.1948E+00  0.1868E+00  0.1764E+00  0.1637E+00  0.1497E+00
  0.1190E+00  0.8862E-01  0.5590E-01  0.3185E-01  0.1639E-01
  0.7631E-02  0.1237E-02  0.1501E-03  0.2418E-04  0.1075E-04
  0.5830E-05  0.3620E-05  0.2585E-05  0.1810E-05  0.1422E-05
  0.1074E-05  0.8914E-06  0.7054E-06  0.6073E-06  0.4964E-06
  0.4385E-06  0.3672E-06  0.2819E-06  0.2230E-06  0.1395E-06
  0.9070E-07  0.6628E-07  0.4825E-07  0.3822E-07  0.2974E-07
  0.1264E-07  0.6698E-08  0.4236E-08  0.2806E-08  0.2006E-08
  0.1650E-08  0.1086E-08  0.6086E-09  0.4041E-09  0.8731E+00
  0.8663E+00  0.8459E+00  0.8128E+00  0.7697E+00  0.7168E+00
  0.6580E+00  0.5285E+00  0.3988E+00  0.2569E+00  0.1501E+00
  0.7967E-01  0.3842E-01  0.6801E-02  0.9279E-03  0.1671E-03
  0.7471E-04  0.3950E-04  0.2422E-04  0.1707E-04  0.1187E-04
  0.9251E-05  0.6938E-05  0.5731E-05  0.4505E-05  0.3866E-05
  0.3139E-05  0.2767E-05  0.2302E-05  0.1755E-05  0.1379E-05
  0.8537E-06  0.5466E-06  0.3971E-06  0.2856E-06  0.2255E-06
  0.1738E-06  0.7244E-07  0.3760E-07  0.2360E-07  0.1531E-07
  0.1078E-07  0.9129E-08  0.6194E-08  0.3365E-08  0.1939E-08
  0.4207E+01  0.4176E+01  0.4083E+01  0.3932E+01  0.3733E+01
  0.3490E+01  0.3217E+01  0.2613E+01  0.2001E+01  0.1319E+01
  0.7926E+00  0.4350E+00  0.2181E+00  0.4259E-01  0.6607E-02
  0.1326E-02  0.5928E-03  0.3052E-03  0.1858E-03  0.1292E-03
  0.8973E-04  0.6927E-04  0.5186E-04  0.4253E-04  0.3338E-04
  0.2847E-04  0.2308E-04  0.2024E-04  0.1682E-04  0.1274E-04
  0.9968E-05  0.6099E-05  0.3870E-05  0.2789E-05  0.1991E-05
  0.1564E-05  0.1198E-05  0.4897E-06  0.2501E-06  0.1555E-06
  0.9888E-07  0.6838E-07  0.5946E-07  0.4103E-07  0.2099E-07
  0.1084E-07  0.2178E+02  0.2163E+02  0.2117E+02  0.2043E+02
  0.1945E+02  0.1825E+02  0.1690E+02  0.1388E+02  0.1078E+02
  0.7261E+01  0.4485E+01  0.2542E+01  0.1323E+01  0.2827E+00
  0.4850E-01  0.1023E-01  0.4434E-02  0.2222E-02  0.1349E-02
  0.9303E-03  0.6467E-03  0.4959E-03  0.3717E-03  0.3031E-03
  0.2382E-03  0.2021E-03  0.1641E-03  0.1432E-03  0.1192E-03
  0.9006E-04  0.7026E-04  0.4264E-04  0.2699E-04  0.1933E-04
  0.1378E-04  0.1077E-04  0.8243E-05  0.3326E-05  0.1687E-05
  0.1041E-05  0.6541E-06  0.4467E-06  0.3939E-06  0.2738E-06
  0.1350E-06  0.6519E-07  0.1020E+03  0.1013E+03  0.9927E+02
  0.9595E+02  0.9156E+02  0.8615E+02  0.8004E+02  0.6631E+02
  0.5208E+02  0.3571E+02  0.2252E+02  0.1306E+02  0.6979E+01
  0.1569E+01  0.2736E+00  0.5210E-01  0.2001E-01  0.9930E-02
  0.6072E-02  0.4213E-02  0.2931E-02  0.2258E-02  0.1692E-02
  0.1385E-02  0.1088E-02  0.9263E-03  0.7516E-03  0.6581E-03
  0.5472E-03  0.4144E-03  0.3239E-03  0.1976E-03  0.1254E-03
  0.9015E-04  0.6437E-04  0.5046E-04  0.3867E-04  0.1574E-04
  0.8027E-05  0.4978E-05  0.3156E-05  0.2174E-05  0.1905E-05
  0.1321E-05  0.6683E-06  0.3375E-06  0.3324E+03  0.3303E+03
  0.3237E+03  0.3130E+03  0.2989E+03  0.2815E+03  0.2618E+03
  0.2174E+03  0.1711E+03  0.1175E+03  0.7396E+02  0.4254E+02
  0.2222E+02  0.4254E+01  0.2420E+00 -0.2219E+00 -0.1707E+00
 -0.7893E-01 -0.4565E-01 -0.2920E-01 -0.2035E-01 -0.1469E-01
 -0.1114E-01 -0.8597E-02 -0.6861E-02 -0.5528E-02 -0.4568E-02
 -0.3795E-02 -0.3218E-02 -0.2367E-02 -0.1803E-02 -0.1000E-02
 -0.6199E-03 -0.4102E-03 -0.2887E-03 -0.2103E-03 -0.1604E-03
 -0.5337E-04 -0.2411E-04 -0.1278E-04 -0.5998E-05 -0.2581E-05
 -0.3287E-05 -0.2583E-05  0.1484E-07  0.1127E-05  0.8559E+03
  0.8501E+03  0.8328E+03  0.8047E+03  0.7672E+03  0.7214E+03
  0.6690E+03  0.5513E+03  0.4285E+03  0.2863E+03  0.1710E+03
  0.8868E+02  0.3676E+02 -0.4940E+01 -0.9722E+01 -0.6964E+01
 -0.4529E+01 -0.2220E+01 -0.1304E+01 -0.8517E+00 -0.5933E+00
 -0.4360E+00 -0.3297E+00 -0.2588E+00 -0.2057E+00 -0.1685E+00
 -0.1386E+00 -0.1170E+00 -0.9871E-01 -0.7330E-01 -0.5634E-01
 -0.3228E-01 -0.2022E-01 -0.1379E-01 -0.9779E-02 -0.7327E-02
 -0.5611E-02 -0.2038E-02 -0.9781E-03 -0.5613E-03 -0.3134E-03
 -0.1842E-03 -0.1800E-03 -0.1299E-03 -0.3946E-04  0.2330E-05
  0.2536E+04  0.2520E+04  0.2474E+04  0.2398E+04  0.2297E+04
  0.2172E+04  0.2028E+04  0.1702E+04  0.1355E+04  0.9426E+03
  0.5954E+03  0.3353E+03  0.1610E+03  0.4353E+01 -0.2387E+02
 -0.1944E+02 -0.1391E+02 -0.9367E+01 -0.6364E+01 -0.4222E+01
 -0.2942E+01 -0.2154E+01 -0.1631E+01 -0.1276E+01 -0.1017E+01
 -0.8297E+00 -0.6845E+00 -0.5757E+00 -0.4873E+00 -0.3619E+00
 -0.2781E+00 -0.1588E+00 -0.9981E-01 -0.6783E-01 -0.4828E-01
 -0.3604E-01 -0.2771E-01 -0.1004E-01 -0.4837E-02 -0.2766E-02
 -0.1550E-02 -0.9113E-03 -0.8637E-03 -0.6120E-03 -0.1869E-03
  0.9578E-05  0.7402E+04  0.7365E+04  0.7257E+04  0.7081E+04
  0.6843E+04  0.6547E+04  0.6205E+04  0.5413E+04  0.4545E+04
  0.3462E+04  0.2489E+04  0.1691E+04  0.1089E+04  0.3922E+03
  0.1272E+03  0.4650E+02  0.2425E+02  0.1149E+02  0.5311E+01
  0.3007E+01  0.2039E+01  0.1536E+01  0.1152E+01  0.9255E+00
  0.7262E+00  0.6084E+00  0.4928E+00  0.4253E+00  0.3530E+00
  0.2633E+00  0.2031E+00  0.1196E+00  0.7400E-01  0.5183E-01
  0.3622E-01  0.2783E-01  0.2096E-01  0.7916E-02  0.3793E-02
  0.2252E-02  0.1287E-02  0.7947E-03  0.8341E-03  0.6322E-03
  0.2216E-03  0.2868E-04  0.1541E+05  0.1535E+05  0.1516E+05
  0.1486E+05  0.1444E+05  0.1393E+05  0.1332E+05  0.1191E+05
  0.1033E+05  0.8291E+04  0.6379E+04  0.4721E+04  0.3380E+04
  0.1616E+04  0.7570E+03  0.3866E+03  0.2336E+03  0.1320E+03
  0.8599E+02  0.5489E+02  0.3656E+02  0.2651E+02  0.2000E+02
  0.1573E+02  0.1249E+02  0.1025E+02  0.8426E+01  0.7126E+01
  0.6008E+01  0.4466E+01  0.3436E+01  0.1976E+01  0.1238E+01
  0.8473E+00  0.6011E+00  0.4517E+00  0.3459E+00  0.1266E+00
  0.6105E-01  0.3525E-01  0.1991E-01  0.1190E-01  0.1146E-01
  0.8229E-02  0.2655E-02  0.6328E-04  0.2615E+05  0.2606E+05
  0.2579E+05  0.2535E+05  0.2474E+05  0.2398E+05  0.2310E+05
  0.2100E+05  0.1862E+05  0.1548E+05  0.1244E+05  0.9697E+04
  0.7373E+04  0.4053E+04  0.2190E+04  0.1236E+04  0.7619E+03
  0.3891E+03  0.2507E+03  0.1786E+03  0.1294E+03  0.9495E+02
  0.7148E+02  0.5603E+02  0.4457E+02  0.3649E+02  0.3004E+02
  0.2535E+02  0.2141E+02  0.1591E+02  0.1224E+02  0.7019E+01
  0.4406E+01  0.3007E+01  0.2137E+01  0.1602E+01  0.1229E+01
  0.4487E+00  0.2166E+00  0.1247E+00  0.7043E-01  0.4199E-01
  0.3985E-01  0.2832E-01  0.9062E-02  0.1139E-03  0.4052E+05
  0.4039E+05  0.4003E+05  0.3943E+05  0.3862E+05  0.3759E+05
  0.3639E+05  0.3353E+05  0.3022E+05  0.2580E+05  0.2140E+05
  0.1732E+05  0.1372E+05  0.8267E+04  0.4887E+04  0.2949E+04
  0.1871E+04  0.9161E+03  0.5617E+03  0.4027E+03  0.3064E+03
  0.2365E+03  0.1816E+03  0.1427E+03  0.1136E+03  0.9288E+02
  0.7652E+02  0.6450E+02  0.5452E+02  0.4051E+02  0.3115E+02
  0.1785E+02  0.1121E+02  0.7644E+01  0.5438E+01  0.4071E+01
  0.3127E+01  0.1140E+01  0.5504E+00  0.3165E+00  0.1789E+00
  0.1066E+00  0.1002E+00  0.7080E-01  0.2258E-01  0.1878E-03
