  Ple                   3267.   0.03  -0.50   0.09
    50   0.0   0.0    1.0000  0.0001
  46
      3970.070      3970.080      3970.090      3970.100      3970.110
      3970.120      3970.130      3970.150      3970.170      3970.195
      3970.220      3970.245      3970.270      3970.320      3970.370
      3970.420      3970.470      3970.570      3970.670      3970.770
      3970.870      3970.970      3971.070      3971.170      3971.270
      3971.370      3971.470      3971.570      3971.670      3971.870
      3972.070      3972.570      3973.070      3973.570      3974.070
      3974.570      3975.070      3977.570      3980.070      3982.570
      3985.070      3987.570      3990.070      3995.070      4000.070
      4005.070
  0.1397E-13  0.1375E-13  0.1307E-13  0.1202E-13  0.1073E-13
  0.9239E-14  0.7729E-14  0.4866E-14  0.2661E-14  0.1015E-14
  0.2972E-15  0.6168E-16  0.6359E-17 -0.7475E-18 -0.4209E-19
 -0.7569E-21 -0.5699E-21 -0.3827E-21 -0.2289E-21 -0.2038E-21
 -0.1547E-21 -0.7604E-22 -0.1096E-21 -0.1092E-22 -0.2928E-22
 -0.4264E-22 -0.5380E-22 -0.6237E-22 -0.6967E-22 -0.8052E-22
  0.3292E-22  0.2106E-22  0.1461E-22  0.1073E-22  0.8214E-23
  0.6490E-23  0.5256E-23  0.2335E-23  0.1314E-23  0.8406E-24
  0.5838E-24  0.4289E-24  0.3284E-24  0.2101E-24  0.1459E-24
  0.1072E-24  0.3723E-13  0.3667E-13  0.3503E-13  0.3243E-13
  0.2925E-13  0.2552E-13  0.2170E-13  0.1428E-13  0.8329E-14
  0.3577E-14  0.1269E-14  0.3705E-15  0.8869E-16  0.2700E-17
  0.2975E-19 -0.4532E-21 -0.3428E-21 -0.2321E-21 -0.1321E-21
 -0.1317E-21 -0.1010E-21 -0.3336E-22 -0.7548E-22  0.1738E-22
 -0.5689E-23 -0.2249E-22 -0.3651E-22 -0.4728E-22 -0.5645E-22
 -0.7008E-22  0.4137E-22  0.2647E-22  0.1836E-22  0.1349E-22
  0.1032E-22  0.8156E-23  0.6605E-23  0.2935E-23  0.1651E-23
  0.1056E-23  0.7336E-24  0.5389E-24  0.4126E-24  0.2641E-24
  0.1834E-24  0.1347E-24  0.7877E-13  0.7764E-13  0.7427E-13
  0.6894E-13  0.6239E-13  0.5467E-13  0.4673E-13  0.3120E-13
  0.1855E-13  0.8221E-14  0.3040E-14  0.9379E-15  0.2412E-15
  0.9222E-17  0.1692E-18  0.2131E-21  0.1550E-21  0.9817E-22
  0.7999E-22  0.2638E-22  0.1648E-22  0.6021E-22 -0.7748E-24
  0.7940E-22  0.4601E-22  0.2169E-22  0.1391E-23 -0.1420E-22
 -0.2747E-22 -0.4721E-22  0.5989E-22  0.3832E-22  0.2658E-22
  0.1952E-22  0.1494E-22  0.1181E-22  0.9561E-23  0.4248E-23
  0.2389E-23  0.1529E-23  0.1062E-23  0.7801E-24  0.5973E-24
  0.3823E-24  0.2655E-24  0.1950E-24  0.1571E-12  0.1549E-12
  0.1483E-12  0.1378E-12  0.1250E-12  0.1098E-12  0.9410E-13
  0.6330E-13  0.3799E-13  0.1711E-13  0.6452E-14  0.2039E-14
  0.5399E-15  0.2226E-16  0.4556E-18  0.1757E-20  0.1308E-20
  0.8631E-21  0.5712E-21  0.3924E-21  0.2886E-21  0.2769E-21
  0.1722E-21  0.2230E-21  0.1657E-21  0.1240E-21  0.8915E-22
  0.6240E-22  0.3963E-22  0.5762E-23  0.1028E-21  0.6575E-22
  0.4560E-22  0.3350E-22  0.2564E-22  0.2026E-22  0.1640E-22
  0.7289E-23  0.4100E-23  0.2624E-23  0.1822E-23  0.1339E-23
  0.1025E-23  0.6559E-24  0.4555E-24  0.3346E-24  0.3063E-12
  0.3020E-12  0.2893E-12  0.2692E-12  0.2443E-12  0.2150E-12
  0.1846E-12  0.1248E-12  0.7539E-13  0.3428E-13  0.1309E-13
  0.4198E-14  0.1131E-14  0.4862E-16  0.1050E-17  0.5393E-20
  0.4023E-20  0.2664E-20  0.1727E-20  0.1254E-20  0.9290E-21
  0.7867E-21  0.5793E-21  0.5610E-21  0.4474E-21  0.3647E-21
  0.2956E-21  0.2426E-21  0.1975E-21  0.1304E-21  0.2036E-21
  0.1303E-21  0.9037E-22  0.6639E-22  0.5081E-22  0.4014E-22
  0.3251E-22  0.1444E-22  0.8124E-23  0.5199E-23  0.3611E-23
  0.2653E-23  0.2031E-23  0.1300E-23  0.9026E-24  0.6631E-24
  0.5921E-12  0.5839E-12  0.5596E-12  0.5210E-12  0.4733E-12
  0.4170E-12  0.3586E-12  0.2434E-12  0.1477E-12  0.6771E-13
  0.2610E-13  0.8464E-14  0.2309E-14  0.1024E-15  0.2299E-17
  0.1405E-19  0.1048E-19  0.6948E-20  0.4477E-20  0.3303E-20
  0.2452E-20  0.1999E-20  0.1547E-20  0.1365E-20  0.1117E-20
  0.9371E-21  0.7867E-21  0.6713E-21  0.5730E-21  0.4268E-21
  0.4435E-21  0.2838E-21  0.1968E-21  0.1446E-21  0.1107E-21
  0.8743E-22  0.7080E-22  0.3146E-22  0.1769E-22  0.1132E-22
  0.7864E-23  0.5777E-23  0.4423E-23  0.2831E-23  0.1966E-23
  0.1444E-23  0.1173E-11  0.1157E-11  0.1109E-11  0.1033E-11
  0.9394E-12  0.8285E-12  0.7136E-12  0.4860E-12  0.2964E-12
  0.1368E-12  0.5319E-13  0.1743E-13  0.4811E-14  0.2195E-15
  0.5105E-17  0.3600E-19  0.2686E-19  0.1780E-19  0.1144E-19
  0.8493E-20  0.6310E-20  0.5071E-20  0.4000E-20  0.3400E-20
  0.2814E-20  0.2387E-20  0.2031E-20  0.1757E-20  0.1524E-20
  0.1177E-20  0.1051E-20  0.6725E-21  0.4665E-21  0.3427E-21
  0.2622E-21  0.2072E-21  0.1678E-21  0.7456E-22  0.4193E-22
  0.2684E-22  0.1864E-22  0.1369E-22  0.1048E-22  0.6709E-23
  0.4659E-23  0.3423E-23  0.2375E-11  0.2343E-11  0.2247E-11
  0.2095E-11  0.1906E-11  0.1683E-11  0.1452E-11  0.9922E-12
  0.6078E-12  0.2825E-12  0.1108E-12  0.3666E-13  0.1024E-13
  0.4801E-15  0.1156E-16  0.9304E-19  0.6937E-19  0.4598E-19
  0.2952E-19  0.2196E-19  0.1632E-19  0.1304E-19  0.1036E-19
  0.8682E-20  0.7216E-20  0.6149E-20  0.5258E-20  0.4574E-20
  0.3991E-20  0.3125E-20  0.2628E-20  0.1681E-20  0.1166E-20
  0.8566E-21  0.6555E-21  0.5179E-21  0.4194E-21  0.1864E-21
  0.1048E-21  0.6708E-22  0.4659E-22  0.3423E-22  0.2620E-22
  0.1677E-22  0.1165E-22  0.8556E-23  0.4804E-11  0.4739E-11
  0.4547E-11  0.4242E-11  0.3863E-11  0.3415E-11  0.2949E-11
  0.2022E-11  0.1244E-11  0.5819E-12  0.2300E-12  0.7684E-13
  0.2169E-13  0.1044E-14  0.2598E-16  0.2367E-18  0.1770E-18
  0.1173E-18  0.7530E-19  0.5606E-19  0.4166E-19  0.3321E-19
  0.2647E-19  0.2205E-19  0.1836E-19  0.1567E-19  0.1343E-19
  0.1170E-19  0.1024E-19  0.8055E-20  0.6618E-20  0.4234E-20
  0.2937E-20  0.2157E-20  0.1651E-20  0.1304E-20  0.1056E-20
  0.4694E-21  0.2640E-21  0.1689E-21  0.1173E-21  0.8619E-22
  0.6599E-22  0.4223E-22  0.2933E-22  0.2155E-22  0.9733E-11
  0.9603E-11  0.9217E-11  0.8603E-11  0.7842E-11  0.6939E-11
  0.6000E-11  0.4127E-11  0.2549E-11  0.1200E-11  0.4782E-12
  0.1612E-12  0.4600E-13  0.2271E-14  0.5841E-16  0.6294E-18
  0.4529E-18  0.3001E-18  0.1925E-18  0.1434E-18  0.1065E-18
  0.8486E-19  0.6770E-19  0.5628E-19  0.4689E-19  0.4005E-19
  0.3434E-19  0.2996E-19  0.2622E-19  0.2067E-19  0.1683E-19
  0.1077E-19  0.7469E-20  0.5487E-20  0.4199E-20  0.3318E-20
  0.2687E-20  0.1194E-20  0.6715E-21  0.4297E-21  0.2984E-21
  0.2192E-21  0.1679E-21  0.1074E-21  0.7460E-22  0.5481E-22
  0.2002E-10  0.1976E-10  0.1897E-10  0.1772E-10  0.1616E-10
  0.1432E-10  0.1239E-10  0.8553E-11  0.5306E-11  0.2515E-11
  0.1010E-11  0.3439E-12  0.9922E-13  0.5031E-14  0.1339E-15
  0.1697E-17  0.1180E-17  0.7817E-18  0.5013E-18  0.3733E-18
  0.2774E-18  0.2209E-18  0.1763E-18  0.1464E-18  0.1220E-18
  0.1043E-18  0.8942E-19  0.7803E-19  0.6833E-19  0.5391E-19
  0.4374E-19  0.2798E-19  0.1941E-19  0.1426E-19  0.1091E-19
  0.8620E-20  0.6981E-20  0.3102E-20  0.1745E-20  0.1116E-20
  0.7753E-21  0.5696E-21  0.4361E-21  0.2791E-21  0.1938E-21
  0.1424E-21  0.4183E-10  0.4128E-10  0.3965E-10  0.3706E-10
  0.3384E-10  0.3001E-10  0.2601E-10  0.1801E-10  0.1122E-10
  0.5357E-11  0.2170E-11  0.7460E-12  0.2177E-12  0.1135E-13
  0.3132E-15  0.4535E-17  0.3128E-17  0.2073E-17  0.1329E-17
  0.9896E-18  0.7353E-18  0.5854E-18  0.4673E-18  0.3880E-18
  0.3233E-18  0.2762E-18  0.2370E-18  0.2068E-18  0.1811E-18
  0.1429E-18  0.1158E-18  0.7408E-19  0.5138E-19  0.3775E-19
  0.2889E-19  0.2282E-19  0.1848E-19  0.8213E-20  0.4619E-20
  0.2956E-20  0.2053E-20  0.1508E-20  0.1155E-20  0.7390E-21
  0.5132E-21  0.3770E-21  0.8869E-10  0.8754E-10  0.8412E-10
  0.7866E-10  0.7188E-10  0.6382E-10  0.5540E-10  0.3850E-10
  0.2410E-10  0.1158E-10  0.4733E-11  0.1644E-11  0.4855E-12
  0.2604E-13  0.7456E-15  0.1222E-16  0.8446E-17  0.5584E-17
  0.3579E-17  0.2665E-17  0.1980E-17  0.1576E-17  0.1258E-17
  0.1045E-17  0.8705E-18  0.7438E-18  0.6380E-18  0.5569E-18
  0.4878E-18  0.3850E-18  0.3117E-18  0.1994E-18  0.1383E-18
  0.1016E-18  0.7775E-19  0.6143E-19  0.4975E-19  0.2211E-19
  0.1243E-19  0.7957E-20  0.5525E-20  0.4059E-20  0.3108E-20
  0.1989E-20  0.1381E-20  0.1015E-20  0.1897E-09  0.1873E-09
  0.1800E-09  0.1685E-09  0.1541E-09  0.1370E-09  0.1191E-09
  0.8303E-10  0.5221E-10  0.2528E-10  0.1042E-10  0.3657E-11
  0.1093E-11  0.6033E-13  0.1794E-14  0.3244E-16  0.2302E-16
  0.1518E-16  0.9728E-17  0.7244E-17  0.5382E-17  0.4284E-17
  0.3419E-17  0.2839E-17  0.2365E-17  0.2021E-17  0.1734E-17
  0.1513E-17  0.1326E-17  0.1046E-17  0.8470E-18  0.5418E-18
  0.3758E-18  0.2761E-18  0.2113E-18  0.1669E-18  0.1352E-18
  0.6006E-19  0.3378E-19  0.2162E-19  0.1501E-19  0.1103E-19
  0.8444E-20  0.5404E-20  0.3753E-20  0.2757E-20  0.4087E-09
  0.4035E-09  0.3880E-09  0.3634E-09  0.3326E-09  0.2960E-09
  0.2577E-09  0.1804E-09  0.1139E-09  0.5557E-10  0.2311E-10
  0.8196E-11  0.2479E-11  0.1409E-12  0.4356E-14  0.1059E-15
  0.6317E-16  0.4159E-16  0.2664E-16  0.1983E-16  0.1473E-16
  0.1173E-16  0.9361E-17  0.7770E-17  0.6475E-17  0.5533E-17
  0.4746E-17  0.4142E-17  0.3628E-17  0.2864E-17  0.2318E-17
  0.1483E-17  0.1029E-17  0.7556E-18  0.5782E-18  0.4569E-18
  0.3700E-18  0.1644E-18  0.9246E-19  0.5917E-19  0.4109E-19
  0.3019E-19  0.2311E-19  0.1479E-19  0.1027E-19  0.7547E-20
  0.8857E-09  0.8745E-09  0.8414E-09  0.7884E-09  0.7224E-09
  0.6437E-09  0.5611E-09  0.3942E-09  0.2502E-09  0.1229E-09
  0.5158E-10  0.1849E-10  0.5663E-11  0.3316E-12  0.1066E-13
  0.3321E-15  0.1743E-15  0.1146E-15  0.7335E-16  0.5461E-16
  0.4057E-16  0.3229E-16  0.2577E-16  0.2139E-16  0.1783E-16
  0.1523E-16  0.1307E-16  0.1140E-16  0.9989E-17  0.7884E-17
  0.6382E-17  0.4082E-17  0.2831E-17  0.2080E-17  0.1592E-17
  0.1258E-17  0.1018E-17  0.4525E-18  0.2545E-18  0.1629E-18
  0.1131E-18  0.8310E-19  0.6362E-19  0.4072E-19  0.2828E-19
  0.2077E-19  0.1930E-08  0.1906E-08  0.1834E-08  0.1720E-08
  0.1577E-08  0.1407E-08  0.1228E-08  0.8662E-09  0.5524E-09
  0.2734E-09  0.1158E-09  0.4196E-10  0.1301E-10  0.7852E-12
  0.2629E-13  0.9416E-15  0.4835E-15  0.3172E-15  0.2030E-15
  0.1511E-15  0.1123E-15  0.8935E-16  0.7131E-16  0.5919E-16
  0.4933E-16  0.4215E-16  0.3615E-16  0.3155E-16  0.2764E-16
  0.2182E-16  0.1766E-16  0.1130E-16  0.7834E-17  0.5755E-17
  0.4404E-17  0.3480E-17  0.2818E-17  0.1252E-17  0.7042E-18
  0.4507E-18  0.3130E-18  0.2299E-18  0.1760E-18  0.1127E-18
  0.7824E-19  0.5748E-19  0.4211E-08  0.4159E-08  0.4005E-08
  0.3758E-08  0.3449E-08  0.3081E-08  0.2693E-08  0.1906E-08
  0.1222E-08  0.6092E-09  0.2604E-09  0.9537E-10  0.2995E-10
  0.1863E-11  0.6496E-13  0.2593E-14  0.1341E-14  0.8782E-15
  0.5619E-15  0.4183E-15  0.3107E-15  0.2472E-15  0.1973E-15
  0.1638E-15  0.1365E-15  0.1166E-15  0.1000E-15  0.8730E-16
  0.7646E-16  0.6035E-16  0.4885E-16  0.3125E-16  0.2167E-16
  0.1592E-16  0.1218E-16  0.9626E-17  0.7795E-17  0.3464E-17
  0.1948E-17  0.1247E-17  0.8658E-18  0.6361E-18  0.4870E-18
  0.3117E-18  0.2164E-18  0.1590E-18  0.9163E-08  0.9052E-08
  0.8719E-08  0.8188E-08  0.7523E-08  0.6728E-08  0.5890E-08
  0.4184E-08  0.2694E-08  0.1354E-08  0.5838E-09  0.2162E-09
  0.6874E-10  0.4407E-11  0.1602E-12  0.7009E-14  0.3706E-14
  0.2418E-14  0.1548E-14  0.1152E-14  0.8557E-15  0.6809E-15
  0.5434E-15  0.4511E-15  0.3759E-15  0.3211E-15  0.2755E-15
  0.2404E-15  0.2106E-15  0.1662E-15  0.1345E-15  0.8605E-16
  0.5968E-16  0.4384E-16  0.3355E-16  0.2651E-16  0.2147E-16
  0.9539E-17  0.5365E-17  0.3433E-17  0.2384E-17  0.1752E-17
  0.1341E-17  0.8583E-18  0.5960E-18  0.4379E-18  0.1990E-07
  0.1966E-07  0.1895E-07  0.1780E-07  0.1637E-07  0.1466E-07
  0.1285E-07  0.9165E-08  0.5930E-08  0.3002E-08  0.1307E-08
  0.4893E-09  0.1575E-09  0.1041E-10  0.3948E-12  0.1985E-13
  0.1020E-13  0.6684E-14  0.4247E-14  0.3161E-14  0.2347E-14
  0.1868E-14  0.1490E-14  0.1237E-14  0.1031E-14  0.8807E-15
  0.7555E-15  0.6593E-15  0.5775E-15  0.4558E-15  0.3689E-15
  0.2360E-15  0.1637E-15  0.1202E-15  0.9201E-16  0.7269E-16
  0.5887E-16  0.2616E-16  0.1471E-16  0.9415E-17  0.6538E-17
  0.4803E-17  0.3678E-17  0.2354E-17  0.1634E-17  0.1201E-17
  0.4293E-07  0.4242E-07  0.4089E-07  0.3845E-07  0.3539E-07
  0.3173E-07  0.2786E-07  0.1994E-07  0.1296E-07  0.6612E-08
  0.2905E-08  0.1099E-08  0.3585E-09  0.2443E-10  0.9662E-12
  0.5530E-13  0.2782E-13  0.1830E-13  0.1153E-13  0.8580E-14
  0.6370E-14  0.5069E-14  0.4045E-14  0.3357E-14  0.2797E-14
  0.2390E-14  0.2050E-14  0.1789E-14  0.1567E-14  0.1237E-14
  0.1001E-14  0.6404E-15  0.4442E-15  0.3263E-15  0.2497E-15
  0.1973E-15  0.1598E-15  0.7098E-16  0.3992E-16  0.2555E-16
  0.1774E-16  0.1303E-16  0.9980E-17  0.6387E-17  0.4435E-17
  0.3259E-17  0.9188E-07  0.9080E-07  0.8757E-07  0.8241E-07
  0.7592E-07  0.6815E-07  0.5992E-07  0.4304E-07  0.2812E-07
  0.1445E-07  0.6406E-08  0.2451E-08  0.8092E-09  0.5684E-10
  0.2346E-11  0.1482E-12  0.7505E-13  0.4944E-13  0.3091E-13
  0.2303E-13  0.1710E-13  0.1361E-13  0.1086E-13  0.9011E-14
  0.7508E-14  0.6415E-14  0.5503E-14  0.4802E-14  0.4206E-14
  0.3320E-14  0.2687E-14  0.1719E-14  0.1192E-14  0.8756E-15
  0.6701E-15  0.5294E-15  0.4287E-15  0.1905E-15  0.1071E-15
  0.6857E-16  0.4762E-16  0.3498E-16  0.2678E-16  0.1714E-16
  0.1190E-16  0.8745E-17  0.1937E-06  0.1915E-06  0.1847E-06
  0.1740E-06  0.1604E-06  0.1442E-06  0.1269E-06  0.9151E-07
  0.6005E-07  0.3109E-07  0.1391E-07  0.5377E-08  0.1797E-08
  0.1300E-09  0.5599E-11  0.3862E-12  0.1985E-12  0.1307E-12
  0.8218E-13  0.6045E-13  0.4489E-13  0.3571E-13  0.2850E-13
  0.2365E-13  0.1971E-13  0.1684E-13  0.1445E-13  0.1261E-13
  0.1105E-13  0.8716E-14  0.7061E-14  0.4517E-14  0.3133E-14
  0.2301E-14  0.1761E-14  0.1391E-14  0.1127E-14  0.5006E-15
  0.2816E-15  0.1802E-15  0.1251E-15  0.9193E-16  0.7038E-16
  0.4504E-16  0.3128E-16  0.2298E-16  0.4031E-06  0.3984E-06
  0.3846E-06  0.3624E-06  0.3345E-06  0.3009E-06  0.2653E-06
  0.1920E-06  0.1266E-06  0.6600E-07  0.2979E-07  0.1164E-07
  0.3937E-08  0.2934E-09  0.1319E-10  0.9873E-12  0.5166E-12
  0.3400E-12  0.2152E-12  0.1584E-12  0.1173E-12  0.9342E-13
  0.7441E-13  0.6180E-13  0.5141E-13  0.4396E-13  0.3765E-13
  0.3289E-13  0.2853E-13  0.2269E-13  0.1822E-13  0.1166E-13
  0.8086E-14  0.5940E-14  0.4546E-14  0.3592E-14  0.2909E-14
  0.1293E-14  0.7271E-15  0.4653E-15  0.3232E-15  0.2375E-15
  0.1818E-15  0.1164E-15  0.8082E-16  0.5938E-16  0.8293E-06
  0.8199E-06  0.7917E-06  0.7465E-06  0.6896E-06  0.6212E-06
  0.5484E-06  0.3983E-06  0.2638E-06  0.1385E-06  0.6308E-07
  0.2490E-07  0.8526E-08  0.6545E-09  0.3071E-10  0.2489E-11
  0.1325E-11  0.8712E-12  0.5521E-12  0.4093E-12  0.3024E-12
  0.2410E-12  0.1915E-12  0.1592E-12  0.1322E-12  0.1131E-12
  0.9670E-13  0.8456E-13  0.7325E-13  0.5822E-13  0.4675E-13
  0.2991E-13  0.2071E-13  0.1522E-13  0.1163E-13  0.9194E-14
  0.7437E-14  0.3304E-14  0.1856E-14  0.1188E-14  0.8244E-15
  0.6036E-15  0.4620E-15  0.2959E-15  0.2055E-15  0.1510E-15
  0.1685E-05  0.1666E-05  0.1610E-05  0.1519E-05  0.1404E-05
  0.1266E-05  0.1120E-05  0.8158E-06  0.5428E-06  0.2872E-06
  0.1319E-06  0.5261E-07  0.1823E-07  0.1441E-08  0.7063E-10
  0.6187E-11  0.3346E-11  0.2196E-11  0.1391E-11  0.1034E-11
  0.7626E-12  0.6079E-12  0.4823E-12  0.4013E-12  0.3326E-12
  0.2849E-12  0.2432E-12  0.2129E-12  0.1851E-12  0.1463E-12
  0.1180E-12  0.7550E-13  0.5216E-13  0.3836E-13  0.2926E-13
  0.2315E-13  0.1870E-13  0.8303E-14  0.4657E-14  0.2981E-14
  0.2067E-14  0.1513E-14  0.1160E-14  0.7390E-15  0.5132E-15
  0.3771E-15  0.3391E-05  0.3353E-05  0.3241E-05  0.3060E-05
  0.2831E-05  0.2556E-05  0.2263E-05  0.1655E-05  0.1106E-05
  0.5895E-06  0.2731E-06  0.1101E-06  0.3861E-07  0.3144E-08
  0.1610E-09  0.1522E-10  0.8339E-11  0.5465E-11  0.3459E-11
  0.2572E-11  0.1894E-11  0.1510E-11  0.1197E-11  0.9960E-12
  0.8245E-12  0.7067E-12  0.6026E-12  0.5277E-12  0.4591E-12
  0.3622E-12  0.2924E-12  0.1872E-12  0.1291E-12  0.9497E-13
  0.7237E-13  0.5727E-13  0.4622E-13  0.2052E-13  0.1150E-13
  0.7360E-14  0.5100E-14  0.3741E-14  0.2873E-14  0.1818E-14
  0.1263E-14  0.9277E-15  0.6768E-05  0.6693E-05  0.6471E-05
  0.6114E-05  0.5662E-05  0.5118E-05  0.4538E-05  0.3330E-05
  0.2236E-05  0.1200E-05  0.5610E-06  0.2285E-06  0.8110E-07
  0.6803E-08  0.3644E-09  0.3709E-10  0.2056E-10  0.1345E-10
  0.8496E-11  0.6319E-11  0.4646E-11  0.3706E-11  0.2931E-11
  0.2441E-11  0.2018E-11  0.1731E-11  0.1474E-11  0.1292E-11
  0.1123E-11  0.8851E-12  0.7148E-12  0.4576E-12  0.3152E-12
  0.2319E-12  0.1765E-12  0.1398E-12  0.1127E-12  0.5001E-13
  0.2799E-13  0.1792E-13  0.1241E-13  0.9108E-14  0.7005E-14
  0.4413E-14  0.3064E-14  0.2251E-14  0.1340E-04  0.1326E-04
  0.1282E-04  0.1212E-04  0.1124E-04  0.1017E-04  0.9030E-05
  0.6651E-05  0.4487E-05  0.2425E-05  0.1144E-05  0.4707E-06
  0.1691E-06  0.1462E-07  0.8200E-09  0.8972E-10  0.5022E-10
  0.3277E-10  0.2066E-10  0.1537E-10  0.1127E-10  0.8996E-11
  0.7104E-11  0.5920E-11  0.4886E-11  0.4193E-11  0.3566E-11
  0.3127E-11  0.2716E-11  0.2139E-11  0.1727E-11  0.1106E-11
  0.7603E-12  0.5596E-12  0.4255E-12  0.3369E-12  0.2714E-12
  0.1204E-12  0.6732E-13  0.4310E-13  0.2983E-13  0.2189E-13
  0.1686E-13  0.1057E-13  0.7343E-14  0.5394E-14  0.2654E-04
  0.2626E-04  0.2540E-04  0.2404E-04  0.2230E-04  0.2021E-04
  0.1797E-04  0.1328E-04  0.9003E-05  0.4903E-05  0.2333E-05
  0.9708E-06  0.3532E-06  0.3150E-07  0.1853E-08  0.2176E-09
  0.1227E-09  0.7984E-10  0.5022E-10  0.3733E-10  0.2733E-10
  0.2181E-10  0.1719E-10  0.1433E-10  0.1181E-10  0.1014E-10
  0.8608E-11  0.7555E-11  0.6553E-11  0.5156E-11  0.4162E-11
  0.2664E-11  0.1829E-11  0.1346E-11  0.1022E-11  0.8098E-12
  0.6516E-12  0.2889E-12  0.1613E-12  0.1033E-12  0.7142E-13
  0.5241E-13  0.4041E-13  0.2521E-13  0.1751E-13  0.1286E-13
  0.5302E-04  0.5245E-04  0.5077E-04  0.4807E-04  0.4464E-04
  0.4050E-04  0.3606E-04  0.2677E-04  0.1823E-04  0.1001E-04
  0.4809E-05  0.2024E-05  0.7461E-06  0.6877E-07  0.4252E-08
  0.5349E-09  0.3034E-09  0.1966E-09  0.1233E-09  0.9160E-10
  0.6685E-10  0.5339E-10  0.4195E-10  0.3501E-10  0.2877E-10
  0.2474E-10  0.2095E-10  0.1841E-10  0.1593E-10  0.1252E-10
  0.1010E-10  0.6467E-11  0.4429E-11  0.3262E-11  0.2472E-11
  0.1959E-11  0.1574E-11  0.6974E-12  0.3887E-12  0.2489E-12
  0.1719E-12  0.1261E-12  0.9743E-13  0.6038E-13  0.4193E-13
  0.3081E-13  0.1079E-03  0.1068E-03  0.1034E-03  0.9800E-04
  0.9110E-04  0.8277E-04  0.7382E-04  0.5501E-04  0.3768E-04
  0.2086E-04  0.1012E-04  0.4313E-05  0.1613E-05  0.1540E-06
  0.1004E-07  0.1350E-08  0.7679E-09  0.4949E-09  0.3092E-09
  0.2296E-09  0.1669E-09  0.1334E-09  0.1044E-09  0.8724E-10
  0.7146E-10  0.6152E-10  0.5195E-10  0.4571E-10  0.3946E-10
  0.3098E-10  0.2497E-10  0.1598E-10  0.1091E-10  0.8039E-11
  0.6077E-11  0.4820E-11  0.3865E-11  0.1711E-11  0.9510E-12
  0.6090E-12  0.4200E-12  0.3080E-12  0.2385E-12  0.1465E-12
  0.1017E-12  0.7473E-13  0.2273E-03  0.2250E-03  0.2180E-03
  0.2067E-03  0.1924E-03  0.1750E-03  0.1564E-03  0.1171E-03
  0.8067E-04  0.4507E-04  0.2213E-04  0.9553E-05  0.3629E-05
  0.3604E-06  0.2490E-07  0.3573E-08  0.2031E-08  0.1305E-08
  0.8083E-09  0.5993E-09  0.4336E-09  0.3466E-09  0.2702E-09
  0.2260E-09  0.1843E-09  0.1589E-09  0.1337E-09  0.1178E-09
  0.1014E-09  0.7946E-10  0.6396E-10  0.4093E-10  0.2782E-10
  0.2051E-10  0.1545E-10  0.1227E-10  0.9810E-11  0.4335E-11
  0.2402E-11  0.1538E-11  0.1058E-11  0.7754E-12  0.6027E-12
  0.3654E-12  0.2537E-12  0.1864E-12  0.5043E-03  0.4992E-03
  0.4839E-03  0.4594E-03  0.4281E-03  0.3902E-03  0.3493E-03
  0.2628E-03  0.1823E-03  0.1030E-03  0.5123E-04  0.2247E-04
  0.8692E-05  0.9039E-06  0.6681E-07  0.1020E-07  0.5758E-08
  0.3580E-08  0.2257E-08  0.1671E-08  0.1201E-08  0.9607E-09
  0.7442E-09  0.6235E-09  0.5056E-09  0.4369E-09  0.3655E-09
  0.3229E-09  0.2764E-09  0.2162E-09  0.1737E-09  0.1111E-09
  0.7504E-10  0.5536E-10  0.4151E-10  0.3299E-10  0.2628E-10
  0.1158E-10  0.6387E-11  0.4089E-11  0.2805E-11  0.2052E-11
  0.1604E-11  0.9533E-12  0.6620E-12  0.4863E-12  0.1204E-02
  0.1192E-02  0.1156E-02  0.1099E-02  0.1025E-02  0.9365E-03
  0.8402E-03  0.6360E-03  0.4447E-03  0.2542E-03  0.1284E-03
  0.5736E-04  0.2266E-04  0.2484E-05  0.1982E-06  0.3239E-07
  0.1816E-07  0.1092E-07  0.6950E-08  0.5131E-08  0.3657E-08
  0.2925E-08  0.2247E-08  0.1886E-08  0.1517E-08  0.1315E-08
  0.1092E-08  0.9674E-09  0.8222E-09  0.6411E-09  0.5137E-09
  0.3282E-09  0.2197E-09  0.1622E-09  0.1208E-09  0.9614E-10
  0.7614E-10  0.3344E-10  0.1830E-10  0.1171E-10  0.7992E-11
  0.5835E-11  0.4597E-11  0.2649E-11  0.1839E-11  0.1351E-11
  0.3140E-02  0.3109E-02  0.3019E-02  0.2873E-02  0.2685E-02
  0.2458E-02  0.2211E-02  0.1685E-02  0.1189E-02  0.6893E-03
  0.3543E-03  0.1615E-03  0.6536E-04  0.7608E-05  0.6632E-06
  0.1175E-06  0.6537E-07  0.3855E-07  0.2431E-07  0.1786E-07
  0.1259E-07  0.1007E-07  0.7652E-08  0.6434E-08  0.5123E-08
  0.4453E-08  0.3661E-08  0.3257E-08  0.2742E-08  0.2128E-08
  0.1699E-08  0.1083E-08  0.7158E-09  0.5288E-09  0.3898E-09
  0.3109E-09  0.2442E-09  0.1066E-09  0.5765E-10  0.3686E-10
  0.2496E-10  0.1815E-10  0.1449E-10  0.7336E-11  0.5512E-11
  0.4050E-11  0.9076E-02  0.8990E-02  0.8736E-02  0.8325E-02
  0.7798E-02  0.7157E-02  0.6458E-02  0.4961E-02  0.3536E-02
  0.2083E-02  0.1092E-02  0.5095E-03  0.2118E-03  0.2642E-04
  0.2554E-05  0.4982E-06  0.2769E-06  0.1599E-06  0.9935E-07
  0.7248E-07  0.5047E-07  0.4031E-07  0.3025E-07  0.2547E-07
  0.2004E-07  0.1747E-07  0.1420E-07  0.1268E-07  0.1056E-07
  0.8143E-08  0.6466E-08  0.4107E-08  0.2670E-08  0.1973E-08
  0.1435E-08  0.1147E-08  0.8909E-09  0.3850E-09  0.2049E-09
  0.1308E-09  0.8747E-10  0.6324E-10  0.5147E-10  0.3042E-10
  0.1682E-10  0.1328E-10  0.2981E-01  0.2954E-01  0.2873E-01
  0.2743E-01  0.2575E-01  0.2370E-01  0.2146E-01  0.1664E-01
  0.1200E-01  0.7200E-02  0.3860E-02  0.1851E-02  0.7942E-03
  0.1075E-03  0.1184E-04  0.2623E-05  0.1465E-05  0.8285E-06
  0.5061E-06  0.3655E-06  0.2515E-06  0.2001E-06  0.1483E-06
  0.1248E-06  0.9698E-07  0.8466E-07  0.6796E-07  0.6087E-07
  0.5008E-07  0.3832E-07  0.3023E-07  0.1907E-07  0.1215E-07
  0.8964E-08  0.6411E-08  0.5130E-08  0.3928E-08  0.1672E-08
  0.8691E-09  0.5523E-09  0.3625E-09  0.2593E-09  0.2174E-09
  0.1435E-09  0.7604E-10  0.4904E-10  0.1111E+00  0.1101E+00
  0.1073E+00  0.1026E+00  0.9654E-01  0.8916E-01  0.8105E-01
  0.6348E-01  0.4638E-01  0.2841E-01  0.1562E-01  0.7718E-02
  0.3433E-02  0.5101E-03  0.6474E-04  0.1616E-04  0.9059E-05
  0.5030E-05  0.3037E-05  0.2167E-05  0.1481E-05  0.1171E-05
  0.8609E-06  0.7220E-06  0.5564E-06  0.4849E-06  0.3861E-06
  0.3457E-06  0.2821E-06  0.2142E-06  0.1679E-06  0.1050E-06
  0.6572E-07  0.4829E-07  0.3402E-07  0.2719E-07  0.2056E-07
  0.8582E-08  0.4352E-08  0.2748E-08  0.1762E-08  0.1241E-08
  0.1079E-08  0.7412E-09  0.3794E-09  0.2026E-09  0.4756E+00
  0.4717E+00  0.4599E+00  0.4408E+00  0.4160E+00  0.3856E+00
  0.3521E+00  0.2789E+00  0.2068E+00  0.1297E+00  0.7336E-01
  0.3751E-01  0.1737E-01  0.2866E-02  0.4197E-03  0.1146E-03
  0.6404E-04  0.3490E-04  0.2095E-04  0.1477E-04  0.1008E-04
  0.7899E-05  0.5797E-05  0.4831E-05  0.3714E-05  0.3221E-05
  0.2558E-05  0.2281E-05  0.1856E-05  0.1402E-05  0.1093E-05
  0.6764E-06  0.4187E-06  0.3056E-06  0.2133E-06  0.1698E-06
  0.1273E-06  0.5211E-07  0.2590E-07  0.1620E-07  0.1015E-07
  0.7024E-08  0.6314E-08  0.4435E-08  0.2111E-08  0.9611E-09
  0.2243E+01  0.2225E+01  0.2172E+01  0.2087E+01  0.1975E+01
  0.1839E+01  0.1686E+01  0.1352E+01  0.1019E+01  0.6546E+00
  0.3819E+00  0.2026E+00  0.9803E-01  0.1810E-01  0.3064E-02
  0.9040E-03  0.5031E-03  0.2688E-03  0.1611E-03  0.1122E-03
  0.7675E-04  0.5958E-04  0.4384E-04  0.3622E-04  0.2792E-04
  0.2403E-04  0.1913E-04  0.1694E-04  0.1382E-04  0.1040E-04
  0.8077E-05  0.4939E-05  0.3046E-05  0.2204E-05  0.1534E-05
  0.1212E-05  0.9073E-06  0.3643E-06  0.1787E-06  0.1106E-06
  0.6797E-07  0.4610E-07  0.4257E-07  0.3032E-07  0.1349E-07
  0.5255E-08  0.1139E+02  0.1131E+02  0.1105E+02  0.1064E+02
  0.1010E+02  0.9441E+01  0.8700E+01  0.7061E+01  0.5402E+01
  0.3557E+01  0.2137E+01  0.1175E+01  0.5920E+00  0.1204E+00
  0.2227E-01  0.6588E-02  0.3575E-02  0.1878E-02  0.1127E-02
  0.7782E-03  0.5342E-03  0.4116E-03  0.3042E-03  0.2496E-03
  0.1932E-03  0.1652E-03  0.1321E-03  0.1163E-03  0.9528E-04
  0.7155E-04  0.5551E-04  0.3367E-04  0.2081E-04  0.1495E-04
  0.1042E-04  0.8187E-05  0.6143E-05  0.2439E-05  0.1194E-05
  0.7332E-06  0.4463E-06  0.2989E-06  0.2788E-06  0.1995E-06
  0.8620E-07  0.3103E-07  0.5258E+02  0.5220E+02  0.5109E+02
  0.4927E+02  0.4688E+02  0.4395E+02  0.4064E+02  0.3329E+02
  0.2576E+02  0.1727E+02  0.1060E+02  0.5959E+01  0.3076E+01
  0.6482E+00  0.1149E+00  0.2884E-01  0.1448E-01  0.7660E-02
  0.4619E-02  0.3213E-02  0.2205E-02  0.1708E-02  0.1261E-02
  0.1040E-02  0.8037E-03  0.6902E-03  0.5510E-03  0.4870E-03
  0.3984E-03  0.2998E-03  0.2331E-03  0.1423E-03  0.8808E-04
  0.6362E-04  0.4441E-04  0.3504E-04  0.2631E-04  0.1056E-04
  0.5204E-05  0.3219E-05  0.1982E-05  0.1345E-05  0.1241E-05
  0.8838E-06  0.3973E-06  0.1584E-06  0.1761E+03  0.1748E+03
  0.1711E+03  0.1651E+03  0.1572E+03  0.1474E+03  0.1364E+03
  0.1118E+03  0.8656E+02  0.5787E+02  0.3517E+02  0.1933E+02
  0.9483E+01  0.1379E+01 -0.1479E+00 -0.2244E+00 -0.1514E+00
 -0.7254E-01 -0.4267E-01 -0.2762E-01 -0.1932E-01 -0.1407E-01
 -0.1068E-01 -0.8307E-02 -0.6629E-02 -0.5382E-02 -0.4444E-02
 -0.3719E-02 -0.3151E-02 -0.2330E-02 -0.1784E-02 -0.1006E-02
 -0.6283E-03 -0.4224E-03 -0.2990E-03 -0.2210E-03 -0.1692E-03
 -0.5920E-04 -0.2779E-04 -0.1546E-04 -0.8104E-05 -0.4311E-05
 -0.4661E-05 -0.3506E-05 -0.7118E-06  0.5402E-06  0.4804E+03
  0.4770E+03  0.4666E+03  0.4498E+03  0.4274E+03  0.4001E+03
  0.3690E+03  0.2998E+03  0.2284E+03  0.1472E+03  0.8321E+02
  0.3910E+02  0.1261E+02 -0.6428E+01 -0.7175E+01 -0.5075E+01
 -0.3491E+01 -0.1841E+01 -0.1095E+01 -0.7193E+00 -0.5011E+00
 -0.3696E+00 -0.2791E+00 -0.2198E+00 -0.1744E+00 -0.1433E+00
 -0.1176E+00 -0.9956E-01 -0.8378E-01 -0.6225E-01 -0.4786E-01
 -0.2753E-01 -0.1720E-01 -0.1178E-01 -0.8331E-02 -0.6265E-02
 -0.4783E-02 -0.1746E-02 -0.8370E-03 -0.4826E-03 -0.2702E-03
 -0.1599E-03 -0.1585E-03 -0.1155E-03 -0.3577E-04  0.1159E-05
  0.1427E+04  0.1418E+04  0.1390E+04  0.1346E+04  0.1286E+04
  0.1213E+04  0.1129E+04  0.9382E+03  0.7370E+03  0.4997E+03
  0.3031E+03  0.1585E+03  0.6431E+02 -0.1432E+02 -0.2233E+02
 -0.1491E+02 -0.9476E+01 -0.6457E+01 -0.5024E+01 -0.3513E+01
 -0.2465E+01 -0.1810E+01 -0.1370E+01 -0.1074E+01 -0.8552E+00
 -0.6994E+00 -0.5763E+00 -0.4857E+00 -0.4105E+00 -0.3050E+00
 -0.2344E+00 -0.1342E+00 -0.8426E-01 -0.5741E-01 -0.4080E-01
 -0.3053E-01 -0.2343E-01 -0.8517E-02 -0.4103E-02 -0.2354E-02
 -0.1320E-02 -0.7780E-03 -0.7511E-03 -0.5388E-03 -0.1672E-03
  0.4823E-05  0.3981E+04  0.3961E+04  0.3904E+04  0.3808E+04
  0.3680E+04  0.3521E+04  0.3337E+04  0.2911E+04  0.2444E+04
  0.1865E+04  0.1345E+04  0.9185E+03  0.5966E+03  0.2216E+03
  0.7588E+02  0.2983E+02  0.1747E+02  0.1357E+02  0.9241E+01
  0.4396E+01  0.2002E+01  0.1301E+01  0.9512E+00  0.7700E+00
  0.5988E+00  0.5059E+00  0.4060E+00  0.3534E+00  0.2905E+00
  0.2165E+00  0.1669E+00  0.9902E-01  0.6059E-01  0.4278E-01
  0.2957E-01  0.2291E-01  0.1706E-01  0.6471E-02  0.3056E-02
  0.1825E-02  0.1038E-02  0.6449E-03  0.6910E-03  0.5284E-03
  0.1783E-03  0.1457E-04  0.7975E+04  0.7943E+04  0.7851E+04
  0.7698E+04  0.7491E+04  0.7233E+04  0.6932E+04  0.6227E+04
  0.5437E+04  0.4418E+04  0.3457E+04  0.2617E+04  0.1929E+04
  0.9977E+03  0.5138E+03  0.2818E+03  0.1716E+03  0.8863E+02
  0.5925E+02  0.4494E+02  0.3294E+02  0.2334E+02  0.1689E+02
  0.1317E+02  0.1043E+02  0.8583E+01  0.7034E+01  0.5968E+01
  0.5016E+01  0.3729E+01  0.2869E+01  0.1655E+01  0.1034E+01
  0.7097E+00  0.5017E+00  0.3782E+00  0.2886E+00  0.1059E+00
  0.5086E-01  0.2945E-01  0.1661E-01  0.9934E-02  0.9760E-02
  0.7088E-02  0.2270E-02  0.3215E-04  0.1313E+05  0.1309E+05
  0.1296E+05  0.1275E+05  0.1247E+05  0.1212E+05  0.1170E+05
  0.1072E+05  0.9598E+04  0.8115E+04  0.6668E+04  0.5346E+04
  0.4206E+04  0.2517E+04  0.1498E+04  0.9178E+03  0.5895E+03
  0.2916E+03  0.1777E+03  0.1265E+03  0.9644E+02  0.7752E+02
  0.6080E+02  0.4753E+02  0.3734E+02  0.3056E+02  0.2509E+02
  0.2123E+02  0.1789E+02  0.1330E+02  0.1023E+02  0.5881E+01
  0.3683E+01  0.2520E+01  0.1786E+01  0.1343E+01  0.1027E+01
  0.3757E+00  0.1808E+00  0.1044E+00  0.5883E-01  0.3508E-01
  0.3398E-01  0.2446E-01  0.7794E-02  0.5794E-04  0.1985E+05
  0.1979E+05  0.1963E+05  0.1937E+05  0.1901E+05  0.1855E+05
  0.1802E+05  0.1675E+05  0.1528E+05  0.1329E+05  0.1130E+05
  0.9418E+04  0.7732E+04  0.5070E+04  0.3296E+04  0.2166E+04
  0.1457E+04  0.7375E+03  0.4346E+03  0.2905E+03  0.2140E+03
  0.1722E+03  0.1400E+03  0.1157E+03  0.9429E+02  0.7778E+02
  0.6400E+02  0.5408E+02  0.4562E+02  0.3390E+02  0.2607E+02
  0.1497E+02  0.9386E+01  0.6414E+01  0.4552E+01  0.3416E+01
  0.2617E+01  0.9559E+00  0.4606E+00  0.2654E+00  0.1496E+00
  0.8913E-01  0.8557E-01  0.6125E-01  0.1949E-01  0.9566E-04
