  Ple                   3267.   0.03  -0.50   0.09
    50   0.0   0.0    1.0000  0.0001
  46
      4340.475      4340.485      4340.495      4340.505      4340.515
      4340.525      4340.535      4340.555      4340.575      4340.600
      4340.625      4340.650      4340.675      4340.725      4340.775
      4340.825      4340.875      4340.975      4341.075      4341.175
      4341.275      4341.375      4341.475      4341.575      4341.675
      4341.775      4341.875      4341.975      4342.075      4342.275
      4342.475      4342.975      4343.475      4343.975      4344.475
      4344.975      4345.475      4347.975      4350.475      4352.975
      4355.475      4357.975      4360.475      4365.475      4370.475
      4375.475
  0.3440E-13  0.3390E-13  0.3241E-13  0.3004E-13  0.2713E-13
  0.2370E-13  0.2016E-13  0.1322E-13  0.7572E-14  0.3035E-14
  0.8809E-15  0.1264E-15 -0.3864E-16 -0.1625E-16 -0.1279E-17
 -0.4841E-19 -0.2964E-20 -0.1921E-20 -0.1281E-20 -0.9112E-21
 -0.6636E-21 -0.5111E-21 -0.4348E-21 -0.3039E-21 -0.2735E-21
 -0.2184E-21 -0.2735E-21 -0.1946E-21 -0.1095E-21 -0.1630E-21
 -0.8005E-22 -0.1735E-22 -0.4917E-22 -0.6829E-22 -0.8071E-22
  0.3199E-22  0.2590E-22  0.1151E-22  0.6473E-23  0.4143E-23
  0.2877E-23  0.2114E-23  0.1618E-23  0.1036E-23  0.7192E-24
  0.5284E-24  0.1229E-12  0.1214E-12  0.1168E-12  0.1095E-12
  0.1003E-12  0.8942E-13  0.7796E-13  0.5476E-13  0.3473E-13
  0.1701E-13  0.7084E-14  0.2502E-14  0.7466E-15  0.3884E-16
  0.8659E-18 -0.4071E-22 -0.1816E-20 -0.1163E-20 -0.7964E-21
 -0.5505E-21 -0.3959E-21 -0.2980E-21 -0.2648E-21 -0.1628E-21
 -0.1560E-21 -0.1179E-21 -0.1873E-21 -0.1194E-21 -0.4359E-22
 -0.1110E-21 -0.3797E-22  0.9561E-23 -0.3051E-22 -0.5458E-22
 -0.7021E-22  0.4028E-22  0.3262E-22  0.1449E-22  0.8151E-23
  0.5217E-23  0.3622E-23  0.2661E-23  0.2038E-23  0.1304E-23
  0.9056E-24  0.6653E-24  0.2820E-12  0.2786E-12  0.2684E-12
  0.2522E-12  0.2319E-12  0.2077E-12  0.1820E-12  0.1297E-12
  0.8387E-13  0.4240E-13  0.1842E-13  0.6870E-14  0.2200E-14
  0.1426E-15  0.4993E-17  0.9572E-19  0.7143E-21  0.5084E-21
  0.2710E-21  0.2437E-21  0.1938E-21  0.1711E-21  0.1096E-21
  0.1479E-21  0.1029E-21  0.1033E-21  0.2373E-23  0.4615E-22
  0.1014E-21  0.3438E-23  0.5467E-22  0.6882E-22  0.1059E-22
 -0.2439E-22 -0.4711E-22  0.5853E-22  0.4740E-22  0.2106E-22
  0.1185E-22  0.7581E-23  0.5264E-23  0.3867E-23  0.2961E-23
  0.1895E-23  0.1316E-23  0.9668E-24  0.5817E-12  0.5748E-12
  0.5543E-12  0.5215E-12  0.4803E-12  0.4309E-12  0.3787E-12
  0.2717E-12  0.1772E-12  0.9085E-13  0.4015E-13  0.1530E-13
  0.5028E-14  0.3480E-15  0.1334E-16  0.2952E-18  0.6573E-20
  0.4378E-20  0.2742E-20  0.2082E-20  0.1559E-20  0.1257E-20
  0.9761E-21  0.8670E-21  0.7021E-21  0.6152E-21  0.4415E-21
  0.4293E-21  0.4371E-21  0.2683E-21  0.2691E-21  0.2060E-21
  0.1057E-21  0.4548E-22  0.6354E-23  0.1008E-21  0.8161E-22
  0.3626E-22  0.2039E-22  0.1305E-22  0.9063E-23  0.6659E-23
  0.5098E-23  0.3263E-23  0.2266E-23  0.1665E-23  0.1152E-11
  0.1139E-11  0.1099E-11  0.1035E-11  0.9538E-12  0.8570E-12
  0.7544E-12  0.5435E-12  0.3564E-12  0.1843E-12  0.8229E-13
  0.3175E-13  0.1059E-13  0.7591E-15  0.3043E-16  0.7162E-18
  0.2037E-19  0.1349E-19  0.8557E-20  0.6409E-20  0.4770E-20
  0.3812E-20  0.3015E-20  0.2559E-20  0.2112E-20  0.1820E-20
  0.1475E-20  0.1331E-20  0.1227E-20  0.8916E-21  0.7735E-21
  0.5286E-21  0.3295E-21  0.2099E-21  0.1321E-21  0.2002E-21
  0.1621E-21  0.7202E-22  0.4051E-22  0.2592E-22  0.1800E-22
  0.1323E-22  0.1013E-22  0.6480E-23  0.4500E-23  0.3306E-23
  0.2245E-11  0.2220E-11  0.2142E-11  0.2018E-11  0.1862E-11
  0.1675E-11  0.1476E-11  0.1067E-11  0.7026E-12  0.3656E-12
  0.1646E-12  0.6410E-13  0.2160E-13  0.1589E-14  0.6575E-16
  0.1616E-17  0.5319E-19  0.3516E-19  0.2239E-19  0.1670E-19
  0.1241E-19  0.9888E-20  0.7863E-20  0.6582E-20  0.5464E-20
  0.4684E-20  0.3931E-20  0.3475E-20  0.3104E-20  0.2374E-20
  0.1973E-20  0.1296E-20  0.8616E-21  0.6007E-21  0.4313E-21
  0.4365E-21  0.3535E-21  0.1571E-21  0.8833E-22  0.5653E-22
  0.3926E-22  0.2884E-22  0.2208E-22  0.1413E-22  0.9813E-23
  0.7210E-23  0.4466E-11  0.4415E-11  0.4262E-11  0.4018E-11
  0.3710E-11  0.3340E-11  0.2947E-11  0.2137E-11  0.1412E-11
  0.7393E-12  0.3352E-12  0.1317E-12  0.4482E-13  0.3377E-14
  0.1438E-15  0.3659E-17  0.1364E-18  0.9008E-19  0.5743E-19
  0.4277E-19  0.3175E-19  0.2528E-19  0.2014E-19  0.1677E-19
  0.1396E-19  0.1194E-19  0.1015E-19  0.8905E-20  0.7861E-20
  0.6127E-20  0.5011E-20  0.3239E-20  0.2209E-20  0.1591E-20
  0.1189E-20  0.1035E-20  0.8382E-21  0.3724E-21  0.2095E-21
  0.1340E-21  0.9309E-22  0.6839E-22  0.5236E-22  0.3351E-22
  0.2327E-22  0.1710E-22  0.9064E-11  0.8961E-11  0.8655E-11
  0.8163E-11  0.7542E-11  0.6797E-11  0.6004E-11  0.4365E-11
  0.2896E-11  0.1525E-11  0.6964E-12  0.2759E-12  0.9480E-13
  0.7309E-14  0.3201E-15  0.8429E-17  0.3525E-18  0.2326E-18
  0.1484E-18  0.1104E-18  0.8195E-19  0.6522E-19  0.5201E-19
  0.4322E-19  0.3598E-19  0.3076E-19  0.2630E-19  0.2299E-19
  0.2020E-19  0.1587E-19  0.1289E-19  0.8280E-20  0.5705E-20
  0.4159E-20  0.3154E-20  0.2588E-20  0.2096E-20  0.9311E-21
  0.5237E-21  0.3351E-21  0.2327E-21  0.1710E-21  0.1309E-21
  0.8378E-22  0.5818E-22  0.4274E-22  0.1835E-10  0.1815E-10
  0.1753E-10  0.1654E-10  0.1530E-10  0.1380E-10  0.1220E-10
  0.8895E-11  0.5922E-11  0.3135E-11  0.1441E-11  0.5754E-12
  0.1995E-12  0.1572E-13  0.7069E-15  0.1929E-16  0.8997E-18
  0.5937E-18  0.3786E-18  0.2816E-18  0.2090E-18  0.1663E-18
  0.1326E-18  0.1101E-18  0.9174E-19  0.7839E-19  0.6715E-19
  0.5865E-19  0.5143E-19  0.4051E-19  0.3284E-19  0.2104E-19
  0.1455E-19  0.1066E-19  0.8128E-20  0.6517E-20  0.5278E-20
  0.2345E-20  0.1319E-20  0.8441E-21  0.5861E-21  0.4306E-21
  0.3297E-21  0.2110E-21  0.1465E-21  0.1077E-21  0.3720E-10
  0.3679E-10  0.3555E-10  0.3356E-10  0.3105E-10  0.2803E-10
  0.2481E-10  0.1814E-10  0.1212E-10  0.6450E-11  0.2985E-11
  0.1201E-11  0.4202E-12  0.3382E-13  0.1562E-14  0.4422E-16
  0.2302E-17  0.1518E-17  0.9681E-18  0.7201E-18  0.5343E-18
  0.4251E-18  0.3391E-18  0.2815E-18  0.2345E-18  0.2003E-18
  0.1717E-18  0.1499E-18  0.1314E-18  0.1036E-18  0.8390E-19
  0.5370E-19  0.3720E-19  0.2730E-19  0.2086E-19  0.1658E-19
  0.1342E-19  0.5964E-20  0.3355E-20  0.2147E-20  0.1491E-20
  0.1095E-20  0.8386E-21  0.5367E-21  0.3727E-21  0.2738E-21
  0.7654E-10  0.7569E-10  0.7316E-10  0.6911E-10  0.6399E-10
  0.5782E-10  0.5124E-10  0.3756E-10  0.2518E-10  0.1348E-10
  0.6280E-11  0.2547E-11  0.8995E-12  0.7403E-13  0.3514E-14
  0.1035E-15  0.5998E-17  0.3955E-17  0.2521E-17  0.1875E-17
  0.1391E-17  0.1107E-17  0.8828E-18  0.7327E-18  0.6104E-18
  0.5215E-18  0.4472E-18  0.3903E-18  0.3419E-18  0.2697E-18
  0.2184E-18  0.1397E-18  0.9685E-19  0.7111E-19  0.5439E-19
  0.4307E-19  0.3488E-19  0.1550E-19  0.8715E-20  0.5578E-20
  0.3873E-20  0.2846E-20  0.2179E-20  0.1394E-20  0.9682E-21
  0.7114E-21  0.1599E-09  0.1582E-09  0.1529E-09  0.1445E-09
  0.1339E-09  0.1211E-09  0.1075E-09  0.7899E-10  0.5316E-10
  0.2862E-10  0.1343E-10  0.5492E-11  0.1958E-11  0.1649E-12
  0.8058E-14  0.2476E-15  0.1591E-16  0.1049E-16  0.6683E-17
  0.4969E-17  0.3687E-17  0.2933E-17  0.2339E-17  0.1941E-17
  0.1617E-17  0.1382E-17  0.1185E-17  0.1034E-17  0.9058E-18
  0.7148E-18  0.5785E-18  0.3701E-18  0.2566E-18  0.1885E-18
  0.1442E-18  0.1140E-18  0.9233E-19  0.4103E-19  0.2307E-19
  0.1477E-19  0.1025E-19  0.7534E-20  0.5768E-20  0.3691E-20
  0.2563E-20  0.1883E-20  0.3391E-09  0.3354E-09  0.3244E-09
  0.3068E-09  0.2844E-09  0.2575E-09  0.2287E-09  0.1686E-09
  0.1139E-09  0.6168E-10  0.2915E-10  0.1203E-10  0.4331E-11
  0.3735E-12  0.1879E-13  0.6031E-15  0.4287E-16  0.2826E-16
  0.1800E-16  0.1338E-16  0.9927E-17  0.7896E-17  0.6299E-17
  0.5227E-17  0.4354E-17  0.3720E-17  0.3190E-17  0.2784E-17
  0.2439E-17  0.1924E-17  0.1558E-17  0.9962E-18  0.6909E-18
  0.5074E-18  0.3883E-18  0.3069E-18  0.2485E-18  0.1104E-18
  0.6210E-19  0.3974E-19  0.2760E-19  0.2028E-19  0.1552E-19
  0.9935E-20  0.6899E-20  0.5069E-20  0.7252E-09  0.7174E-09
  0.6942E-09  0.6568E-09  0.6094E-09  0.5523E-09  0.4911E-09
  0.3631E-09  0.2462E-09  0.1342E-09  0.6387E-10  0.2658E-10
  0.9668E-11  0.8542E-12  0.4429E-13  0.1487E-14  0.1167E-15
  0.7684E-16  0.4892E-16  0.3637E-16  0.2698E-16  0.2146E-16
  0.1712E-16  0.1420E-16  0.1183E-16  0.1011E-16  0.8670E-17
  0.7566E-17  0.6626E-17  0.5229E-17  0.4232E-17  0.2707E-17
  0.1877E-17  0.1379E-17  0.1055E-17  0.8337E-18  0.6751E-18
  0.3000E-18  0.1687E-18  0.1080E-18  0.7498E-19  0.5508E-19
  0.4217E-19  0.2699E-19  0.1874E-19  0.1377E-19  0.1562E-08
  0.1546E-08  0.1496E-08  0.1416E-08  0.1315E-08  0.1193E-08
  0.1062E-08  0.7877E-09  0.5362E-09  0.2939E-09  0.1410E-09
  0.5919E-10  0.2175E-10  0.1969E-11  0.1052E-12  0.3701E-14
  0.3198E-15  0.2105E-15  0.1340E-15  0.9958E-16  0.7386E-16
  0.5874E-16  0.4686E-16  0.3888E-16  0.3239E-16  0.2767E-16
  0.2373E-16  0.2071E-16  0.1814E-16  0.1431E-16  0.1158E-16
  0.7408E-17  0.5138E-17  0.3774E-17  0.2888E-17  0.2282E-17
  0.1848E-17  0.8210E-18  0.4617E-18  0.2955E-18  0.2052E-18
  0.1508E-18  0.1154E-18  0.7387E-19  0.5130E-19  0.3769E-19
  0.3385E-08  0.3349E-08  0.3243E-08  0.3072E-08  0.2855E-08
  0.2592E-08  0.2310E-08  0.1719E-08  0.1175E-08  0.6479E-09
  0.3132E-09  0.1326E-09  0.4924E-10  0.4571E-11  0.2520E-12
  0.9296E-14  0.8818E-15  0.5799E-15  0.3689E-15  0.2742E-15
  0.2033E-15  0.1617E-15  0.1290E-15  0.1070E-15  0.8916E-16
  0.7616E-16  0.6532E-16  0.5700E-16  0.4992E-16  0.3940E-16
  0.3188E-16  0.2039E-16  0.1414E-16  0.1039E-16  0.7949E-17
  0.6280E-17  0.5086E-17  0.2260E-17  0.1271E-17  0.8133E-18
  0.5648E-18  0.4149E-18  0.3177E-18  0.2033E-18  0.1412E-18
  0.1037E-18  0.7375E-08  0.7298E-08  0.7069E-08  0.6700E-08
  0.6230E-08  0.5663E-08  0.5054E-08  0.3772E-08  0.2588E-08
  0.1436E-08  0.6996E-09  0.2990E-09  0.1122E-09  0.1068E-10
  0.6075E-12  0.2354E-13  0.2443E-14  0.1606E-14  0.1021E-14
  0.7589E-15  0.5627E-15  0.4475E-15  0.3569E-15  0.2961E-15
  0.2467E-15  0.2107E-15  0.1807E-15  0.1577E-15  0.1381E-15
  0.1090E-15  0.8821E-16  0.5641E-16  0.3912E-16  0.2874E-16
  0.2199E-16  0.1737E-16  0.1407E-16  0.6251E-17  0.3516E-17
  0.2250E-17  0.1563E-17  0.1148E-17  0.8789E-18  0.5625E-18
  0.3906E-18  0.2870E-18  0.1609E-07  0.1593E-07  0.1543E-07
  0.1463E-07  0.1362E-07  0.1239E-07  0.1107E-07  0.8288E-08
  0.5710E-08  0.3189E-08  0.1565E-08  0.6751E-09  0.2559E-09
  0.2498E-10  0.1467E-11  0.5978E-13  0.6770E-14  0.4446E-14
  0.2826E-14  0.2100E-14  0.1557E-14  0.1238E-14  0.9874E-15
  0.8193E-15  0.6824E-15  0.5830E-15  0.5000E-15  0.4363E-15
  0.3821E-15  0.3015E-15  0.2440E-15  0.1561E-15  0.1082E-15
  0.7950E-16  0.6083E-16  0.4806E-16  0.3892E-16  0.1729E-16
  0.9726E-17  0.6224E-17  0.4322E-17  0.3175E-17  0.2431E-17
  0.1556E-17  0.1081E-17  0.7938E-18  0.3501E-07  0.3466E-07
  0.3359E-07  0.3187E-07  0.2969E-07  0.2704E-07  0.2419E-07
  0.1816E-07  0.1256E-07  0.7062E-08  0.3492E-08  0.1520E-08
  0.5823E-09  0.5829E-10  0.3535E-11  0.1516E-12  0.1867E-13
  0.1225E-13  0.7785E-14  0.5784E-14  0.4288E-14  0.3410E-14
  0.2719E-14  0.2256E-14  0.1879E-14  0.1605E-14  0.1377E-14
  0.1201E-14  0.1052E-14  0.8303E-15  0.6719E-15  0.4297E-15
  0.2980E-15  0.2189E-15  0.1675E-15  0.1323E-15  0.1072E-15
  0.4762E-16  0.2678E-16  0.1714E-16  0.1190E-16  0.8744E-17
  0.6694E-17  0.4284E-17  0.2975E-17  0.2186E-17  0.7603E-07
  0.7526E-07  0.7297E-07  0.6929E-07  0.6458E-07  0.5889E-07
  0.5274E-07  0.3973E-07  0.2759E-07  0.1561E-07  0.7778E-08
  0.3416E-08  0.1323E-08  0.1358E-09  0.8502E-11  0.3841E-12
  0.5112E-13  0.3374E-13  0.2136E-13  0.1587E-13  0.1176E-13
  0.9352E-14  0.7458E-14  0.6187E-14  0.5154E-14  0.4402E-14
  0.3775E-14  0.3294E-14  0.2885E-14  0.2277E-14  0.1842E-14
  0.1178E-14  0.8171E-15  0.6002E-15  0.4593E-15  0.3629E-15
  0.2938E-15  0.1306E-15  0.7343E-16  0.4699E-16  0.3263E-16
  0.2397E-16  0.1836E-16  0.1175E-16  0.8158E-17  0.5993E-17
  0.1640E-06  0.1623E-06  0.1575E-06  0.1496E-06  0.1395E-06
  0.1274E-06  0.1142E-06  0.8629E-07  0.6018E-07  0.3426E-07
  0.1721E-07  0.7631E-08  0.2986E-08  0.3148E-09  0.2041E-10
  0.9714E-12  0.1433E-12  0.8905E-13  0.5794E-13  0.4307E-13
  0.3192E-13  0.2538E-13  0.2024E-13  0.1679E-13  0.1399E-13
  0.1195E-13  0.1024E-13  0.8940E-14  0.7829E-14  0.6178E-14
  0.4999E-14  0.3197E-14  0.2217E-14  0.1629E-14  0.1246E-14
  0.9846E-15  0.7973E-15  0.3543E-15  0.1992E-15  0.1275E-15
  0.8854E-16  0.6505E-16  0.4980E-16  0.3187E-16  0.2213E-16
  0.1626E-16  0.3509E-06  0.3475E-06  0.3371E-06  0.3205E-06
  0.2992E-06  0.2733E-06  0.2454E-06  0.1860E-06  0.1302E-06
  0.7460E-07  0.3777E-07  0.1691E-07  0.6688E-08  0.7241E-09
  0.4857E-10  0.2438E-11  0.3953E-12  0.2328E-12  0.1555E-12
  0.1156E-12  0.8568E-13  0.6812E-13  0.5432E-13  0.4506E-13
  0.3753E-13  0.3206E-13  0.2749E-13  0.2399E-13  0.2101E-13
  0.1658E-13  0.1342E-13  0.8580E-14  0.5950E-14  0.4370E-14
  0.3344E-14  0.2642E-14  0.2140E-14  0.9506E-15  0.5347E-15
  0.3422E-15  0.2376E-15  0.1746E-15  0.1336E-15  0.8553E-16
  0.5940E-16  0.4364E-16  0.7398E-06  0.7326E-06  0.7110E-06
  0.6763E-06  0.6318E-06  0.5778E-06  0.5193E-06  0.3947E-06
  0.2775E-06  0.1600E-06  0.8161E-07  0.3686E-07  0.1473E-07
  0.1635E-08  0.1133E-09  0.5993E-11  0.1047E-11  0.6071E-12
  0.4086E-12  0.3039E-12  0.2252E-12  0.1790E-12  0.1428E-12
  0.1184E-12  0.9863E-13  0.8425E-13  0.7225E-13  0.6304E-13
  0.5521E-13  0.4356E-13  0.3525E-13  0.2254E-13  0.1563E-13
  0.1148E-13  0.8787E-14  0.6942E-14  0.5622E-14  0.2498E-14
  0.1405E-14  0.8990E-15  0.6243E-15  0.4587E-15  0.3512E-15
  0.2247E-15  0.1561E-15  0.1147E-15  0.1539E-05  0.1524E-05
  0.1480E-05  0.1408E-05  0.1317E-05  0.1205E-05  0.1085E-05
  0.8269E-06  0.5836E-06  0.3384E-06  0.1740E-06  0.7927E-07
  0.3200E-07  0.3641E-08  0.2605E-09  0.1453E-10  0.2714E-11
  0.1566E-11  0.1056E-11  0.7855E-12  0.5819E-12  0.4626E-12
  0.3688E-12  0.3060E-12  0.2548E-12  0.2177E-12  0.1867E-12
  0.1629E-12  0.1426E-12  0.1125E-12  0.9108E-13  0.5824E-13
  0.4039E-13  0.2967E-13  0.2270E-13  0.1794E-13  0.1452E-13
  0.6453E-14  0.3629E-14  0.2323E-14  0.1613E-14  0.1185E-14
  0.9072E-15  0.5806E-15  0.4032E-15  0.2962E-15  0.3167E-05
  0.3136E-05  0.3046E-05  0.2900E-05  0.2714E-05  0.2487E-05
  0.2240E-05  0.1713E-05  0.1213E-05  0.7080E-06  0.3666E-06
  0.1685E-06  0.6872E-07  0.8012E-08  0.5915E-09  0.3479E-10
  0.6910E-11  0.3984E-11  0.2686E-11  0.1998E-11  0.1480E-11
  0.1176E-11  0.9379E-12  0.7780E-12  0.6479E-12  0.5534E-12
  0.4746E-12  0.4141E-12  0.3626E-12  0.2861E-12  0.2316E-12
  0.1481E-12  0.1027E-12  0.7542E-13  0.5771E-13  0.4560E-13
  0.3692E-13  0.1640E-13  0.9226E-14  0.5905E-14  0.4100E-14
  0.3012E-14  0.2306E-14  0.1476E-14  0.1025E-14  0.7531E-15
  0.6434E-05  0.6373E-05  0.6191E-05  0.5899E-05  0.5523E-05
  0.5066E-05  0.4568E-05  0.3504E-05  0.2492E-05  0.1463E-05
  0.7629E-06  0.3537E-06  0.1457E-06  0.1740E-07  0.1326E-08
  0.8224E-10  0.1724E-10  0.9970E-11  0.6708E-11  0.4988E-11
  0.3697E-11  0.2939E-11  0.2343E-11  0.1943E-11  0.1618E-11
  0.1382E-11  0.1185E-11  0.1034E-11  0.9057E-12  0.7146E-12
  0.5783E-12  0.3698E-12  0.2564E-12  0.1884E-12  0.1441E-12
  0.1139E-12  0.9221E-13  0.4097E-13  0.2304E-13  0.1475E-13
  0.1024E-13  0.7523E-14  0.5760E-14  0.3686E-14  0.2560E-14
  0.1881E-14  0.1295E-04  0.1282E-04  0.1246E-04  0.1188E-04
  0.1113E-04  0.1022E-04  0.9227E-05  0.7098E-05  0.5067E-05
  0.2992E-05  0.1572E-05  0.7353E-06  0.3059E-06  0.3744E-07
  0.2944E-08  0.1925E-09  0.4327E-10  0.2460E-10  0.1659E-10
  0.1233E-10  0.9092E-11  0.7227E-11  0.5761E-11  0.4779E-11
  0.3980E-11  0.3399E-11  0.2915E-11  0.2543E-11  0.2227E-11
  0.1758E-11  0.1422E-11  0.9095E-12  0.6307E-12  0.4633E-12
  0.3545E-12  0.2802E-12  0.2269E-12  0.1008E-12  0.5669E-13
  0.3628E-13  0.2519E-13  0.1851E-13  0.1417E-13  0.9069E-14
  0.6298E-14  0.4627E-14  0.2583E-04  0.2560E-04  0.2488E-04
  0.2373E-04  0.2225E-04  0.2045E-04  0.1849E-04  0.1426E-04
  0.1022E-04  0.6072E-05  0.3214E-05  0.1516E-05  0.6372E-06
  0.7990E-07  0.6487E-08  0.4470E-09  0.1071E-09  0.5989E-10
  0.4051E-10  0.3010E-10  0.2218E-10  0.1763E-10  0.1404E-10
  0.1165E-10  0.9698E-11  0.8284E-11  0.7100E-11  0.6196E-11
  0.5424E-11  0.4279E-11  0.3462E-11  0.2214E-11  0.1534E-11
  0.1127E-11  0.8621E-12  0.6796E-12  0.5503E-12  0.2450E-12
  0.1375E-12  0.8801E-13  0.6112E-13  0.4491E-13  0.3438E-13
  0.2201E-13  0.1528E-13  0.1123E-13  0.5116E-04  0.5070E-04
  0.4930E-04  0.4705E-04  0.4415E-04  0.4062E-04  0.3675E-04
  0.2844E-04  0.2046E-04  0.1223E-04  0.6521E-05  0.3103E-05
  0.1318E-05  0.1693E-06  0.1419E-07  0.1030E-08  0.2590E-09
  0.1441E-09  0.9751E-10  0.7244E-10  0.5347E-10  0.4250E-10
  0.3383E-10  0.2807E-10  0.2335E-10  0.1995E-10  0.1709E-10
  0.1492E-10  0.1305E-10  0.1029E-10  0.8326E-11  0.5323E-11
  0.3687E-11  0.2708E-11  0.2071E-11  0.1633E-11  0.1322E-11
  0.5881E-12  0.3301E-12  0.2112E-12  0.1466E-12  0.1077E-12
  0.8250E-13  0.5272E-13  0.3661E-13  0.2690E-13  0.1013E-03
  0.1004E-03  0.9766E-04  0.9325E-04  0.8757E-04  0.8064E-04
  0.7306E-04  0.5672E-04  0.4097E-04  0.2464E-04  0.1324E-04
  0.6357E-05  0.2727E-05  0.3594E-06  0.3115E-07  0.2380E-08
  0.6225E-09  0.3454E-09  0.2337E-09  0.1735E-09  0.1281E-09
  0.1018E-09  0.8102E-10  0.6722E-10  0.5589E-10  0.4776E-10
  0.4089E-10  0.3570E-10  0.3122E-10  0.2462E-10  0.1991E-10
  0.1273E-10  0.8813E-11  0.6474E-11  0.4948E-11  0.3907E-11
  0.3161E-11  0.1405E-11  0.7887E-12  0.5047E-12  0.3502E-12
  0.2572E-12  0.1971E-12  0.1257E-12  0.8731E-13  0.6414E-13
  0.2023E-03  0.2005E-03  0.1952E-03  0.1865E-03  0.1752E-03
  0.1616E-03  0.1466E-03  0.1141E-03  0.8278E-04  0.5011E-04
  0.2714E-04  0.1316E-04  0.5707E-05  0.7724E-06  0.6931E-07
  0.5572E-08  0.1504E-08  0.8328E-09  0.5629E-09  0.4178E-09
  0.3084E-09  0.2451E-09  0.1949E-09  0.1617E-09  0.1344E-09
  0.1148E-09  0.9829E-10  0.8581E-10  0.7503E-10  0.5915E-10
  0.4783E-10  0.3057E-10  0.2116E-10  0.1554E-10  0.1188E-10
  0.9381E-11  0.7588E-11  0.3369E-11  0.1892E-11  0.1211E-11
  0.8399E-12  0.6168E-12  0.4729E-12  0.3011E-12  0.2091E-12
  0.1536E-12  0.4120E-03  0.4084E-03  0.3975E-03  0.3801E-03
  0.3575E-03  0.3300E-03  0.2997E-03  0.2342E-03  0.1707E-03
  0.1040E-03  0.5683E-04  0.2783E-04  0.1221E-04  0.1701E-05
  0.1584E-06  0.1338E-07  0.3697E-08  0.2039E-08  0.1376E-08
  0.1021E-08  0.7532E-09  0.5984E-09  0.4756E-09  0.3946E-09
  0.3277E-09  0.2801E-09  0.2396E-09  0.2092E-09  0.1828E-09
  0.1441E-09  0.1165E-09  0.7445E-10  0.5150E-10  0.3782E-10
  0.2889E-10  0.2283E-10  0.1846E-10  0.8192E-11  0.4599E-11
  0.2942E-11  0.2041E-11  0.1498E-11  0.1149E-11  0.7304E-12
  0.5073E-12  0.3727E-12  0.8677E-03  0.8602E-03  0.8378E-03
  0.8016E-03  0.7547E-03  0.6974E-03  0.6345E-03  0.4977E-03
  0.3644E-03  0.2239E-03  0.1235E-03  0.6114E-04  0.2718E-04
  0.3907E-05  0.3786E-06  0.3358E-07  0.9390E-08  0.5152E-08
  0.3471E-08  0.2573E-08  0.1896E-08  0.1506E-08  0.1196E-08
  0.9922E-09  0.8236E-09  0.7038E-09  0.6018E-09  0.5255E-09
  0.4589E-09  0.3616E-09  0.2923E-09  0.1867E-09  0.1291E-09
  0.9478E-10  0.7236E-10  0.5717E-10  0.4622E-10  0.2050E-10
  0.1150E-10  0.7358E-11  0.5101E-11  0.3744E-11  0.2874E-11
  0.1822E-11  0.1265E-11  0.9297E-12  0.1926E-02  0.1910E-02
  0.1861E-02  0.1782E-02  0.1679E-02  0.1554E-02  0.1416E-02
  0.1116E-02  0.8217E-03  0.5092E-03  0.2839E-03  0.1424E-03
  0.6423E-04  0.9564E-05  0.9690E-06  0.9010E-07  0.2521E-07
  0.1371E-07  0.9211E-08  0.6819E-08  0.5019E-08  0.3984E-08
  0.3160E-08  0.2621E-08  0.2174E-08  0.1858E-08  0.1587E-08
  0.1386E-08  0.1209E-08  0.9523E-09  0.7694E-09  0.4913E-09
  0.3392E-09  0.2491E-09  0.1900E-09  0.1501E-09  0.1213E-09
  0.5376E-10  0.3014E-10  0.1928E-10  0.1335E-10  0.9799E-11
  0.7529E-11  0.4757E-11  0.3303E-11  0.2427E-11  0.4602E-02
  0.4564E-02  0.4450E-02  0.4264E-02  0.4024E-02  0.3730E-02
  0.3406E-02  0.2697E-02  0.1999E-02  0.1251E-02  0.7062E-03
  0.3594E-03  0.1649E-03  0.2557E-04  0.2724E-05  0.2654E-06
  0.7331E-07  0.3928E-07  0.2629E-07  0.1943E-07  0.1427E-07
  0.1132E-07  0.8962E-08  0.7433E-08  0.6153E-08  0.5259E-08
  0.4486E-08  0.3919E-08  0.3415E-08  0.2687E-08  0.2169E-08
  0.1384E-08  0.9540E-09  0.7004E-09  0.5336E-09  0.4216E-09
  0.3403E-09  0.1507E-09  0.8434E-10  0.5393E-10  0.3732E-10
  0.2737E-10  0.2106E-10  0.1323E-10  0.9186E-11  0.6749E-11
  0.1203E-01  0.1193E-01  0.1164E-01  0.1117E-01  0.1055E-01
  0.9800E-02  0.8968E-02  0.7143E-02  0.5333E-02  0.3377E-02
  0.1933E-02  0.1000E-02  0.4679E-03  0.7601E-04  0.8563E-05
  0.8755E-06  0.2361E-06  0.1238E-06  0.8236E-07  0.6067E-07
  0.4442E-07  0.3520E-07  0.2779E-07  0.2304E-07  0.1902E-07
  0.1626E-07  0.1384E-07  0.1209E-07  0.1052E-07  0.8264E-08
  0.6664E-08  0.4247E-08  0.2919E-08  0.2142E-08  0.1628E-08
  0.1287E-08  0.1037E-08  0.4581E-09  0.2559E-09  0.1635E-09
  0.1130E-09  0.8273E-10  0.6383E-10  0.3971E-10  0.2758E-10
  0.2026E-10  0.3497E-01  0.3470E-01  0.3387E-01  0.3254E-01
  0.3080E-01  0.2867E-01  0.2630E-01  0.2108E-01  0.1587E-01
  0.1019E-01  0.5925E-02  0.3124E-02  0.1494E-02  0.2557E-03
  0.3069E-04  0.3313E-05  0.8692E-06  0.4425E-06  0.2918E-06
  0.2139E-06  0.1558E-06  0.1232E-06  0.9687E-07  0.8026E-07
  0.6602E-07  0.5643E-07  0.4785E-07  0.4183E-07  0.3627E-07
  0.2843E-07  0.2288E-07  0.1455E-07  0.9951E-08  0.7296E-08
  0.5529E-08  0.4367E-08  0.3510E-08  0.1546E-08  0.8599E-09
  0.5490E-09  0.3780E-09  0.2763E-09  0.2142E-09  0.1310E-09
  0.9099E-10  0.6685E-10  0.1146E+00  0.1137E+00  0.1111E+00
  0.1069E+00  0.1014E+00  0.9458E-01  0.8701E-01  0.7028E-01
  0.5341E-01  0.3479E-01  0.2060E-01  0.1110E-01  0.5438E-02
  0.9873E-03  0.1272E-03  0.1466E-04  0.3764E-05  0.1847E-05
  0.1203E-05  0.8748E-06  0.6333E-06  0.4990E-06  0.3899E-06
  0.3225E-06  0.2639E-06  0.2254E-06  0.1902E-06  0.1663E-06
  0.1435E-06  0.1121E-06  0.8995E-07  0.5695E-07  0.3869E-07
  0.2831E-07  0.2135E-07  0.1685E-07  0.1349E-07  0.5904E-08
  0.3265E-08  0.2080E-08  0.1425E-08  0.1038E-08  0.8102E-09
  0.4574E-09  0.3346E-09  0.2458E-09  0.4336E+00  0.4305E+00
  0.4210E+00  0.4055E+00  0.3854E+00  0.3605E+00  0.3327E+00
  0.2710E+00  0.2082E+00  0.1378E+00  0.8329E-01  0.4595E-01
  0.2315E-01  0.4489E-02  0.6276E-03  0.7826E-04  0.1997E-04
  0.9390E-05  0.6021E-05  0.4327E-05  0.3107E-05  0.2434E-05
  0.1888E-05  0.1556E-05  0.1265E-05  0.1079E-05  0.9044E-06
  0.7901E-06  0.6780E-06  0.5267E-06  0.4207E-06  0.2645E-06
  0.1779E-06  0.1298E-06  0.9710E-07  0.7653E-07  0.6094E-07
  0.2640E-07  0.1446E-07  0.9177E-08  0.6231E-08  0.4510E-08
  0.3563E-08  0.2201E-08  0.1402E-08  0.1030E-08  0.1892E+01
  0.1879E+01  0.1839E+01  0.1775E+01  0.1690E+01  0.1586E+01
  0.1469E+01  0.1207E+01  0.9380E+00  0.6326E+00  0.3909E+00
  0.2214E+00  0.1150E+00  0.2401E-01  0.3670E-02  0.5035E-03
  0.1289E-03  0.5768E-04  0.3641E-04  0.2581E-04  0.1839E-04
  0.1430E-04  0.1101E-04  0.9035E-05  0.7292E-05  0.6201E-05
  0.5167E-05  0.4506E-05  0.3845E-05  0.2967E-05  0.2358E-05
  0.1469E-05  0.9763E-06  0.7085E-06  0.5257E-06  0.4131E-06
  0.3269E-06  0.1396E-06  0.7552E-07  0.4767E-07  0.3197E-07
  0.2293E-07  0.1840E-07  0.1201E-07  0.6337E-08  0.4968E-08
  0.9201E+01  0.9139E+01  0.8957E+01  0.8659E+01  0.8266E+01
  0.7781E+01  0.7234E+01  0.6004E+01  0.4725E+01  0.3250E+01
  0.2058E+01  0.1200E+01  0.6442E+00  0.1459E+00  0.2471E-01
  0.3794E-02  0.9977E-03  0.4248E-03  0.2647E-03  0.1850E-03
  0.1311E-03  0.1010E-03  0.7737E-04  0.6309E-04  0.5068E-04
  0.4289E-04  0.3559E-04  0.3092E-04  0.2628E-04  0.2015E-04
  0.1592E-04  0.9809E-05  0.6452E-05  0.4650E-05  0.3423E-05
  0.2678E-05  0.2107E-05  0.8846E-06  0.4722E-06  0.2958E-06
  0.1955E-06  0.1384E-06  0.1131E-06  0.7519E-07  0.4227E-07
  0.2800E-07  0.4840E+02  0.4810E+02  0.4719E+02  0.4570E+02
  0.4373E+02  0.4130E+02  0.3854E+02  0.3230E+02  0.2574E+02
  0.1806E+02  0.1171E+02  0.7024E+01  0.3898E+01  0.9549E+00
  0.1773E+00  0.2936E-01  0.7502E-02  0.2980E-02  0.1844E-02
  0.1279E-02  0.9047E-03  0.6934E-03  0.5305E-03  0.4308E-03
  0.3458E-03  0.2916E-03  0.2418E-03  0.2095E-03  0.1779E-03
  0.1360E-03  0.1072E-03  0.6562E-04  0.4300E-04  0.3085E-04
  0.2265E-04  0.1767E-04  0.1387E-04  0.5769E-05  0.3061E-05
  0.1909E-05  0.1251E-05  0.8793E-06  0.7244E-06  0.4847E-06
  0.2781E-06  0.1712E-06  0.2329E+03  0.2315E+03  0.2273E+03
  0.2205E+03  0.2114E+03  0.2002E+03  0.1874E+03  0.1583E+03
  0.1274E+03  0.9077E+02  0.5997E+02  0.3674E+02  0.2088E+02
  0.5381E+01  0.1041E+01  0.1668E+00  0.3510E-01  0.1245E-01
  0.7827E-02  0.5508E-02  0.3914E-02  0.3027E-02  0.2323E-02
  0.1900E-02  0.1528E-02  0.1296E-02  0.1076E-02  0.9369E-03
  0.7968E-03  0.6124E-03  0.4848E-03  0.3000E-03  0.1979E-03
  0.1431E-03  0.1056E-03  0.8277E-04  0.6520E-04  0.2756E-04
  0.1477E-04  0.9285E-05  0.6166E-05  0.4385E-05  0.3578E-05
  0.2384E-05  0.1427E-05  0.9106E-06  0.7870E+03  0.7824E+03
  0.7686E+03  0.7460E+03  0.7160E+03  0.6788E+03  0.6364E+03
  0.5395E+03  0.4362E+03  0.3127E+03  0.2078E+03  0.1278E+03
  0.7258E+02  0.1804E+02  0.2833E+01  0.3167E-01 -0.2088E+00
 -0.1023E+00 -0.5679E-01 -0.3544E-01 -0.2439E-01 -0.1732E-01
 -0.1301E-01 -0.9904E-02 -0.7843E-02 -0.6240E-02 -0.5121E-02
 -0.4204E-02 -0.3544E-02 -0.2562E-02 -0.1921E-02 -0.1021E-02
 -0.6098E-03 -0.3860E-03 -0.2622E-03 -0.1826E-03 -0.1351E-03
 -0.3578E-04 -0.1224E-04 -0.4220E-05  0.8514E-06  0.3033E-05
  0.9415E-06  0.1601E-06  0.2390E-05  0.3165E-05  0.1896E+04
  0.1884E+04  0.1850E+04  0.1795E+04  0.1721E+04  0.1629E+04
  0.1525E+04  0.1286E+04  0.1031E+04  0.7263E+03  0.4679E+03
  0.2723E+03  0.1393E+03  0.1501E+02 -0.1159E+02 -0.1070E+02
 -0.6878E+01 -0.3107E+01 -0.1784E+01 -0.1154E+01 -0.8022E+00
 -0.5864E+00 -0.4437E+00 -0.3467E+00 -0.2761E+00 -0.2252E+00
 -0.1857E+00 -0.1561E+00 -0.1320E+00 -0.9795E-01 -0.7521E-01
 -0.4286E-01 -0.2690E-01 -0.1825E-01 -0.1297E-01 -0.9668E-02
 -0.7426E-02 -0.2674E-02 -0.1282E-02 -0.7302E-03 -0.4060E-03
 -0.2363E-03 -0.2242E-03 -0.1586E-03 -0.4560E-04  0.6311E-05
  0.5383E+04  0.5353E+04  0.5264E+04  0.5119E+04  0.4924E+04
  0.4683E+04  0.4405E+04  0.3766E+04  0.3075E+04  0.2231E+04
  0.1495E+04  0.9167E+03  0.5051E+03  0.8518E+02 -0.2856E+02
 -0.3889E+02 -0.2963E+02 -0.1548E+02 -0.9049E+01 -0.5831E+01
 -0.4044E+01 -0.2948E+01 -0.2231E+01 -0.1740E+01 -0.1387E+01
 -0.1129E+01 -0.9322E+00 -0.7820E+00 -0.6629E+00 -0.4917E+00
 -0.3776E+00 -0.2149E+00 -0.1351E+00 -0.9152E-01 -0.6523E-01
 -0.4854E-01 -0.3739E-01 -0.1346E-01 -0.6482E-02 -0.3689E-02
 -0.2068E-02 -0.1214E-02 -0.1110E-02 -0.7661E-03 -0.2248E-03
  0.2434E-04  0.1622E+05  0.1614E+05  0.1592E+05  0.1556E+05
  0.1507E+05  0.1446E+05  0.1375E+05  0.1210E+05  0.1027E+05
  0.7955E+04  0.5831E+04  0.4049E+04  0.2670E+04  0.1010E+04
  0.3384E+03  0.1184E+03  0.5204E+02  0.1642E+02  0.6875E+01
  0.4160E+01  0.2903E+01  0.2172E+01  0.1645E+01  0.1309E+01
  0.1039E+01  0.8619E+00  0.7064E+00  0.6034E+00  0.5068E+00
  0.3787E+00  0.2925E+00  0.1709E+00  0.1074E+00  0.7453E-01
  0.5287E-01  0.4024E-01  0.3074E-01  0.1160E-01  0.5673E-02
  0.3352E-02  0.1937E-02  0.1195E-02  0.1203E-02  0.8944E-03
  0.3371E-03  0.7248E-04  0.3501E+05  0.3487E+05  0.3446E+05
  0.3379E+05  0.3287E+05  0.3172E+05  0.3038E+05  0.2723E+05
  0.2367E+05  0.1905E+05  0.1468E+05  0.1084E+05  0.7716E+04
  0.3572E+04  0.1569E+04  0.7346E+03  0.4061E+03  0.1924E+03
  0.1130E+03  0.7275E+02  0.5042E+02  0.3695E+02  0.2797E+02
  0.2191E+02  0.1745E+02  0.1427E+02  0.1176E+02  0.9910E+01
  0.8384E+01  0.6232E+01  0.4794E+01  0.2747E+01  0.1729E+01
  0.1178E+01  0.8396E+00  0.6285E+00  0.4835E+00  0.1766E+00
  0.8558E-01  0.4926E-01  0.2800E-01  0.1679E-01  0.1557E-01
  0.1091E-01  0.3578E-02  0.1596E-03  0.6112E+05  0.6090E+05
  0.6027E+05  0.5922E+05  0.5780E+05  0.5601E+05  0.5392E+05
  0.4895E+05  0.4328E+05  0.3579E+05  0.2850E+05  0.2192E+05
  0.1635E+05  0.8476E+04  0.4212E+04  0.2179E+04  0.1267E+04
  0.6324E+03  0.3959E+03  0.2600E+03  0.1798E+03  0.1313E+03
  0.9934E+02  0.7768E+02  0.6190E+02  0.5052E+02  0.4169E+02
  0.3507E+02  0.2969E+02  0.2206E+02  0.1696E+02  0.9700E+01
  0.6107E+01  0.4155E+01  0.2963E+01  0.2214E+01  0.1705E+01
  0.6208E+00  0.3007E+00  0.1727E+00  0.9812E-01  0.5877E-01
  0.5364E-01  0.3718E-01  0.1200E-01  0.2868E-03  0.9711E+05
  0.9679E+05  0.9589E+05  0.9440E+05  0.9237E+05  0.8981E+05
  0.8680E+05  0.7963E+05  0.7135E+05  0.6026E+05  0.4926E+05
  0.3907E+05  0.3018E+05  0.1696E+05  0.9161E+04  0.5052E+04
  0.3013E+04  0.1470E+04  0.9340E+03  0.6430E+03  0.4561E+03
  0.3346E+03  0.2532E+03  0.1979E+03  0.1577E+03  0.1286E+03
  0.1061E+03  0.8923E+02  0.7558E+02  0.5614E+02  0.4316E+02
  0.2466E+02  0.1553E+02  0.1056E+02  0.7531E+01  0.5623E+01
  0.4333E+01  0.1576E+01  0.7632E+00  0.4377E+00  0.2489E+00
  0.1491E+00  0.1348E+00  0.9275E-01  0.2975E-01  0.4726E-03
