                        3167.   5.23   0.20   0.09
    50   0.0   0.0    1.0000  0.0001
  46
      8392.401      8392.411      8392.421      8392.431      8392.441
      8392.451      8392.461      8392.481      8392.501      8392.526
      8392.551      8392.576      8392.601      8392.651      8392.701
      8392.751      8392.801      8392.901      8393.001      8393.101
      8393.201      8393.301      8393.401      8393.501      8393.601
      8393.701      8393.801      8393.901      8394.001      8394.201
      8394.401      8394.901      8395.401      8395.901      8396.401
      8396.901      8397.401      8399.901      8402.401      8404.901
      8407.401      8409.901      8412.401      8417.401      8422.401
      8427.401
 -0.9951E-15 -0.1005E-14 -0.1038E-14 -0.1090E-14 -0.1161E-14
 -0.1248E-14 -0.1351E-14 -0.1588E-14 -0.1850E-14 -0.2175E-14
 -0.2458E-14 -0.2667E-14 -0.2785E-14 -0.2746E-14 -0.2443E-14
 -0.2028E-14 -0.1618E-14 -0.9797E-15 -0.5914E-15 -0.3741E-15
 -0.2532E-15 -0.1817E-15 -0.1361E-15 -0.1054E-15 -0.8368E-16
 -0.6782E-16 -0.5592E-16 -0.4679E-16 -0.3964E-16 -0.2935E-16
 -0.2252E-16 -0.1281E-16 -0.8064E-17 -0.5458E-17 -0.3900E-17
 -0.2902E-17 -0.2244E-17 -0.8126E-18 -0.3937E-18 -0.2248E-18
 -0.1329E-18 -0.8364E-19 -0.6332E-19 -0.3774E-19 -0.1197E-19
 -0.2705E-31  0.2129E-13  0.2123E-13  0.2105E-13  0.2076E-13
  0.2035E-13  0.1983E-13  0.1922E-13  0.1774E-13  0.1600E-13
  0.1358E-13  0.1109E-13  0.8684E-14  0.6487E-14  0.3015E-14
  0.8544E-15 -0.2474E-15 -0.6744E-15 -0.6730E-15 -0.4470E-15
 -0.2869E-15 -0.1944E-15 -0.1394E-15 -0.1044E-15 -0.8084E-16
 -0.6418E-16 -0.5202E-16 -0.4289E-16 -0.3588E-16 -0.3039E-16
 -0.2251E-16 -0.1727E-16 -0.9817E-17 -0.6182E-17 -0.4184E-17
 -0.2990E-17 -0.2224E-17 -0.1720E-17 -0.6229E-18 -0.3018E-18
 -0.1723E-18 -0.1019E-18 -0.6424E-19 -0.4848E-19 -0.2881E-19
 -0.9135E-20 -0.1927E-31  0.5589E-13  0.5576E-13  0.5535E-13
  0.5468E-13  0.5376E-13  0.5259E-13  0.5121E-13  0.4784E-13
  0.4384E-13  0.3825E-13  0.3238E-13  0.2660E-13  0.2120E-13
  0.1228E-13  0.6261E-14  0.2745E-14  0.9594E-15 -0.1120E-15
 -0.1780E-15 -0.1248E-15 -0.8516E-16 -0.6100E-16 -0.4565E-16
 -0.3530E-16 -0.2801E-16 -0.2269E-16 -0.1870E-16 -0.1564E-16
 -0.1325E-16 -0.9806E-17 -0.7523E-17 -0.4275E-17 -0.2691E-17
 -0.1821E-17 -0.1301E-17 -0.9682E-18 -0.7487E-18 -0.2712E-18
 -0.1314E-18 -0.7499E-19 -0.4455E-19 -0.2822E-19 -0.2098E-19
 -0.1229E-19 -0.3898E-20 -0.5051E-32  0.1105E-12  0.1102E-12
  0.1095E-12  0.1082E-12  0.1065E-12  0.1044E-12  0.1018E-12
  0.9553E-13  0.8805E-13  0.7754E-13  0.6643E-13  0.5539E-13
  0.4497E-13  0.2746E-13  0.1523E-13  0.7785E-14  0.3749E-14
  0.8739E-15  0.3108E-15  0.1762E-15  0.1189E-15  0.8560E-16
  0.6428E-16  0.4982E-16  0.3960E-16  0.3212E-16  0.2650E-16
  0.2218E-16  0.1880E-16  0.1393E-16  0.1069E-16  0.6079E-17
  0.3830E-17  0.2593E-17  0.1853E-17  0.1379E-17  0.1066E-17
  0.3860E-18  0.1871E-18  0.1068E-18  0.6273E-19  0.3917E-19
  0.3035E-19  0.1848E-19  0.5860E-20  0.2123E-31  0.1970E-12
  0.1966E-12  0.1953E-12  0.1932E-12  0.1903E-12  0.1866E-12
  0.1822E-12  0.1714E-12  0.1586E-12  0.1404E-12  0.1212E-12
  0.1019E-12  0.8364E-13  0.5247E-13  0.3027E-13  0.1638E-13
  0.8590E-14  0.2645E-14  0.1214E-14  0.7404E-15  0.5029E-15
  0.3616E-15  0.2712E-15  0.2100E-15  0.1668E-15  0.1353E-15
  0.1116E-15  0.9334E-16  0.7909E-16  0.5858E-16  0.4496E-16
  0.2556E-16  0.1610E-16  0.1090E-16  0.7787E-17  0.5794E-17
  0.4480E-17  0.1622E-17  0.7861E-18  0.4488E-18  0.2647E-18
  0.1661E-18  0.1269E-18  0.7621E-19  0.2416E-19  0.7005E-31
  0.3342E-12  0.3335E-12  0.3314E-12  0.3280E-12  0.3232E-12
  0.3172E-12  0.3100E-12  0.2924E-12  0.2712E-12  0.2414E-12
  0.2095E-12  0.1775E-12  0.1468E-12  0.9409E-13  0.5585E-13
  0.3139E-13  0.1729E-13  0.5972E-14  0.2926E-14  0.1807E-14
  0.1227E-14  0.8819E-15  0.6612E-15  0.5119E-15  0.4066E-15
  0.3296E-15  0.2718E-15  0.2274E-15  0.1927E-15  0.1427E-15
  0.1095E-15  0.6225E-16  0.3920E-16  0.2654E-16  0.1896E-16
  0.1411E-16  0.1091E-16  0.3951E-17  0.1914E-17  0.1093E-17
  0.6452E-18  0.4055E-18  0.3084E-18  0.1846E-18  0.5853E-19
  0.1610E-30  0.5521E-12  0.5510E-12  0.5476E-12  0.5421E-12
  0.5345E-12  0.5249E-12  0.5134E-12  0.4853E-12  0.4515E-12
  0.4036E-12  0.3522E-12  0.3003E-12  0.2504E-12  0.1635E-12
  0.9938E-13  0.5750E-13  0.3275E-13  0.1204E-13  0.6087E-14
  0.3801E-14  0.2593E-14  0.1865E-14  0.1398E-14  0.1082E-14
  0.8596E-15  0.6967E-15  0.5745E-15  0.4806E-15  0.4072E-15
  0.3016E-15  0.2314E-15  0.1316E-15  0.8285E-16  0.5608E-16
  0.4007E-16  0.2981E-16  0.2305E-16  0.8349E-17  0.4045E-17
  0.2310E-17  0.1365E-17  0.8584E-18  0.6511E-18  0.3887E-18
  0.1233E-18  0.3305E-30  0.8982E-12  0.8964E-12  0.8912E-12
  0.8826E-12  0.8707E-12  0.8556E-12  0.8376E-12  0.7934E-12
  0.7403E-12  0.6646E-12  0.5831E-12  0.5004E-12  0.4204E-12
  0.2796E-12  0.1739E-12  0.1033E-12  0.6050E-13  0.2330E-13
  0.1203E-13  0.7575E-14  0.5180E-14  0.3727E-14  0.2794E-14
  0.2162E-14  0.1717E-14  0.1392E-14  0.1147E-14  0.9599E-15
  0.8133E-15  0.6022E-15  0.4621E-15  0.2627E-15  0.1654E-15
  0.1120E-15  0.8001E-16  0.5953E-16  0.4603E-16  0.1667E-16
  0.8077E-17  0.4612E-17  0.2726E-17  0.1717E-17  0.1299E-17
  0.7738E-18  0.2453E-18  0.6468E-30  0.1449E-11  0.1447E-11
  0.1439E-11  0.1425E-11  0.1407E-11  0.1383E-11  0.1355E-11
  0.1287E-11  0.1204E-11  0.1086E-11  0.9582E-12  0.8277E-12
  0.7006E-12  0.4746E-12  0.3018E-12  0.1837E-12  0.1103E-12
  0.4371E-13  0.2268E-13  0.1442E-13  0.1000E-13  0.7252E-14
  0.5446E-14  0.4216E-14  0.3348E-14  0.2713E-14  0.2237E-14
  0.1871E-14  0.1585E-14  0.1174E-14  0.9007E-15  0.5121E-15
  0.3224E-15  0.2182E-15  0.1559E-15  0.1160E-15  0.8971E-16
  0.3249E-16  0.1574E-16  0.8987E-17  0.5317E-17  0.3351E-17
  0.2530E-17  0.1503E-17  0.4767E-18  0.1238E-29  0.2327E-11
  0.2323E-11  0.2310E-11  0.2290E-11  0.2261E-11  0.2225E-11
  0.2182E-11  0.2077E-11  0.1949E-11  0.1766E-11  0.1567E-11
  0.1363E-11  0.1163E-11  0.8027E-12  0.5219E-12  0.3255E-12
  0.1999E-12  0.8128E-13  0.4224E-13  0.2713E-13  0.1910E-13
  0.1395E-13  0.1050E-13  0.8127E-14  0.6452E-14  0.5229E-14
  0.4310E-14  0.3606E-14  0.3055E-14  0.2262E-14  0.1735E-14
  0.9866E-15  0.6212E-15  0.4204E-15  0.3004E-15  0.2235E-15
  0.1728E-15  0.6259E-16  0.3032E-16  0.1731E-16  0.1025E-16
  0.6465E-17  0.4869E-17  0.2888E-17  0.9156E-18  0.2345E-29
  0.3721E-11  0.3715E-11  0.3696E-11  0.3665E-11  0.3622E-11
  0.3567E-11  0.3501E-11  0.3340E-11  0.3144E-11  0.2862E-11
  0.2555E-11  0.2238E-11  0.1925E-11  0.1354E-11  0.9011E-12
  0.5763E-12  0.3624E-12  0.1519E-12  0.7902E-13  0.5085E-13
  0.3620E-13  0.2667E-13  0.2012E-13  0.1558E-13  0.1237E-13
  0.1002E-13  0.8263E-14  0.6912E-14  0.5855E-14  0.4335E-14
  0.3326E-14  0.1891E-14  0.1190E-14  0.8057E-15  0.5757E-15
  0.4283E-15  0.3312E-15  0.1200E-15  0.5811E-16  0.3318E-16
  0.1965E-16  0.1241E-16  0.9323E-17  0.5516E-17  0.1749E-17
  0.4417E-29  0.5937E-11  0.5927E-11  0.5899E-11  0.5851E-11
  0.5786E-11  0.5703E-11  0.5603E-11  0.5358E-11  0.5060E-11
  0.4630E-11  0.4158E-11  0.3668E-11  0.3181E-11  0.2282E-11
  0.1554E-11  0.1019E-11  0.6568E-12  0.2838E-12  0.1466E-12
  0.9279E-13  0.6634E-13  0.4981E-13  0.3818E-13  0.2977E-13
  0.2367E-13  0.1918E-13  0.1581E-13  0.1323E-13  0.1120E-13
  0.8294E-14  0.6364E-14  0.3617E-14  0.2277E-14  0.1541E-14
  0.1101E-14  0.8194E-15  0.6336E-15  0.2295E-15  0.1112E-15
  0.6347E-16  0.3762E-16  0.2377E-16  0.1782E-16  0.1052E-16
  0.3336E-17  0.8294E-29  0.9450E-11  0.9435E-11  0.9393E-11
  0.9321E-11  0.9223E-11  0.9098E-11  0.8948E-11  0.8578E-11
  0.8127E-11  0.7473E-11  0.6753E-11  0.6001E-11  0.5247E-11
  0.3841E-11  0.2677E-11  0.1801E-11  0.1191E-11  0.5333E-12
  0.2752E-12  0.1709E-12  0.1219E-12  0.9301E-13  0.7240E-13
  0.5683E-13  0.4525E-13  0.3668E-13  0.3023E-13  0.2529E-13
  0.2142E-13  0.1586E-13  0.1217E-13  0.6916E-14  0.4354E-14
  0.2947E-14  0.2105E-14  0.1566E-14  0.1211E-14  0.4387E-15
  0.2125E-15  0.1213E-15  0.7197E-16  0.4551E-16  0.3403E-16
  0.2004E-16  0.6356E-17  0.1556E-28  0.1502E-10  0.1500E-10
  0.1493E-10  0.1483E-10  0.1468E-10  0.1449E-10  0.1427E-10
  0.1371E-10  0.1303E-10  0.1205E-10  0.1096E-10  0.9808E-11
  0.8650E-11  0.6461E-11  0.4611E-11  0.3184E-11  0.2161E-11
  0.1007E-11  0.5240E-12  0.3207E-12  0.2264E-12  0.1739E-12
  0.1371E-12  0.1085E-12  0.8659E-13  0.7021E-13  0.5786E-13
  0.4840E-13  0.4099E-13  0.3034E-13  0.2328E-13  0.1323E-13
  0.8329E-14  0.5637E-14  0.4028E-14  0.2997E-14  0.2317E-14
  0.8393E-15  0.4065E-15  0.2321E-15  0.1378E-15  0.8721E-16
  0.6506E-16  0.3822E-16  0.1212E-16  0.2920E-28  0.2384E-10
  0.2381E-10  0.2372E-10  0.2356E-10  0.2334E-10  0.2306E-10
  0.2273E-10  0.2190E-10  0.2089E-10  0.1941E-10  0.1776E-10
  0.1602E-10  0.1425E-10  0.1086E-10  0.7938E-11  0.5626E-11
  0.3918E-11  0.1904E-11  0.1005E-11  0.6066E-12  0.4180E-12
  0.3172E-12  0.2525E-12  0.2037E-12  0.1649E-12  0.1344E-12
  0.1109E-12  0.9276E-13  0.7857E-13  0.5816E-13  0.4461E-13
  0.2536E-13  0.1596E-13  0.1080E-13  0.7718E-14  0.5742E-14
  0.4440E-14  0.1608E-14  0.7790E-15  0.4447E-15  0.2642E-15
  0.1674E-15  0.1246E-15  0.7300E-16  0.2315E-16  0.5483E-28
  0.3775E-10  0.3770E-10  0.3756E-10  0.3733E-10  0.3701E-10
  0.3660E-10  0.3610E-10  0.3488E-10  0.3337E-10  0.3117E-10
  0.2871E-10  0.2608E-10  0.2340E-10  0.1820E-10  0.1361E-10
  0.9894E-11  0.7068E-11  0.3586E-11  0.1933E-11  0.1161E-11
  0.7805E-12  0.5783E-12  0.4592E-12  0.3773E-12  0.3116E-12
  0.2568E-12  0.2125E-12  0.1778E-12  0.1506E-12  0.1115E-12
  0.8550E-13  0.4859E-13  0.3059E-13  0.2070E-13  0.1479E-13
  0.1100E-13  0.8508E-14  0.3082E-14  0.1493E-14  0.8521E-15
  0.5066E-15  0.3212E-15  0.2384E-15  0.1394E-15  0.4421E-16
  0.1028E-27  0.5966E-10  0.5960E-10  0.5939E-10  0.5905E-10
  0.5858E-10  0.5798E-10  0.5725E-10  0.5546E-10  0.5324E-10
  0.4998E-10  0.4632E-10  0.4240E-10  0.3836E-10  0.3042E-10
  0.2328E-10  0.1734E-10  0.1270E-10  0.6731E-11  0.3722E-11
  0.2244E-11  0.1487E-11  0.1074E-11  0.8357E-12  0.6849E-12
  0.5746E-12  0.4833E-12  0.4054E-12  0.3409E-12  0.2890E-12
  0.2139E-12  0.1641E-12  0.9326E-13  0.5870E-13  0.3973E-13
  0.2838E-13  0.2112E-13  0.1633E-13  0.5914E-14  0.2864E-14
  0.1635E-14  0.9730E-15  0.6175E-15  0.4572E-15  0.2667E-15
  0.8456E-16  0.1930E-27  0.9437E-10  0.9428E-10  0.9398E-10
  0.9348E-10  0.9280E-10  0.9192E-10  0.9086E-10  0.8824E-10
  0.8499E-10  0.8020E-10  0.7479E-10  0.6896E-10  0.6291E-10
  0.5086E-10  0.3981E-10  0.3038E-10  0.2280E-10  0.1262E-10
  0.7182E-11  0.4375E-11  0.2883E-11  0.2044E-11  0.1550E-11
  0.1248E-11  0.1051E-11  0.9028E-12  0.7728E-12  0.6563E-12
  0.5576E-12  0.4125E-12  0.3164E-12  0.1798E-12  0.1132E-12
  0.7659E-13  0.5472E-13  0.4071E-13  0.3148E-13  0.1140E-13
  0.5522E-14  0.3153E-14  0.1877E-14  0.1192E-14  0.8806E-15
  0.5123E-15  0.1625E-15  0.3635E-27  0.1494E-09  0.1492E-09
  0.1488E-09  0.1481E-09  0.1471E-09  0.1458E-09  0.1443E-09
  0.1405E-09  0.1357E-09  0.1287E-09  0.1208E-09  0.1122E-09
  0.1032E-09  0.8498E-10  0.6795E-10  0.5307E-10  0.4079E-10
  0.2358E-10  0.1385E-10  0.8570E-11  0.5656E-11  0.3975E-11
  0.2958E-11  0.2324E-11  0.1917E-11  0.1638E-11  0.1420E-11
  0.1233E-11  0.1067E-11  0.7985E-12  0.6126E-12  0.3481E-12
  0.2191E-12  0.1482E-12  0.1059E-12  0.7879E-13  0.6093E-13
  0.2207E-13  0.1069E-13  0.6102E-14  0.3636E-14  0.2312E-14
  0.1703E-14  0.9881E-15  0.3134E-15  0.6869E-27  0.2366E-09
  0.2364E-09  0.2358E-09  0.2348E-09  0.2333E-09  0.2315E-09
  0.2293E-09  0.2238E-09  0.2169E-09  0.2068E-09  0.1952E-09
  0.1825E-09  0.1691E-09  0.1419E-09  0.1158E-09  0.9249E-10
  0.7272E-10  0.4390E-10  0.2666E-10  0.1681E-10  0.1117E-10
  0.7831E-11  0.5767E-11  0.4442E-11  0.3568E-11  0.2974E-11
  0.2556E-11  0.2247E-11  0.1993E-11  0.1546E-11  0.1192E-11
  0.6771E-12  0.4261E-12  0.2884E-12  0.2060E-12  0.1532E-12
  0.1185E-12  0.4292E-13  0.2079E-13  0.1187E-13  0.7077E-14
  0.4505E-14  0.3309E-14  0.1915E-14  0.6073E-15  0.1302E-26
  0.3754E-09  0.3751E-09  0.3743E-09  0.3728E-09  0.3707E-09
  0.3681E-09  0.3649E-09  0.3570E-09  0.3471E-09  0.3324E-09
  0.3155E-09  0.2970E-09  0.2773E-09  0.2367E-09  0.1970E-09
  0.1607E-09  0.1291E-09  0.8133E-10  0.5112E-10  0.3297E-10
  0.2215E-10  0.1557E-10  0.1142E-10  0.8712E-11  0.6881E-11
  0.5613E-11  0.4725E-11  0.4107E-11  0.3663E-11  0.2960E-11
  0.2329E-11  0.1324E-11  0.8332E-12  0.5638E-12  0.4028E-12
  0.2996E-12  0.2317E-12  0.8393E-13  0.4065E-13  0.2320E-13
  0.1385E-13  0.8824E-14  0.6464E-14  0.3731E-14  0.1183E-14
  0.2479E-26  0.5969E-09  0.5965E-09  0.5953E-09  0.5931E-09
  0.5902E-09  0.5865E-09  0.5819E-09  0.5706E-09  0.5565E-09
  0.5353E-09  0.5109E-09  0.4839E-09  0.4551E-09  0.3947E-09
  0.3347E-09  0.2785E-09  0.2285E-09  0.1499E-09  0.9765E-10
  0.6461E-10  0.4404E-10  0.3115E-10  0.2287E-10  0.1737E-10
  0.1360E-10  0.1095E-10  0.9050E-11  0.7697E-11  0.6735E-11
  0.5451E-11  0.4486E-11  0.2609E-11  0.1640E-11  0.1110E-11
  0.7927E-12  0.5897E-12  0.4561E-12  0.1652E-12  0.7999E-13
  0.4566E-13  0.2728E-13  0.1740E-13  0.1271E-13  0.7315E-14
  0.2320E-14  0.4741E-26  0.9526E-09  0.9520E-09  0.9502E-09
  0.9472E-09  0.9430E-09  0.9377E-09  0.9312E-09  0.9151E-09
  0.8948E-09  0.8645E-09  0.8293E-09  0.7901E-09  0.7481E-09
  0.6589E-09  0.5685E-09  0.4821E-09  0.4035E-09  0.2755E-09
  0.1859E-09  0.1265E-09  0.8779E-10  0.6269E-10  0.4620E-10
  0.3510E-10  0.2741E-10  0.2191E-10  0.1791E-10  0.1498E-10
  0.1282E-10  0.9989E-11  0.8229E-11  0.5126E-11  0.3256E-11
  0.2203E-11  0.1574E-11  0.1171E-11  0.9054E-12  0.3279E-12
  0.1588E-12  0.9065E-13  0.5420E-13  0.3460E-13  0.2521E-13
  0.1447E-13  0.4588E-14  0.9120E-26  0.1527E-08  0.1527E-08
  0.1524E-08  0.1520E-08  0.1514E-08  0.1506E-08  0.1497E-08
  0.1474E-08  0.1445E-08  0.1402E-08  0.1351E-08  0.1295E-08
  0.1234E-08  0.1102E-08  0.9669E-09  0.8348E-09  0.7118E-09
  0.5049E-09  0.3531E-09  0.2473E-09  0.1753E-09  0.1268E-09
  0.9408E-10  0.7168E-10  0.5598E-10  0.4468E-10  0.3635E-10
  0.3014E-10  0.2545E-10  0.1911E-10  0.1534E-10  0.1023E-10
  0.6538E-11  0.4418E-11  0.3156E-11  0.2348E-11  0.1816E-11
  0.6577E-12  0.3185E-12  0.1818E-12  0.1088E-12  0.6953E-13
  0.5051E-13  0.2890E-13  0.9166E-14  0.1769E-25  0.2468E-08
  0.2467E-08  0.2463E-08  0.2457E-08  0.2449E-08  0.2438E-08
  0.2425E-08  0.2393E-08  0.2352E-08  0.2290E-08  0.2218E-08
  0.2136E-08  0.2048E-08  0.1855E-08  0.1652E-08  0.1451E-08
  0.1259E-08  0.9257E-09  0.6699E-09  0.4834E-09  0.3510E-09
  0.2583E-09  0.1936E-09  0.1482E-09  0.1160E-09  0.9260E-10
  0.7526E-10  0.6216E-10  0.5214E-10  0.3831E-10  0.2991E-10
  0.1935E-10  0.1316E-10  0.8987E-11  0.6420E-11  0.4776E-11
  0.3694E-11  0.1338E-11  0.6478E-12  0.3698E-12  0.2215E-12
  0.1417E-12  0.1026E-12  0.5854E-13  0.1857E-13  0.3468E-25
  0.4028E-08  0.4026E-08  0.4022E-08  0.4013E-08  0.4001E-08
  0.3986E-08  0.3968E-08  0.3922E-08  0.3864E-08  0.3776E-08
  0.3673E-08  0.3556E-08  0.3428E-08  0.3145E-08  0.2843E-08
  0.2535E-08  0.2237E-08  0.1701E-08  0.1272E-08  0.9458E-09
  0.7046E-09  0.5291E-09  0.4021E-09  0.3104E-09  0.2439E-09
  0.1951E-09  0.1587E-09  0.1311E-09  0.1097E-09  0.7976E-10
  0.6076E-10  0.3685E-10  0.2712E-10  0.1861E-10  0.1328E-10
  0.9878E-11  0.7640E-11  0.2767E-11  0.1340E-11  0.7648E-12
  0.4585E-12  0.2937E-12  0.2121E-12  0.1206E-12  0.3824E-13
  0.6891E-25  0.6662E-08  0.6660E-08  0.6653E-08  0.6641E-08
  0.6625E-08  0.6604E-08  0.6578E-08  0.6513E-08  0.6431E-08
  0.6306E-08  0.6159E-08  0.5990E-08  0.5804E-08  0.5389E-08
  0.4936E-08  0.4467E-08  0.4001E-08  0.3142E-08  0.2425E-08
  0.1858E-08  0.1422E-08  0.1091E-08  0.8441E-09  0.6598E-09
  0.5224E-09  0.4196E-09  0.3419E-09  0.2827E-09  0.2368E-09
  0.1717E-09  0.1295E-09  0.7439E-10  0.5327E-10  0.3933E-10
  0.2812E-10  0.2089E-10  0.1616E-10  0.5852E-11  0.2833E-11
  0.1617E-11  0.9706E-12  0.6226E-12  0.4480E-12  0.2538E-12
  0.8052E-13  0.1393E-24  0.1121E-07  0.1121E-07  0.1120E-07
  0.1118E-07  0.1116E-07  0.1113E-07  0.1109E-07  0.1100E-07
  0.1088E-07  0.1070E-07  0.1049E-07  0.1025E-07  0.9976E-08
  0.9365E-08  0.8685E-08  0.7965E-08  0.7239E-08  0.5857E-08
  0.4661E-08  0.3677E-08  0.2890E-08  0.2272E-08  0.1793E-08
  0.1424E-08  0.1141E-08  0.9230E-09  0.7552E-09  0.6255E-09
  0.5245E-09  0.3806E-09  0.2866E-09  0.1589E-09  0.1054E-09
  0.7880E-10  0.6103E-10  0.4544E-10  0.3511E-10  0.1271E-10
  0.6155E-11  0.3514E-11  0.2111E-11  0.1356E-11  0.9722E-12
  0.5489E-12  0.1741E-12  0.2872E-24  0.1919E-07  0.1918E-07
  0.1917E-07  0.1914E-07  0.1911E-07  0.1907E-07  0.1902E-07
  0.1889E-07  0.1872E-07  0.1847E-07  0.1816E-07  0.1781E-07
  0.1741E-07  0.1651E-07  0.1549E-07  0.1438E-07  0.1325E-07
  0.1102E-07  0.9027E-08  0.7324E-08  0.5913E-08  0.4763E-08
  0.3839E-08  0.3105E-08  0.2525E-08  0.2067E-08  0.1705E-08
  0.1419E-08  0.1192E-08  0.8672E-09  0.6538E-09  0.3583E-09
  0.2258E-09  0.1597E-09  0.1259E-09  0.1016E-09  0.7854E-10
  0.2839E-10  0.1375E-10  0.7846E-11  0.4719E-11  0.3035E-11
  0.2168E-11  0.1220E-11  0.3869E-12  0.6048E-24  0.3343E-07
  0.3343E-07  0.3341E-07  0.3337E-07  0.3333E-07  0.3327E-07
  0.3319E-07  0.3301E-07  0.3277E-07  0.3241E-07  0.3197E-07
  0.3146E-07  0.3089E-07  0.2955E-07  0.2801E-07  0.2632E-07
  0.2455E-07  0.2097E-07  0.1763E-07  0.1468E-07  0.1216E-07
  0.1004E-07  0.8272E-08  0.6823E-08  0.5642E-08  0.4686E-08
  0.3911E-08  0.3284E-08  0.2777E-08  0.2029E-08  0.1532E-08
  0.8399E-09  0.5166E-09  0.3502E-09  0.2622E-09  0.2145E-09
  0.1802E-09  0.6525E-10  0.3157E-10  0.1802E-10  0.1085E-10
  0.6990E-11  0.4975E-11  0.2787E-11  0.8840E-12  0.1301E-23
  0.5949E-07  0.5948E-07  0.5946E-07  0.5941E-07  0.5934E-07
  0.5926E-07  0.5915E-07  0.5890E-07  0.5856E-07  0.5804E-07
  0.5741E-07  0.5668E-07  0.5584E-07  0.5387E-07  0.5156E-07
  0.4896E-07  0.4618E-07  0.4043E-07  0.3484E-07  0.2973E-07
  0.2521E-07  0.2131E-07  0.1797E-07  0.1514E-07  0.1276E-07
  0.1077E-07  0.9113E-08  0.7746E-08  0.6615E-08  0.4896E-08
  0.3713E-08  0.2041E-08  0.1244E-08  0.8256E-09  0.5940E-09
  0.4630E-09  0.3894E-09  0.1547E-09  0.7506E-10  0.4285E-10
  0.2583E-10  0.1666E-10  0.1181E-10  0.6589E-11  0.2090E-11
  0.2865E-23  0.1083E-06  0.1083E-06  0.1083E-06  0.1082E-06
  0.1081E-06  0.1080E-06  0.1078E-06  0.1075E-06  0.1070E-06
  0.1063E-06  0.1054E-06  0.1043E-06  0.1031E-06  0.1002E-06
  0.9671E-07  0.9271E-07  0.8837E-07  0.7911E-07  0.6979E-07
  0.6096E-07  0.5289E-07  0.4571E-07  0.3942E-07  0.3393E-07
  0.2917E-07  0.2507E-07  0.2156E-07  0.1859E-07  0.1607E-07
  0.1213E-07  0.9320E-08  0.5154E-08  0.3152E-08  0.2076E-08
  0.1459E-08  0.1095E-08  0.8780E-09  0.3815E-09  0.1857E-09
  0.1060E-09  0.6400E-10  0.4136E-10  0.2919E-10  0.1621E-10
  0.5142E-11  0.6493E-23  0.2027E-06  0.2027E-06  0.2027E-06
  0.2026E-06  0.2025E-06  0.2023E-06  0.2021E-06  0.2016E-06
  0.2009E-06  0.1999E-06  0.1986E-06  0.1971E-06  0.1954E-06
  0.1911E-06  0.1859E-06  0.1797E-06  0.1729E-06  0.1580E-06
  0.1425E-06  0.1273E-06  0.1129E-06  0.9964E-07  0.8770E-07
  0.7709E-07  0.6766E-07  0.5932E-07  0.5196E-07  0.4553E-07
  0.3992E-07  0.3088E-07  0.2416E-07  0.1367E-07  0.8399E-08
  0.5546E-08  0.3865E-08  0.2842E-08  0.2213E-08  0.1012E-08
  0.4833E-09  0.2757E-09  0.1667E-09  0.1079E-09  0.7581E-10
  0.4188E-10  0.1329E-10  0.1526E-22  0.3955E-06  0.3955E-06
  0.3954E-06  0.3953E-06  0.3951E-06  0.3949E-06  0.3946E-06
  0.3939E-06  0.3930E-06  0.3916E-06  0.3899E-06  0.3877E-06
  0.3853E-06  0.3791E-06  0.3713E-06  0.3618E-06  0.3511E-06
  0.3269E-06  0.3009E-06  0.2746E-06  0.2488E-06  0.2242E-06
  0.2013E-06  0.1804E-06  0.1614E-06  0.1444E-06  0.1290E-06
  0.1151E-06  0.1027E-06  0.8183E-07  0.6555E-07  0.3869E-07
  0.2402E-07  0.1590E-07  0.1113E-07  0.8121E-08  0.6226E-08
  0.2535E-08  0.1346E-08  0.7704E-09  0.4666E-09  0.3026E-09
  0.2116E-09  0.1162E-09  0.3689E-10  0.3769E-22  0.8122E-06
  0.8122E-06  0.8122E-06  0.8119E-06  0.8117E-06  0.8114E-06
  0.8111E-06  0.8102E-06  0.8091E-06  0.8072E-06  0.8049E-06
  0.8020E-06  0.7986E-06  0.7897E-06  0.7782E-06  0.7636E-06
  0.7466E-06  0.7069E-06  0.6626E-06  0.6167E-06  0.5706E-06
  0.5252E-06  0.4812E-06  0.4394E-06  0.4004E-06  0.3645E-06
  0.3317E-06  0.3017E-06  0.2743E-06  0.2264E-06  0.1867E-06
  0.1162E-06  0.7480E-07  0.4995E-07  0.3491E-07  0.2552E-07
  0.1952E-07  0.7000E-08  0.4240E-08  0.2355E-08  0.1428E-08
  0.9280E-09  0.6453E-09  0.3525E-09  0.1119E-09  0.9930E-22
  0.1774E-05  0.1774E-05  0.1774E-05  0.1774E-05  0.1773E-05
  0.1773E-05  0.1773E-05  0.1772E-05  0.1770E-05  0.1768E-05
  0.1765E-05  0.1761E-05  0.1757E-05  0.1744E-05  0.1728E-05
  0.1705E-05  0.1679E-05  0.1614E-05  0.1538E-05  0.1456E-05
  0.1372E-05  0.1288E-05  0.1204E-05  0.1122E-05  0.1042E-05
  0.9661E-06  0.8937E-06  0.8261E-06  0.7635E-06  0.6524E-06
  0.5570E-06  0.3724E-06  0.2510E-06  0.1733E-06  0.1231E-06
  0.8972E-07  0.6817E-07  0.2345E-07  0.1260E-07  0.8329E-08
  0.4867E-08  0.3168E-08  0.2190E-08  0.1188E-08  0.3771E-09
  0.2824E-21  0.4151E-05  0.4151E-05  0.4151E-05  0.4150E-05
  0.4150E-05  0.4150E-05  0.4149E-05  0.4148E-05  0.4146E-05
  0.4143E-05  0.4140E-05  0.4135E-05  0.4129E-05  0.4113E-05
  0.4090E-05  0.4058E-05  0.4018E-05  0.3914E-05  0.3784E-05
  0.3638E-05  0.3481E-05  0.3321E-05  0.3159E-05  0.2998E-05
  0.2838E-05  0.2681E-05  0.2527E-05  0.2377E-05  0.2232E-05
  0.1962E-05  0.1725E-05  0.1249E-05  0.8991E-06  0.6489E-06
  0.4736E-06  0.3548E-06  0.2726E-06  0.9243E-07  0.4390E-07
  0.2738E-07  0.1961E-07  0.1282E-07  0.8363E-08  0.4498E-08
  0.1428E-08  0.8750E-21  0.1042E-04  0.1042E-04  0.1042E-04
  0.1042E-04  0.1042E-04  0.1042E-04  0.1042E-04  0.1042E-04
  0.1042E-04  0.1041E-04  0.1041E-04  0.1040E-04  0.1040E-04
  0.1038E-04  0.1035E-04  0.1031E-04  0.1025E-04  0.1009E-04
  0.9879E-05  0.9617E-05  0.9323E-05  0.9012E-05  0.8691E-05
  0.8367E-05  0.8040E-05  0.7715E-05  0.7391E-05  0.7071E-05
  0.6754E-05  0.6138E-05  0.5551E-05  0.4275E-05  0.3303E-05
  0.2537E-05  0.1943E-05  0.1499E-05  0.1172E-05  0.4074E-06
  0.1897E-06  0.1067E-06  0.7063E-07  0.4738E-07  0.3783E-07
  0.1902E-07  0.6037E-08  0.2937E-20  0.2880E-04  0.2880E-04
  0.2880E-04  0.2879E-04  0.2879E-04  0.2879E-04  0.2879E-04
  0.2879E-04  0.2879E-04  0.2878E-04  0.2878E-04  0.2877E-04
  0.2877E-04  0.2874E-04  0.2871E-04  0.2865E-04  0.2857E-04
  0.2835E-04  0.2801E-04  0.2756E-04  0.2701E-04  0.2640E-04
  0.2575E-04  0.2507E-04  0.2437E-04  0.2367E-04  0.2296E-04
  0.2225E-04  0.2154E-04  0.2013E-04  0.1874E-04  0.1544E-04
  0.1253E-04  0.1023E-04  0.8325E-05  0.6750E-05  0.5489E-05
  0.2105E-05  0.9659E-06  0.5366E-06  0.3236E-06  0.2096E-06
  0.1552E-06  0.9923E-07  0.2944E-07  0.1103E-19  0.8861E-04
  0.8861E-04  0.8861E-04  0.8861E-04  0.8861E-04  0.8860E-04
  0.8860E-04  0.8860E-04  0.8861E-04  0.8859E-04  0.8858E-04
  0.8857E-04  0.8857E-04  0.8852E-04  0.8848E-04  0.8839E-04
  0.8828E-04  0.8796E-04  0.8747E-04  0.8673E-04  0.8573E-04
  0.8452E-04  0.8315E-04  0.8167E-04  0.8011E-04  0.7851E-04
  0.7685E-04  0.7518E-04  0.7349E-04  0.7007E-04  0.6664E-04
  0.5819E-04  0.4999E-04  0.4244E-04  0.3610E-04  0.3078E-04
  0.2619E-04  0.1152E-04  0.5637E-05  0.3090E-05  0.1863E-05
  0.1195E-05  0.8003E-06  0.4545E-06  0.1729E-06  0.4593E-19
  0.3046E-03  0.3046E-03  0.3046E-03  0.3046E-03  0.3046E-03
  0.3046E-03  0.3046E-03  0.3046E-03  0.3046E-03  0.3046E-03
  0.3046E-03  0.3046E-03  0.3046E-03  0.3045E-03  0.3044E-03
  0.3042E-03  0.3040E-03  0.3034E-03  0.3027E-03  0.3015E-03
  0.2997E-03  0.2973E-03  0.2943E-03  0.2910E-03  0.2873E-03
  0.2834E-03  0.2793E-03  0.2751E-03  0.2707E-03  0.2617E-03
  0.2525E-03  0.2291E-03  0.2059E-03  0.1830E-03  0.1609E-03
  0.1410E-03  0.1243E-03  0.6436E-04  0.3395E-04  0.1933E-04
  0.1158E-04  0.7564E-05  0.4914E-05  0.2514E-05  0.8604E-06
  0.2086E-18  0.1170E-02  0.1170E-02  0.1170E-02  0.1170E-02
  0.1170E-02  0.1170E-02  0.1170E-02  0.1170E-02  0.1170E-02
  0.1169E-02  0.1170E-02  0.1169E-02  0.1169E-02  0.1169E-02
  0.1169E-02  0.1168E-02  0.1168E-02  0.1166E-02  0.1165E-02
  0.1163E-02  0.1160E-02  0.1155E-02  0.1148E-02  0.1140E-02
  0.1130E-02  0.1120E-02  0.1109E-02  0.1097E-02  0.1085E-02
  0.1059E-02  0.1032E-02  0.9613E-03  0.8876E-03  0.8150E-03
  0.7428E-03  0.6710E-03  0.6023E-03  0.3541E-03  0.2041E-03
  0.1224E-03  0.7501E-04  0.4863E-04  0.3175E-04  0.1592E-04
  0.4981E-05  0.1034E-17  0.4868E-02  0.4868E-02  0.4868E-02
  0.4868E-02  0.4868E-02  0.4868E-02  0.4868E-02  0.4868E-02
  0.4869E-02  0.4868E-02  0.4868E-02  0.4868E-02  0.4868E-02
  0.4867E-02  0.4866E-02  0.4864E-02  0.4862E-02  0.4858E-02
  0.4853E-02  0.4849E-02  0.4842E-02  0.4832E-02  0.4816E-02
  0.4795E-02  0.4767E-02  0.4737E-02  0.4704E-02  0.4669E-02
  0.4633E-02  0.4556E-02  0.4471E-02  0.4239E-02  0.3992E-02
  0.3735E-02  0.3481E-02  0.3230E-02  0.2976E-02  0.1905E-02
  0.1204E-02  0.7547E-03  0.4815E-03  0.3177E-03  0.2036E-03
  0.1016E-03  0.3148E-04  0.5454E-17  0.1938E-01  0.1938E-01
  0.1938E-01  0.1938E-01  0.1938E-01  0.1938E-01  0.1938E-01
  0.1938E-01  0.1939E-01  0.1938E-01  0.1938E-01  0.1938E-01
  0.1938E-01  0.1938E-01  0.1938E-01  0.1937E-01  0.1936E-01
  0.1935E-01  0.1933E-01  0.1932E-01  0.1930E-01  0.1928E-01
  0.1925E-01  0.1920E-01  0.1914E-01  0.1906E-01  0.1896E-01
  0.1886E-01  0.1875E-01  0.1853E-01  0.1830E-01  0.1763E-01
  0.1687E-01  0.1606E-01  0.1523E-01  0.1438E-01  0.1353E-01
  0.9535E-02  0.6586E-02  0.4495E-02  0.3008E-02  0.2046E-02
  0.1342E-02  0.6541E-03  0.2018E-03  0.3112E-16  0.6077E-01
  0.6077E-01  0.6077E-01  0.6076E-01  0.6077E-01  0.6076E-01
  0.6076E-01  0.6076E-01  0.6077E-01  0.6076E-01  0.6077E-01
  0.6076E-01  0.6077E-01  0.6076E-01  0.6075E-01  0.6073E-01
  0.6072E-01  0.6068E-01  0.6064E-01  0.6060E-01  0.6057E-01
  0.6053E-01  0.6047E-01  0.6039E-01  0.6028E-01  0.6015E-01
  0.5996E-01  0.5975E-01  0.5950E-01  0.5896E-01  0.5841E-01
  0.5694E-01  0.5525E-01  0.5342E-01  0.5144E-01  0.4939E-01
  0.4729E-01  0.3671E-01  0.2757E-01  0.2053E-01  0.1504E-01
  0.1100E-01  0.7479E-02  0.3871E-02  0.1213E-02  0.1817E-15
  0.1499E+00  0.1499E+00  0.1499E+00  0.1499E+00  0.1499E+00
  0.1499E+00  0.1499E+00  0.1499E+00  0.1499E+00  0.1499E+00
  0.1499E+00  0.1499E+00  0.1499E+00  0.1499E+00  0.1499E+00
  0.1498E+00  0.1498E+00  0.1497E+00  0.1496E+00  0.1496E+00
  0.1495E+00  0.1494E+00  0.1493E+00  0.1492E+00  0.1491E+00
  0.1489E+00  0.1486E+00  0.1483E+00  0.1480E+00  0.1471E+00
  0.1460E+00  0.1431E+00  0.1401E+00  0.1369E+00  0.1334E+00
  0.1298E+00  0.1259E+00  0.1051E+00  0.8517E-01  0.6810E-01
  0.5324E-01  0.4185E-01  0.3018E-01  0.1707E-01  0.5599E-02
  0.8927E-15  0.3067E+00  0.3066E+00  0.3066E+00  0.3066E+00
  0.3066E+00  0.3066E+00  0.3066E+00  0.3066E+00  0.3067E+00
  0.3066E+00  0.3067E+00  0.3067E+00  0.3067E+00  0.3066E+00
  0.3066E+00  0.3065E+00  0.3065E+00  0.3064E+00  0.3062E+00
  0.3061E+00  0.3059E+00  0.3058E+00  0.3057E+00  0.3055E+00
  0.3053E+00  0.3051E+00  0.3048E+00  0.3044E+00  0.3040E+00
  0.3028E+00  0.3013E+00  0.2965E+00  0.2915E+00  0.2866E+00
  0.2814E+00  0.2759E+00  0.2700E+00  0.2375E+00  0.2035E+00
  0.1719E+00  0.1423E+00  0.1173E+00  0.8846E-01  0.5486E-01
  0.1938E-01  0.3447E-14  0.5614E+00  0.5614E+00  0.5614E+00
  0.5614E+00  0.5614E+00  0.5614E+00  0.5614E+00  0.5614E+00
  0.5615E+00  0.5614E+00  0.5615E+00  0.5614E+00  0.5615E+00
  0.5614E+00  0.5614E+00  0.5613E+00  0.5612E+00  0.5610E+00
  0.5607E+00  0.5605E+00  0.5603E+00  0.5602E+00  0.5599E+00
  0.5597E+00  0.5594E+00  0.5591E+00  0.5588E+00  0.5584E+00
  0.5578E+00  0.5566E+00  0.5548E+00  0.5487E+00  0.5406E+00
  0.5327E+00  0.5251E+00  0.5174E+00  0.5093E+00  0.4644E+00
  0.4146E+00  0.3647E+00  0.3149E+00  0.2704E+00  0.2115E+00
  0.1402E+00  0.5302E-01  0.1084E-13  0.9592E+00  0.9592E+00
  0.9592E+00  0.9591E+00  0.9592E+00  0.9592E+00  0.9592E+00
  0.9592E+00  0.9593E+00  0.9592E+00  0.9593E+00  0.9592E+00
  0.9593E+00  0.9592E+00  0.9593E+00  0.9591E+00  0.9590E+00
  0.9586E+00  0.9582E+00  0.9579E+00  0.9576E+00  0.9574E+00
  0.9570E+00  0.9567E+00  0.9563E+00  0.9560E+00  0.9555E+00
  0.9550E+00  0.9544E+00  0.9529E+00  0.9511E+00  0.9444E+00
  0.9339E+00  0.9214E+00  0.9096E+00  0.8985E+00  0.8875E+00
  0.8284E+00  0.7621E+00  0.6921E+00  0.6164E+00  0.5460E+00
  0.4397E+00  0.3081E+00  0.1223E+00  0.2927E-13  0.1566E+01
  0.1566E+01  0.1566E+01  0.1566E+01  0.1566E+01  0.1566E+01
  0.1566E+01  0.1566E+01  0.1566E+01  0.1566E+01  0.1566E+01
  0.1566E+01  0.1566E+01  0.1566E+01  0.1566E+01  0.1566E+01
  0.1566E+01  0.1565E+01  0.1565E+01  0.1564E+01  0.1564E+01
  0.1564E+01  0.1563E+01  0.1563E+01  0.1562E+01  0.1562E+01
  0.1561E+01  0.1561E+01  0.1560E+01  0.1558E+01  0.1556E+01
  0.1549E+01  0.1538E+01  0.1521E+01  0.1503E+01  0.1486E+01
  0.1470E+01  0.1392E+01  0.1308E+01  0.1217E+01  0.1112E+01
  0.1009E+01  0.8298E+00  0.6090E+00  0.2514E+00  0.7077E-13
